"Device: USB-205"
"Serial Number: 22B4008"
"Channel Count: 1"
"Sample Count: 10752"
"Start Time: 2025-08-23 2:33:32.580 PM"
"Scan Rate: 1000"
"Sample","Date/Time","AI0 (V)"
"0","2025-08-23 2:33:32.580 PM","1.653"
"1","2025-08-23 2:33:32.581 PM","1.653"
"2","2025-08-23 2:33:32.582 PM","1.643"
"3","2025-08-23 2:33:32.583 PM","1.673"
"4","2025-08-23 2:33:32.584 PM","1.658"
"5","2025-08-23 2:33:32.585 PM","1.658"
"6","2025-08-23 2:33:32.586 PM","1.658"
"7","2025-08-23 2:33:32.587 PM","1.663"
"8","2025-08-23 2:33:32.588 PM","1.653"
"9","2025-08-23 2:33:32.589 PM","1.653"
"10","2025-08-23 2:33:32.590 PM","1.653"
"11","2025-08-23 2:33:32.591 PM","1.653"
"12","2025-08-23 2:33:32.592 PM","1.658"
"13","2025-08-23 2:33:32.593 PM","1.766"
"14","2025-08-23 2:33:32.594 PM","1.766"
"15","2025-08-23 2:33:32.595 PM","1.766"
"16","2025-08-23 2:33:32.596 PM","1.766"
"17","2025-08-23 2:33:32.597 PM","1.766"
"18","2025-08-23 2:33:32.598 PM","1.770"
"19","2025-08-23 2:33:32.599 PM","1.766"
"20","2025-08-23 2:33:32.600 PM","1.766"
"21","2025-08-23 2:33:32.601 PM","1.766"
"22","2025-08-23 2:33:32.602 PM","1.766"
"23","2025-08-23 2:33:32.603 PM","1.766"
"24","2025-08-23 2:33:32.604 PM","1.766"
"25","2025-08-23 2:33:32.605 PM","1.766"
"26","2025-08-23 2:33:32.606 PM","1.766"
"27","2025-08-23 2:33:32.607 PM","1.770"
"28","2025-08-23 2:33:32.608 PM","1.770"
"29","2025-08-23 2:33:32.609 PM","1.653"
"30","2025-08-23 2:33:32.610 PM","1.653"
"31","2025-08-23 2:33:32.611 PM","1.658"
"32","2025-08-23 2:33:32.612 PM","1.653"
"33","2025-08-23 2:33:32.613 PM","1.658"
"34","2025-08-23 2:33:32.614 PM","1.653"
"35","2025-08-23 2:33:32.615 PM","1.648"
"36","2025-08-23 2:33:32.616 PM","1.658"
"37","2025-08-23 2:33:32.617 PM","1.658"
"38","2025-08-23 2:33:32.618 PM","1.658"
"39","2025-08-23 2:33:32.619 PM","1.663"
"40","2025-08-23 2:33:32.620 PM","1.653"
"41","2025-08-23 2:33:32.621 PM","1.648"
"42","2025-08-23 2:33:32.622 PM","1.653"
"43","2025-08-23 2:33:32.623 PM","1.653"
"44","2025-08-23 2:33:32.624 PM","1.653"
"45","2025-08-23 2:33:32.625 PM","1.653"
"46","2025-08-23 2:33:32.626 PM","1.770"
"47","2025-08-23 2:33:32.627 PM","1.766"
"48","2025-08-23 2:33:32.628 PM","1.766"
"49","2025-08-23 2:33:32.629 PM","1.766"
"50","2025-08-23 2:33:32.630 PM","1.766"
"51","2025-08-23 2:33:32.631 PM","1.770"
"52","2025-08-23 2:33:32.632 PM","1.766"
"53","2025-08-23 2:33:32.633 PM","1.766"
"54","2025-08-23 2:33:32.634 PM","1.766"
"55","2025-08-23 2:33:32.635 PM","1.766"
"56","2025-08-23 2:33:32.636 PM","1.766"
"57","2025-08-23 2:33:32.637 PM","1.761"
"58","2025-08-23 2:33:32.638 PM","1.761"
"59","2025-08-23 2:33:32.639 PM","1.766"
"60","2025-08-23 2:33:32.640 PM","1.766"
"61","2025-08-23 2:33:32.641 PM","1.766"
"62","2025-08-23 2:33:32.642 PM","1.653"
"63","2025-08-23 2:33:32.643 PM","1.653"
"64","2025-08-23 2:33:32.644 PM","1.653"
"65","2025-08-23 2:33:32.645 PM","1.653"
"66","2025-08-23 2:33:32.646 PM","1.653"
"67","2025-08-23 2:33:32.647 PM","1.653"
"68","2025-08-23 2:33:32.648 PM","1.658"
"69","2025-08-23 2:33:32.649 PM","1.658"
"70","2025-08-23 2:33:32.650 PM","1.658"
"71","2025-08-23 2:33:32.651 PM","1.663"
"72","2025-08-23 2:33:32.652 PM","1.653"
"73","2025-08-23 2:33:32.653 PM","1.653"
"74","2025-08-23 2:33:32.654 PM","1.653"
"75","2025-08-23 2:33:32.655 PM","1.653"
"76","2025-08-23 2:33:32.656 PM","1.653"
"77","2025-08-23 2:33:32.657 PM","1.653"
"78","2025-08-23 2:33:32.658 PM","1.653"
"79","2025-08-23 2:33:32.659 PM","1.766"
"80","2025-08-23 2:33:32.660 PM","1.770"
"81","2025-08-23 2:33:32.661 PM","1.766"
"82","2025-08-23 2:33:32.662 PM","1.766"
"83","2025-08-23 2:33:32.663 PM","1.770"
"84","2025-08-23 2:33:32.664 PM","1.770"
"85","2025-08-23 2:33:32.665 PM","1.766"
"86","2025-08-23 2:33:32.666 PM","1.766"
"87","2025-08-23 2:33:32.667 PM","1.766"
"88","2025-08-23 2:33:32.668 PM","1.766"
"89","2025-08-23 2:33:32.669 PM","1.766"
"90","2025-08-23 2:33:32.670 PM","1.766"
"91","2025-08-23 2:33:32.671 PM","1.766"
"92","2025-08-23 2:33:32.672 PM","1.766"
"93","2025-08-23 2:33:32.673 PM","1.766"
"94","2025-08-23 2:33:32.674 PM","1.766"
"95","2025-08-23 2:33:32.675 PM","1.653"
"96","2025-08-23 2:33:32.676 PM","1.653"
"97","2025-08-23 2:33:32.677 PM","1.658"
"98","2025-08-23 2:33:32.678 PM","1.653"
"99","2025-08-23 2:33:32.679 PM","1.653"
"100","2025-08-23 2:33:32.680 PM","1.653"
"101","2025-08-23 2:33:32.681 PM","1.658"
"102","2025-08-23 2:33:32.682 PM","1.658"
"103","2025-08-23 2:33:32.683 PM","1.663"
"104","2025-08-23 2:33:32.684 PM","1.663"
"105","2025-08-23 2:33:32.685 PM","1.653"
"106","2025-08-23 2:33:32.686 PM","1.653"
"107","2025-08-23 2:33:32.687 PM","1.653"
"108","2025-08-23 2:33:32.688 PM","1.653"
"109","2025-08-23 2:33:32.689 PM","1.653"
"110","2025-08-23 2:33:32.690 PM","1.653"
"111","2025-08-23 2:33:32.691 PM","1.653"
"112","2025-08-23 2:33:32.692 PM","1.766"
"113","2025-08-23 2:33:32.693 PM","1.766"
"114","2025-08-23 2:33:32.694 PM","1.770"
"115","2025-08-23 2:33:32.695 PM","1.770"
"116","2025-08-23 2:33:32.696 PM","1.766"
"117","2025-08-23 2:33:32.697 PM","1.766"
"118","2025-08-23 2:33:32.698 PM","1.766"
"119","2025-08-23 2:33:32.699 PM","1.766"
"120","2025-08-23 2:33:32.700 PM","1.766"
"121","2025-08-23 2:33:32.701 PM","1.766"
"122","2025-08-23 2:33:32.702 PM","1.766"
"123","2025-08-23 2:33:32.703 PM","1.766"
"124","2025-08-23 2:33:32.704 PM","1.766"
"125","2025-08-23 2:33:32.705 PM","1.766"
"126","2025-08-23 2:33:32.706 PM","1.766"
"127","2025-08-23 2:33:32.707 PM","1.766"
"128","2025-08-23 2:33:32.708 PM","1.653"
"129","2025-08-23 2:33:32.709 PM","1.653"
"130","2025-08-23 2:33:32.710 PM","1.653"
"131","2025-08-23 2:33:32.711 PM","1.653"
"132","2025-08-23 2:33:32.712 PM","1.658"
"133","2025-08-23 2:33:32.713 PM","1.653"
"134","2025-08-23 2:33:32.714 PM","1.658"
"135","2025-08-23 2:33:32.715 PM","1.658"
"136","2025-08-23 2:33:32.716 PM","1.663"
"137","2025-08-23 2:33:32.717 PM","1.653"
"138","2025-08-23 2:33:32.718 PM","1.653"
"139","2025-08-23 2:33:32.719 PM","1.653"
"140","2025-08-23 2:33:32.720 PM","1.653"
"141","2025-08-23 2:33:32.721 PM","1.653"
"142","2025-08-23 2:33:32.722 PM","1.653"
"143","2025-08-23 2:33:32.723 PM","1.653"
"144","2025-08-23 2:33:32.724 PM","1.658"
"145","2025-08-23 2:33:32.725 PM","1.770"
"146","2025-08-23 2:33:32.726 PM","1.770"
"147","2025-08-23 2:33:32.727 PM","1.766"
"148","2025-08-23 2:33:32.728 PM","1.770"
"149","2025-08-23 2:33:32.729 PM","1.770"
"150","2025-08-23 2:33:32.730 PM","1.766"
"151","2025-08-23 2:33:32.731 PM","1.766"
"152","2025-08-23 2:33:32.732 PM","1.766"
"153","2025-08-23 2:33:32.733 PM","1.766"
"154","2025-08-23 2:33:32.734 PM","1.766"
"155","2025-08-23 2:33:32.735 PM","1.766"
"156","2025-08-23 2:33:32.736 PM","1.766"
"157","2025-08-23 2:33:32.737 PM","1.766"
"158","2025-08-23 2:33:32.738 PM","1.761"
"159","2025-08-23 2:33:32.739 PM","1.766"
"160","2025-08-23 2:33:32.740 PM","1.766"
"161","2025-08-23 2:33:32.741 PM","1.653"
"162","2025-08-23 2:33:32.742 PM","1.653"
"163","2025-08-23 2:33:32.743 PM","1.658"
"164","2025-08-23 2:33:32.744 PM","1.658"
"165","2025-08-23 2:33:32.745 PM","1.653"
"166","2025-08-23 2:33:32.746 PM","1.653"
"167","2025-08-23 2:33:32.747 PM","1.658"
"168","2025-08-23 2:33:32.748 PM","1.663"
"169","2025-08-23 2:33:32.749 PM","1.658"
"170","2025-08-23 2:33:32.750 PM","1.653"
"171","2025-08-23 2:33:32.751 PM","1.653"
"172","2025-08-23 2:33:32.752 PM","1.653"
"173","2025-08-23 2:33:32.753 PM","1.653"
"174","2025-08-23 2:33:32.754 PM","1.653"
"175","2025-08-23 2:33:32.755 PM","1.653"
"176","2025-08-23 2:33:32.756 PM","1.653"
"177","2025-08-23 2:33:32.757 PM","1.653"
"178","2025-08-23 2:33:32.758 PM","1.770"
"179","2025-08-23 2:33:32.759 PM","1.766"
"180","2025-08-23 2:33:32.760 PM","1.766"
"181","2025-08-23 2:33:32.761 PM","1.766"
"182","2025-08-23 2:33:32.762 PM","1.770"
"183","2025-08-23 2:33:32.763 PM","1.766"
"184","2025-08-23 2:33:32.764 PM","1.770"
"185","2025-08-23 2:33:32.765 PM","1.766"
"186","2025-08-23 2:33:32.766 PM","1.766"
"187","2025-08-23 2:33:32.767 PM","1.766"
"188","2025-08-23 2:33:32.768 PM","1.766"
"189","2025-08-23 2:33:32.769 PM","1.761"
"190","2025-08-23 2:33:32.770 PM","1.766"
"191","2025-08-23 2:33:32.771 PM","1.766"
"192","2025-08-23 2:33:32.772 PM","1.766"
"193","2025-08-23 2:33:32.773 PM","1.770"
"194","2025-08-23 2:33:32.774 PM","1.653"
"195","2025-08-23 2:33:32.775 PM","1.653"
"196","2025-08-23 2:33:32.776 PM","1.653"
"197","2025-08-23 2:33:32.777 PM","1.653"
"198","2025-08-23 2:33:32.778 PM","1.653"
"199","2025-08-23 2:33:32.779 PM","1.658"
"200","2025-08-23 2:33:32.780 PM","1.658"
"201","2025-08-23 2:33:32.781 PM","1.663"
"202","2025-08-23 2:33:32.782 PM","1.653"
"203","2025-08-23 2:33:32.783 PM","1.653"
"204","2025-08-23 2:33:32.784 PM","1.653"
"205","2025-08-23 2:33:32.785 PM","1.648"
"206","2025-08-23 2:33:32.786 PM","1.653"
"207","2025-08-23 2:33:32.787 PM","1.653"
"208","2025-08-23 2:33:32.788 PM","1.653"
"209","2025-08-23 2:33:32.789 PM","1.653"
"210","2025-08-23 2:33:32.790 PM","1.653"
"211","2025-08-23 2:33:32.791 PM","1.766"
"212","2025-08-23 2:33:32.792 PM","1.770"
"213","2025-08-23 2:33:32.793 PM","1.766"
"214","2025-08-23 2:33:32.794 PM","1.770"
"215","2025-08-23 2:33:32.795 PM","1.770"
"216","2025-08-23 2:33:32.796 PM","1.770"
"217","2025-08-23 2:33:32.797 PM","1.766"
"218","2025-08-23 2:33:32.798 PM","1.766"
"219","2025-08-23 2:33:32.799 PM","1.766"
"220","2025-08-23 2:33:32.800 PM","1.761"
"221","2025-08-23 2:33:32.801 PM","1.761"
"222","2025-08-23 2:33:32.802 PM","1.761"
"223","2025-08-23 2:33:32.803 PM","1.761"
"224","2025-08-23 2:33:32.804 PM","1.761"
"225","2025-08-23 2:33:32.805 PM","1.766"
"226","2025-08-23 2:33:32.806 PM","1.766"
"227","2025-08-23 2:33:32.807 PM","1.653"
"228","2025-08-23 2:33:32.808 PM","1.653"
"229","2025-08-23 2:33:32.809 PM","1.653"
"230","2025-08-23 2:33:32.810 PM","1.653"
"231","2025-08-23 2:33:32.811 PM","1.653"
"232","2025-08-23 2:33:32.812 PM","1.653"
"233","2025-08-23 2:33:32.813 PM","1.663"
"234","2025-08-23 2:33:32.814 PM","1.653"
"235","2025-08-23 2:33:32.815 PM","1.653"
"236","2025-08-23 2:33:32.816 PM","1.653"
"237","2025-08-23 2:33:32.817 PM","1.653"
"238","2025-08-23 2:33:32.818 PM","1.653"
"239","2025-08-23 2:33:32.819 PM","1.653"
"240","2025-08-23 2:33:32.820 PM","1.653"
"241","2025-08-23 2:33:32.821 PM","1.653"
"242","2025-08-23 2:33:32.822 PM","1.653"
"243","2025-08-23 2:33:32.823 PM","1.653"
"244","2025-08-23 2:33:32.824 PM","1.770"
"245","2025-08-23 2:33:32.825 PM","1.770"
"246","2025-08-23 2:33:32.826 PM","1.766"
"247","2025-08-23 2:33:32.827 PM","1.766"
"248","2025-08-23 2:33:32.828 PM","1.770"
"249","2025-08-23 2:33:32.829 PM","1.766"
"250","2025-08-23 2:33:32.830 PM","1.766"
"251","2025-08-23 2:33:32.831 PM","1.766"
"252","2025-08-23 2:33:32.832 PM","1.766"
"253","2025-08-23 2:33:32.833 PM","1.766"
"254","2025-08-23 2:33:32.834 PM","1.766"
"255","2025-08-23 2:33:32.835 PM","1.761"
"256","2025-08-23 2:33:32.836 PM","1.761"
"257","2025-08-23 2:33:32.837 PM","1.761"
"258","2025-08-23 2:33:32.838 PM","1.766"
"259","2025-08-23 2:33:32.839 PM","1.766"
"260","2025-08-23 2:33:32.840 PM","1.653"
"261","2025-08-23 2:33:32.841 PM","1.653"
"262","2025-08-23 2:33:32.842 PM","1.653"
"263","2025-08-23 2:33:32.843 PM","1.653"
"264","2025-08-23 2:33:32.844 PM","1.658"
"265","2025-08-23 2:33:32.845 PM","1.658"
"266","2025-08-23 2:33:32.846 PM","1.663"
"267","2025-08-23 2:33:32.847 PM","1.653"
"268","2025-08-23 2:33:32.848 PM","1.653"
"269","2025-08-23 2:33:32.849 PM","1.653"
"270","2025-08-23 2:33:32.850 PM","1.653"
"271","2025-08-23 2:33:32.851 PM","1.653"
"272","2025-08-23 2:33:32.852 PM","1.653"
"273","2025-08-23 2:33:32.853 PM","1.648"
"274","2025-08-23 2:33:32.854 PM","1.653"
"275","2025-08-23 2:33:32.855 PM","1.653"
"276","2025-08-23 2:33:32.856 PM","1.653"
"277","2025-08-23 2:33:32.857 PM","1.770"
"278","2025-08-23 2:33:32.858 PM","1.770"
"279","2025-08-23 2:33:32.859 PM","1.770"
"280","2025-08-23 2:33:32.860 PM","1.766"
"281","2025-08-23 2:33:32.861 PM","1.766"
"282","2025-08-23 2:33:32.862 PM","1.766"
"283","2025-08-23 2:33:32.863 PM","1.766"
"284","2025-08-23 2:33:32.864 PM","1.766"
"285","2025-08-23 2:33:32.865 PM","1.766"
"286","2025-08-23 2:33:32.866 PM","1.761"
"287","2025-08-23 2:33:32.867 PM","1.761"
"288","2025-08-23 2:33:32.868 PM","1.766"
"289","2025-08-23 2:33:32.869 PM","1.761"
"290","2025-08-23 2:33:32.870 PM","1.761"
"291","2025-08-23 2:33:32.871 PM","1.766"
"292","2025-08-23 2:33:32.872 PM","1.766"
"293","2025-08-23 2:33:32.873 PM","1.653"
"294","2025-08-23 2:33:32.874 PM","1.658"
"295","2025-08-23 2:33:32.875 PM","1.653"
"296","2025-08-23 2:33:32.876 PM","1.653"
"297","2025-08-23 2:33:32.877 PM","1.653"
"298","2025-08-23 2:33:32.878 PM","1.658"
"299","2025-08-23 2:33:32.879 PM","1.653"
"300","2025-08-23 2:33:32.880 PM","1.653"
"301","2025-08-23 2:33:32.881 PM","1.653"
"302","2025-08-23 2:33:32.882 PM","1.653"
"303","2025-08-23 2:33:32.883 PM","1.653"
"304","2025-08-23 2:33:32.884 PM","1.653"
"305","2025-08-23 2:33:32.885 PM","1.648"
"306","2025-08-23 2:33:32.886 PM","1.653"
"307","2025-08-23 2:33:32.887 PM","1.653"
"308","2025-08-23 2:33:32.888 PM","1.653"
"309","2025-08-23 2:33:32.889 PM","1.653"
"310","2025-08-23 2:33:32.890 PM","1.766"
"311","2025-08-23 2:33:32.891 PM","1.766"
"312","2025-08-23 2:33:32.892 PM","1.770"
"313","2025-08-23 2:33:32.893 PM","1.766"
"314","2025-08-23 2:33:32.894 PM","1.770"
"315","2025-08-23 2:33:32.895 PM","1.770"
"316","2025-08-23 2:33:32.896 PM","1.766"
"317","2025-08-23 2:33:32.897 PM","1.766"
"318","2025-08-23 2:33:32.898 PM","1.766"
"319","2025-08-23 2:33:32.899 PM","1.766"
"320","2025-08-23 2:33:32.900 PM","1.766"
"321","2025-08-23 2:33:32.901 PM","1.761"
"322","2025-08-23 2:33:32.902 PM","1.766"
"323","2025-08-23 2:33:32.903 PM","1.761"
"324","2025-08-23 2:33:32.904 PM","1.766"
"325","2025-08-23 2:33:32.905 PM","1.766"
"326","2025-08-23 2:33:32.906 PM","1.653"
"327","2025-08-23 2:33:32.907 PM","1.653"
"328","2025-08-23 2:33:32.908 PM","1.653"
"329","2025-08-23 2:33:32.909 PM","1.658"
"330","2025-08-23 2:33:32.910 PM","1.658"
"331","2025-08-23 2:33:32.911 PM","1.658"
"332","2025-08-23 2:33:32.912 PM","1.658"
"333","2025-08-23 2:33:32.913 PM","1.653"
"334","2025-08-23 2:33:32.914 PM","1.653"
"335","2025-08-23 2:33:32.915 PM","1.653"
"336","2025-08-23 2:33:32.916 PM","1.653"
"337","2025-08-23 2:33:32.917 PM","1.653"
"338","2025-08-23 2:33:32.918 PM","1.648"
"339","2025-08-23 2:33:32.919 PM","1.653"
"340","2025-08-23 2:33:32.920 PM","1.653"
"341","2025-08-23 2:33:32.921 PM","1.653"
"342","2025-08-23 2:33:32.922 PM","1.653"
"343","2025-08-23 2:33:32.923 PM","1.766"
"344","2025-08-23 2:33:32.924 PM","1.766"
"345","2025-08-23 2:33:32.925 PM","1.770"
"346","2025-08-23 2:33:32.926 PM","1.766"
"347","2025-08-23 2:33:32.927 PM","1.766"
"348","2025-08-23 2:33:32.928 PM","1.770"
"349","2025-08-23 2:33:32.929 PM","1.766"
"350","2025-08-23 2:33:32.930 PM","1.766"
"351","2025-08-23 2:33:32.931 PM","1.766"
"352","2025-08-23 2:33:32.932 PM","1.766"
"353","2025-08-23 2:33:32.933 PM","1.761"
"354","2025-08-23 2:33:32.934 PM","1.761"
"355","2025-08-23 2:33:32.935 PM","1.761"
"356","2025-08-23 2:33:32.936 PM","1.761"
"357","2025-08-23 2:33:32.937 PM","1.766"
"358","2025-08-23 2:33:32.938 PM","1.766"
"359","2025-08-23 2:33:32.939 PM","1.653"
"360","2025-08-23 2:33:32.940 PM","1.653"
"361","2025-08-23 2:33:32.941 PM","1.658"
"362","2025-08-23 2:33:32.942 PM","1.653"
"363","2025-08-23 2:33:32.943 PM","1.658"
"364","2025-08-23 2:33:32.944 PM","1.658"
"365","2025-08-23 2:33:32.945 PM","1.653"
"366","2025-08-23 2:33:32.946 PM","1.653"
"367","2025-08-23 2:33:32.947 PM","1.653"
"368","2025-08-23 2:33:32.948 PM","1.653"
"369","2025-08-23 2:33:32.949 PM","1.653"
"370","2025-08-23 2:33:32.950 PM","1.653"
"371","2025-08-23 2:33:32.951 PM","1.653"
"372","2025-08-23 2:33:32.952 PM","1.653"
"373","2025-08-23 2:33:32.953 PM","1.653"
"374","2025-08-23 2:33:32.954 PM","1.653"
"375","2025-08-23 2:33:32.955 PM","1.653"
"376","2025-08-23 2:33:32.956 PM","1.770"
"377","2025-08-23 2:33:32.957 PM","1.770"
"378","2025-08-23 2:33:32.958 PM","1.766"
"379","2025-08-23 2:33:32.959 PM","1.770"
"380","2025-08-23 2:33:32.960 PM","1.770"
"381","2025-08-23 2:33:32.961 PM","1.770"
"382","2025-08-23 2:33:32.962 PM","1.766"
"383","2025-08-23 2:33:32.963 PM","1.766"
"384","2025-08-23 2:33:32.964 PM","1.761"
"385","2025-08-23 2:33:32.965 PM","1.761"
"386","2025-08-23 2:33:32.966 PM","1.761"
"387","2025-08-23 2:33:32.967 PM","1.766"
"388","2025-08-23 2:33:32.968 PM","1.761"
"389","2025-08-23 2:33:32.969 PM","1.761"
"390","2025-08-23 2:33:32.970 PM","1.766"
"391","2025-08-23 2:33:32.971 PM","1.766"
"392","2025-08-23 2:33:32.972 PM","1.653"
"393","2025-08-23 2:33:32.973 PM","1.653"
"394","2025-08-23 2:33:32.974 PM","1.653"
"395","2025-08-23 2:33:32.975 PM","1.653"
"396","2025-08-23 2:33:32.976 PM","1.658"
"397","2025-08-23 2:33:32.977 PM","1.653"
"398","2025-08-23 2:33:32.978 PM","1.653"
"399","2025-08-23 2:33:32.979 PM","1.653"
"400","2025-08-23 2:33:32.980 PM","1.653"
"401","2025-08-23 2:33:32.981 PM","1.653"
"402","2025-08-23 2:33:32.982 PM","1.653"
"403","2025-08-23 2:33:32.983 PM","1.653"
"404","2025-08-23 2:33:32.984 PM","1.653"
"405","2025-08-23 2:33:32.985 PM","1.653"
"406","2025-08-23 2:33:32.986 PM","1.653"
"407","2025-08-23 2:33:32.987 PM","1.653"
"408","2025-08-23 2:33:32.988 PM","1.653"
"409","2025-08-23 2:33:32.989 PM","1.770"
"410","2025-08-23 2:33:32.990 PM","1.770"
"411","2025-08-23 2:33:32.991 PM","1.766"
"412","2025-08-23 2:33:32.992 PM","1.770"
"413","2025-08-23 2:33:32.993 PM","1.770"
"414","2025-08-23 2:33:32.994 PM","1.770"
"415","2025-08-23 2:33:32.995 PM","1.766"
"416","2025-08-23 2:33:32.996 PM","1.766"
"417","2025-08-23 2:33:32.997 PM","1.766"
"418","2025-08-23 2:33:32.998 PM","1.761"
"419","2025-08-23 2:33:32.999 PM","1.761"
"420","2025-08-23 2:33:33.000 PM","1.761"
"421","2025-08-23 2:33:33.001 PM","1.761"
"422","2025-08-23 2:33:33.002 PM","1.761"
"423","2025-08-23 2:33:33.003 PM","1.766"
"424","2025-08-23 2:33:33.004 PM","1.766"
"425","2025-08-23 2:33:33.005 PM","1.766"
"426","2025-08-23 2:33:33.006 PM","1.653"
"427","2025-08-23 2:33:33.007 PM","1.653"
"428","2025-08-23 2:33:33.008 PM","1.658"
"429","2025-08-23 2:33:33.009 PM","1.653"
"430","2025-08-23 2:33:33.010 PM","1.653"
"431","2025-08-23 2:33:33.011 PM","1.653"
"432","2025-08-23 2:33:33.012 PM","1.653"
"433","2025-08-23 2:33:33.013 PM","1.653"
"434","2025-08-23 2:33:33.014 PM","1.653"
"435","2025-08-23 2:33:33.015 PM","1.653"
"436","2025-08-23 2:33:33.016 PM","1.653"
"437","2025-08-23 2:33:33.017 PM","1.653"
"438","2025-08-23 2:33:33.018 PM","1.653"
"439","2025-08-23 2:33:33.019 PM","1.653"
"440","2025-08-23 2:33:33.020 PM","1.653"
"441","2025-08-23 2:33:33.021 PM","1.653"
"442","2025-08-23 2:33:33.022 PM","1.770"
"443","2025-08-23 2:33:33.023 PM","1.766"
"444","2025-08-23 2:33:33.024 PM","1.766"
"445","2025-08-23 2:33:33.025 PM","1.766"
"446","2025-08-23 2:33:33.026 PM","1.766"
"447","2025-08-23 2:33:33.027 PM","1.766"
"448","2025-08-23 2:33:33.028 PM","1.766"
"449","2025-08-23 2:33:33.029 PM","1.766"
"450","2025-08-23 2:33:33.030 PM","1.766"
"451","2025-08-23 2:33:33.031 PM","1.761"
"452","2025-08-23 2:33:33.032 PM","1.761"
"453","2025-08-23 2:33:33.033 PM","1.761"
"454","2025-08-23 2:33:33.034 PM","1.761"
"455","2025-08-23 2:33:33.035 PM","1.761"
"456","2025-08-23 2:33:33.036 PM","1.766"
"457","2025-08-23 2:33:33.037 PM","1.770"
"458","2025-08-23 2:33:33.038 PM","1.766"
"459","2025-08-23 2:33:33.039 PM","1.658"
"460","2025-08-23 2:33:33.040 PM","1.658"
"461","2025-08-23 2:33:33.041 PM","1.658"
"462","2025-08-23 2:33:33.042 PM","1.658"
"463","2025-08-23 2:33:33.043 PM","1.658"
"464","2025-08-23 2:33:33.044 PM","1.658"
"465","2025-08-23 2:33:33.045 PM","1.658"
"466","2025-08-23 2:33:33.046 PM","1.658"
"467","2025-08-23 2:33:33.047 PM","1.653"
"468","2025-08-23 2:33:33.048 PM","1.653"
"469","2025-08-23 2:33:33.049 PM","1.653"
"470","2025-08-23 2:33:33.050 PM","1.653"
"471","2025-08-23 2:33:33.051 PM","1.653"
"472","2025-08-23 2:33:33.052 PM","1.653"
"473","2025-08-23 2:33:33.053 PM","1.653"
"474","2025-08-23 2:33:33.054 PM","1.653"
"475","2025-08-23 2:33:33.055 PM","1.751"
"476","2025-08-23 2:33:33.056 PM","1.751"
"477","2025-08-23 2:33:33.057 PM","1.751"
"478","2025-08-23 2:33:33.058 PM","1.751"
"479","2025-08-23 2:33:33.059 PM","1.751"
"480","2025-08-23 2:33:33.060 PM","1.746"
"481","2025-08-23 2:33:33.061 PM","1.746"
"482","2025-08-23 2:33:33.062 PM","1.746"
"483","2025-08-23 2:33:33.063 PM","1.741"
"484","2025-08-23 2:33:33.064 PM","1.746"
"485","2025-08-23 2:33:33.065 PM","1.746"
"486","2025-08-23 2:33:33.066 PM","1.741"
"487","2025-08-23 2:33:33.067 PM","1.741"
"488","2025-08-23 2:33:33.068 PM","1.741"
"489","2025-08-23 2:33:33.069 PM","1.746"
"490","2025-08-23 2:33:33.070 PM","1.746"
"491","2025-08-23 2:33:33.071 PM","1.751"
"492","2025-08-23 2:33:33.072 PM","1.653"
"493","2025-08-23 2:33:33.073 PM","1.658"
"494","2025-08-23 2:33:33.074 PM","1.658"
"495","2025-08-23 2:33:33.075 PM","1.658"
"496","2025-08-23 2:33:33.076 PM","1.658"
"497","2025-08-23 2:33:33.077 PM","1.658"
"498","2025-08-23 2:33:33.078 PM","1.658"
"499","2025-08-23 2:33:33.079 PM","1.653"
"500","2025-08-23 2:33:33.080 PM","1.658"
"501","2025-08-23 2:33:33.081 PM","1.653"
"502","2025-08-23 2:33:33.082 PM","1.653"
"503","2025-08-23 2:33:33.083 PM","1.653"
"504","2025-08-23 2:33:33.084 PM","1.653"
"505","2025-08-23 2:33:33.085 PM","1.653"
"506","2025-08-23 2:33:33.086 PM","1.653"
"507","2025-08-23 2:33:33.087 PM","1.658"
"508","2025-08-23 2:33:33.088 PM","1.751"
"509","2025-08-23 2:33:33.089 PM","1.751"
"510","2025-08-23 2:33:33.090 PM","1.746"
"511","2025-08-23 2:33:33.091 PM","1.751"
"512","2025-08-23 2:33:33.092 PM","1.751"
"513","2025-08-23 2:33:33.093 PM","1.751"
"514","2025-08-23 2:33:33.094 PM","1.746"
"515","2025-08-23 2:33:33.095 PM","1.746"
"516","2025-08-23 2:33:33.096 PM","1.746"
"517","2025-08-23 2:33:33.097 PM","1.741"
"518","2025-08-23 2:33:33.098 PM","1.746"
"519","2025-08-23 2:33:33.099 PM","1.741"
"520","2025-08-23 2:33:33.100 PM","1.741"
"521","2025-08-23 2:33:33.101 PM","1.736"
"522","2025-08-23 2:33:33.102 PM","1.746"
"523","2025-08-23 2:33:33.103 PM","1.751"
"524","2025-08-23 2:33:33.104 PM","1.751"
"525","2025-08-23 2:33:33.105 PM","1.658"
"526","2025-08-23 2:33:33.106 PM","1.658"
"527","2025-08-23 2:33:33.107 PM","1.658"
"528","2025-08-23 2:33:33.108 PM","1.658"
"529","2025-08-23 2:33:33.109 PM","1.658"
"530","2025-08-23 2:33:33.110 PM","1.658"
"531","2025-08-23 2:33:33.111 PM","1.653"
"532","2025-08-23 2:33:33.112 PM","1.653"
"533","2025-08-23 2:33:33.113 PM","1.653"
"534","2025-08-23 2:33:33.114 PM","1.653"
"535","2025-08-23 2:33:33.115 PM","1.653"
"536","2025-08-23 2:33:33.116 PM","1.658"
"537","2025-08-23 2:33:33.117 PM","1.653"
"538","2025-08-23 2:33:33.118 PM","1.653"
"539","2025-08-23 2:33:33.119 PM","1.653"
"540","2025-08-23 2:33:33.120 PM","1.658"
"541","2025-08-23 2:33:33.121 PM","1.751"
"542","2025-08-23 2:33:33.122 PM","1.751"
"543","2025-08-23 2:33:33.123 PM","1.751"
"544","2025-08-23 2:33:33.124 PM","1.751"
"545","2025-08-23 2:33:33.125 PM","1.751"
"546","2025-08-23 2:33:33.126 PM","1.751"
"547","2025-08-23 2:33:33.127 PM","1.746"
"548","2025-08-23 2:33:33.128 PM","1.746"
"549","2025-08-23 2:33:33.129 PM","1.746"
"550","2025-08-23 2:33:33.130 PM","1.746"
"551","2025-08-23 2:33:33.131 PM","1.741"
"552","2025-08-23 2:33:33.132 PM","1.741"
"553","2025-08-23 2:33:33.133 PM","1.741"
"554","2025-08-23 2:33:33.134 PM","1.751"
"555","2025-08-23 2:33:33.135 PM","1.746"
"556","2025-08-23 2:33:33.136 PM","1.746"
"557","2025-08-23 2:33:33.137 PM","1.746"
"558","2025-08-23 2:33:33.138 PM","1.658"
"559","2025-08-23 2:33:33.139 PM","1.658"
"560","2025-08-23 2:33:33.140 PM","1.658"
"561","2025-08-23 2:33:33.141 PM","1.658"
"562","2025-08-23 2:33:33.142 PM","1.658"
"563","2025-08-23 2:33:33.143 PM","1.658"
"564","2025-08-23 2:33:33.144 PM","1.658"
"565","2025-08-23 2:33:33.145 PM","1.658"
"566","2025-08-23 2:33:33.146 PM","1.653"
"567","2025-08-23 2:33:33.147 PM","1.658"
"568","2025-08-23 2:33:33.148 PM","1.653"
"569","2025-08-23 2:33:33.149 PM","1.653"
"570","2025-08-23 2:33:33.150 PM","1.658"
"571","2025-08-23 2:33:33.151 PM","1.653"
"572","2025-08-23 2:33:33.152 PM","1.658"
"573","2025-08-23 2:33:33.153 PM","1.658"
"574","2025-08-23 2:33:33.154 PM","1.751"
"575","2025-08-23 2:33:33.155 PM","1.751"
"576","2025-08-23 2:33:33.156 PM","1.751"
"577","2025-08-23 2:33:33.157 PM","1.751"
"578","2025-08-23 2:33:33.158 PM","1.751"
"579","2025-08-23 2:33:33.159 PM","1.751"
"580","2025-08-23 2:33:33.160 PM","1.746"
"581","2025-08-23 2:33:33.161 PM","1.746"
"582","2025-08-23 2:33:33.162 PM","1.746"
"583","2025-08-23 2:33:33.163 PM","1.746"
"584","2025-08-23 2:33:33.164 PM","1.746"
"585","2025-08-23 2:33:33.165 PM","1.741"
"586","2025-08-23 2:33:33.166 PM","1.741"
"587","2025-08-23 2:33:33.167 PM","1.751"
"588","2025-08-23 2:33:33.168 PM","1.751"
"589","2025-08-23 2:33:33.169 PM","1.751"
"590","2025-08-23 2:33:33.170 PM","1.746"
"591","2025-08-23 2:33:33.171 PM","1.658"
"592","2025-08-23 2:33:33.172 PM","1.658"
"593","2025-08-23 2:33:33.173 PM","1.658"
"594","2025-08-23 2:33:33.174 PM","1.658"
"595","2025-08-23 2:33:33.175 PM","1.653"
"596","2025-08-23 2:33:33.176 PM","1.658"
"597","2025-08-23 2:33:33.177 PM","1.658"
"598","2025-08-23 2:33:33.178 PM","1.653"
"599","2025-08-23 2:33:33.179 PM","1.653"
"600","2025-08-23 2:33:33.180 PM","1.653"
"601","2025-08-23 2:33:33.181 PM","1.653"
"602","2025-08-23 2:33:33.182 PM","1.653"
"603","2025-08-23 2:33:33.183 PM","1.653"
"604","2025-08-23 2:33:33.184 PM","1.653"
"605","2025-08-23 2:33:33.185 PM","1.653"
"606","2025-08-23 2:33:33.186 PM","1.658"
"607","2025-08-23 2:33:33.187 PM","1.751"
"608","2025-08-23 2:33:33.188 PM","1.751"
"609","2025-08-23 2:33:33.189 PM","1.751"
"610","2025-08-23 2:33:33.190 PM","1.751"
"611","2025-08-23 2:33:33.191 PM","1.751"
"612","2025-08-23 2:33:33.192 PM","1.751"
"613","2025-08-23 2:33:33.193 PM","1.746"
"614","2025-08-23 2:33:33.194 PM","1.741"
"615","2025-08-23 2:33:33.195 PM","1.746"
"616","2025-08-23 2:33:33.196 PM","1.741"
"617","2025-08-23 2:33:33.197 PM","1.741"
"618","2025-08-23 2:33:33.198 PM","1.741"
"619","2025-08-23 2:33:33.199 PM","1.751"
"620","2025-08-23 2:33:33.200 PM","1.751"
"621","2025-08-23 2:33:33.201 PM","1.746"
"622","2025-08-23 2:33:33.202 PM","1.746"
"623","2025-08-23 2:33:33.203 PM","1.751"
"624","2025-08-23 2:33:33.204 PM","1.658"
"625","2025-08-23 2:33:33.205 PM","1.658"
"626","2025-08-23 2:33:33.206 PM","1.658"
"627","2025-08-23 2:33:33.207 PM","1.658"
"628","2025-08-23 2:33:33.208 PM","1.658"
"629","2025-08-23 2:33:33.209 PM","1.658"
"630","2025-08-23 2:33:33.210 PM","1.658"
"631","2025-08-23 2:33:33.211 PM","1.653"
"632","2025-08-23 2:33:33.212 PM","1.653"
"633","2025-08-23 2:33:33.213 PM","1.653"
"634","2025-08-23 2:33:33.214 PM","1.653"
"635","2025-08-23 2:33:33.215 PM","1.653"
"636","2025-08-23 2:33:33.216 PM","1.653"
"637","2025-08-23 2:33:33.217 PM","1.653"
"638","2025-08-23 2:33:33.218 PM","1.653"
"639","2025-08-23 2:33:33.219 PM","1.658"
"640","2025-08-23 2:33:33.220 PM","1.751"
"641","2025-08-23 2:33:33.221 PM","1.751"
"642","2025-08-23 2:33:33.222 PM","1.751"
"643","2025-08-23 2:33:33.223 PM","1.751"
"644","2025-08-23 2:33:33.224 PM","1.751"
"645","2025-08-23 2:33:33.225 PM","1.751"
"646","2025-08-23 2:33:33.226 PM","1.746"
"647","2025-08-23 2:33:33.227 PM","1.746"
"648","2025-08-23 2:33:33.228 PM","1.741"
"649","2025-08-23 2:33:33.229 PM","1.741"
"650","2025-08-23 2:33:33.230 PM","1.741"
"651","2025-08-23 2:33:33.231 PM","1.751"
"652","2025-08-23 2:33:33.232 PM","1.751"
"653","2025-08-23 2:33:33.233 PM","1.751"
"654","2025-08-23 2:33:33.234 PM","1.746"
"655","2025-08-23 2:33:33.235 PM","1.751"
"656","2025-08-23 2:33:33.236 PM","1.751"
"657","2025-08-23 2:33:33.237 PM","1.658"
"658","2025-08-23 2:33:33.238 PM","1.658"
"659","2025-08-23 2:33:33.239 PM","1.658"
"660","2025-08-23 2:33:33.240 PM","1.658"
"661","2025-08-23 2:33:33.241 PM","1.658"
"662","2025-08-23 2:33:33.242 PM","1.658"
"663","2025-08-23 2:33:33.243 PM","1.653"
"664","2025-08-23 2:33:33.244 PM","1.658"
"665","2025-08-23 2:33:33.245 PM","1.653"
"666","2025-08-23 2:33:33.246 PM","1.653"
"667","2025-08-23 2:33:33.247 PM","1.658"
"668","2025-08-23 2:33:33.248 PM","1.653"
"669","2025-08-23 2:33:33.249 PM","1.653"
"670","2025-08-23 2:33:33.250 PM","1.653"
"671","2025-08-23 2:33:33.251 PM","1.653"
"672","2025-08-23 2:33:33.252 PM","1.658"
"673","2025-08-23 2:33:33.253 PM","1.751"
"674","2025-08-23 2:33:33.254 PM","1.746"
"675","2025-08-23 2:33:33.255 PM","1.751"
"676","2025-08-23 2:33:33.256 PM","1.751"
"677","2025-08-23 2:33:33.257 PM","1.751"
"678","2025-08-23 2:33:33.258 PM","1.751"
"679","2025-08-23 2:33:33.259 PM","1.746"
"680","2025-08-23 2:33:33.260 PM","1.746"
"681","2025-08-23 2:33:33.261 PM","1.741"
"682","2025-08-23 2:33:33.262 PM","1.741"
"683","2025-08-23 2:33:33.263 PM","1.741"
"684","2025-08-23 2:33:33.264 PM","1.751"
"685","2025-08-23 2:33:33.265 PM","1.751"
"686","2025-08-23 2:33:33.266 PM","1.756"
"687","2025-08-23 2:33:33.267 PM","1.746"
"688","2025-08-23 2:33:33.268 PM","1.751"
"689","2025-08-23 2:33:33.269 PM","1.751"
"690","2025-08-23 2:33:33.270 PM","1.678"
"691","2025-08-23 2:33:33.271 PM","1.678"
"692","2025-08-23 2:33:33.272 PM","1.673"
"693","2025-08-23 2:33:33.273 PM","1.673"
"694","2025-08-23 2:33:33.274 PM","1.678"
"695","2025-08-23 2:33:33.275 PM","1.673"
"696","2025-08-23 2:33:33.276 PM","1.673"
"697","2025-08-23 2:33:33.277 PM","1.673"
"698","2025-08-23 2:33:33.278 PM","1.668"
"699","2025-08-23 2:33:33.279 PM","1.673"
"700","2025-08-23 2:33:33.280 PM","1.673"
"701","2025-08-23 2:33:33.281 PM","1.673"
"702","2025-08-23 2:33:33.282 PM","1.673"
"703","2025-08-23 2:33:33.283 PM","1.673"
"704","2025-08-23 2:33:33.284 PM","1.673"
"705","2025-08-23 2:33:33.285 PM","1.673"
"706","2025-08-23 2:33:33.286 PM","1.731"
"707","2025-08-23 2:33:33.287 PM","1.731"
"708","2025-08-23 2:33:33.288 PM","1.731"
"709","2025-08-23 2:33:33.289 PM","1.736"
"710","2025-08-23 2:33:33.290 PM","1.736"
"711","2025-08-23 2:33:33.291 PM","1.731"
"712","2025-08-23 2:33:33.292 PM","1.726"
"713","2025-08-23 2:33:33.293 PM","1.726"
"714","2025-08-23 2:33:33.294 PM","1.726"
"715","2025-08-23 2:33:33.295 PM","1.717"
"716","2025-08-23 2:33:33.296 PM","1.731"
"717","2025-08-23 2:33:33.297 PM","1.736"
"718","2025-08-23 2:33:33.298 PM","1.736"
"719","2025-08-23 2:33:33.299 PM","1.736"
"720","2025-08-23 2:33:33.300 PM","1.731"
"721","2025-08-23 2:33:33.301 PM","1.731"
"722","2025-08-23 2:33:33.302 PM","1.731"
"723","2025-08-23 2:33:33.303 PM","1.673"
"724","2025-08-23 2:33:33.304 PM","1.673"
"725","2025-08-23 2:33:33.305 PM","1.673"
"726","2025-08-23 2:33:33.306 PM","1.673"
"727","2025-08-23 2:33:33.307 PM","1.673"
"728","2025-08-23 2:33:33.308 PM","1.673"
"729","2025-08-23 2:33:33.309 PM","1.673"
"730","2025-08-23 2:33:33.310 PM","1.673"
"731","2025-08-23 2:33:33.311 PM","1.673"
"732","2025-08-23 2:33:33.312 PM","1.668"
"733","2025-08-23 2:33:33.313 PM","1.668"
"734","2025-08-23 2:33:33.314 PM","1.673"
"735","2025-08-23 2:33:33.315 PM","1.673"
"736","2025-08-23 2:33:33.316 PM","1.668"
"737","2025-08-23 2:33:33.317 PM","1.673"
"738","2025-08-23 2:33:33.318 PM","1.673"
"739","2025-08-23 2:33:33.319 PM","1.736"
"740","2025-08-23 2:33:33.320 PM","1.731"
"741","2025-08-23 2:33:33.321 PM","1.731"
"742","2025-08-23 2:33:33.322 PM","1.731"
"743","2025-08-23 2:33:33.323 PM","1.731"
"744","2025-08-23 2:33:33.324 PM","1.731"
"745","2025-08-23 2:33:33.325 PM","1.726"
"746","2025-08-23 2:33:33.326 PM","1.726"
"747","2025-08-23 2:33:33.327 PM","1.717"
"748","2025-08-23 2:33:33.328 PM","1.731"
"749","2025-08-23 2:33:33.329 PM","1.736"
"750","2025-08-23 2:33:33.330 PM","1.736"
"751","2025-08-23 2:33:33.331 PM","1.736"
"752","2025-08-23 2:33:33.332 PM","1.736"
"753","2025-08-23 2:33:33.333 PM","1.731"
"754","2025-08-23 2:33:33.334 PM","1.731"
"755","2025-08-23 2:33:33.335 PM","1.731"
"756","2025-08-23 2:33:33.336 PM","1.673"
"757","2025-08-23 2:33:33.337 PM","1.673"
"758","2025-08-23 2:33:33.338 PM","1.673"
"759","2025-08-23 2:33:33.339 PM","1.673"
"760","2025-08-23 2:33:33.340 PM","1.673"
"761","2025-08-23 2:33:33.341 PM","1.673"
"762","2025-08-23 2:33:33.342 PM","1.673"
"763","2025-08-23 2:33:33.343 PM","1.673"
"764","2025-08-23 2:33:33.344 PM","1.673"
"765","2025-08-23 2:33:33.345 PM","1.673"
"766","2025-08-23 2:33:33.346 PM","1.673"
"767","2025-08-23 2:33:33.347 PM","1.673"
"768","2025-08-23 2:33:33.348 PM","1.673"
"769","2025-08-23 2:33:33.349 PM","1.673"
"770","2025-08-23 2:33:33.350 PM","1.673"
"771","2025-08-23 2:33:33.351 PM","1.673"
"772","2025-08-23 2:33:33.352 PM","1.731"
"773","2025-08-23 2:33:33.353 PM","1.731"
"774","2025-08-23 2:33:33.354 PM","1.731"
"775","2025-08-23 2:33:33.355 PM","1.731"
"776","2025-08-23 2:33:33.356 PM","1.736"
"777","2025-08-23 2:33:33.357 PM","1.731"
"778","2025-08-23 2:33:33.358 PM","1.726"
"779","2025-08-23 2:33:33.359 PM","1.726"
"780","2025-08-23 2:33:33.360 PM","1.717"
"781","2025-08-23 2:33:33.361 PM","1.731"
"782","2025-08-23 2:33:33.362 PM","1.736"
"783","2025-08-23 2:33:33.363 PM","1.736"
"784","2025-08-23 2:33:33.364 PM","1.736"
"785","2025-08-23 2:33:33.365 PM","1.731"
"786","2025-08-23 2:33:33.366 PM","1.731"
"787","2025-08-23 2:33:33.367 PM","1.731"
"788","2025-08-23 2:33:33.368 PM","1.731"
"789","2025-08-23 2:33:33.369 PM","1.673"
"790","2025-08-23 2:33:33.370 PM","1.673"
"791","2025-08-23 2:33:33.371 PM","1.673"
"792","2025-08-23 2:33:33.372 PM","1.673"
"793","2025-08-23 2:33:33.373 PM","1.673"
"794","2025-08-23 2:33:33.374 PM","1.673"
"795","2025-08-23 2:33:33.375 PM","1.673"
"796","2025-08-23 2:33:33.376 PM","1.673"
"797","2025-08-23 2:33:33.377 PM","1.673"
"798","2025-08-23 2:33:33.378 PM","1.673"
"799","2025-08-23 2:33:33.379 PM","1.673"
"800","2025-08-23 2:33:33.380 PM","1.673"
"801","2025-08-23 2:33:33.381 PM","1.673"
"802","2025-08-23 2:33:33.382 PM","1.668"
"803","2025-08-23 2:33:33.383 PM","1.673"
"804","2025-08-23 2:33:33.384 PM","1.673"
"805","2025-08-23 2:33:33.385 PM","1.731"
"806","2025-08-23 2:33:33.386 PM","1.731"
"807","2025-08-23 2:33:33.387 PM","1.731"
"808","2025-08-23 2:33:33.388 PM","1.731"
"809","2025-08-23 2:33:33.389 PM","1.731"
"810","2025-08-23 2:33:33.390 PM","1.731"
"811","2025-08-23 2:33:33.391 PM","1.726"
"812","2025-08-23 2:33:33.392 PM","1.726"
"813","2025-08-23 2:33:33.393 PM","1.736"
"814","2025-08-23 2:33:33.394 PM","1.731"
"815","2025-08-23 2:33:33.395 PM","1.736"
"816","2025-08-23 2:33:33.396 PM","1.736"
"817","2025-08-23 2:33:33.397 PM","1.770"
"818","2025-08-23 2:33:33.398 PM","1.731"
"819","2025-08-23 2:33:33.399 PM","1.731"
"820","2025-08-23 2:33:33.400 PM","1.731"
"821","2025-08-23 2:33:33.401 PM","1.731"
"822","2025-08-23 2:33:33.402 PM","1.673"
"823","2025-08-23 2:33:33.403 PM","1.673"
"824","2025-08-23 2:33:33.404 PM","1.673"
"825","2025-08-23 2:33:33.405 PM","1.673"
"826","2025-08-23 2:33:33.406 PM","1.673"
"827","2025-08-23 2:33:33.407 PM","1.673"
"828","2025-08-23 2:33:33.408 PM","1.673"
"829","2025-08-23 2:33:33.409 PM","1.673"
"830","2025-08-23 2:33:33.410 PM","1.673"
"831","2025-08-23 2:33:33.411 PM","1.673"
"832","2025-08-23 2:33:33.412 PM","1.668"
"833","2025-08-23 2:33:33.413 PM","1.668"
"834","2025-08-23 2:33:33.414 PM","1.668"
"835","2025-08-23 2:33:33.415 PM","1.668"
"836","2025-08-23 2:33:33.416 PM","1.673"
"837","2025-08-23 2:33:33.417 PM","1.673"
"838","2025-08-23 2:33:33.418 PM","1.731"
"839","2025-08-23 2:33:33.419 PM","1.731"
"840","2025-08-23 2:33:33.420 PM","1.731"
"841","2025-08-23 2:33:33.421 PM","1.731"
"842","2025-08-23 2:33:33.422 PM","1.731"
"843","2025-08-23 2:33:33.423 PM","1.731"
"844","2025-08-23 2:33:33.424 PM","1.726"
"845","2025-08-23 2:33:33.425 PM","1.726"
"846","2025-08-23 2:33:33.426 PM","1.736"
"847","2025-08-23 2:33:33.427 PM","1.736"
"848","2025-08-23 2:33:33.428 PM","1.736"
"849","2025-08-23 2:33:33.429 PM","1.736"
"850","2025-08-23 2:33:33.430 PM","1.731"
"851","2025-08-23 2:33:33.431 PM","1.731"
"852","2025-08-23 2:33:33.432 PM","1.731"
"853","2025-08-23 2:33:33.433 PM","1.736"
"854","2025-08-23 2:33:33.434 PM","1.736"
"855","2025-08-23 2:33:33.435 PM","1.673"
"856","2025-08-23 2:33:33.436 PM","1.673"
"857","2025-08-23 2:33:33.437 PM","1.673"
"858","2025-08-23 2:33:33.438 PM","1.673"
"859","2025-08-23 2:33:33.439 PM","1.673"
"860","2025-08-23 2:33:33.440 PM","1.673"
"861","2025-08-23 2:33:33.441 PM","1.673"
"862","2025-08-23 2:33:33.442 PM","1.673"
"863","2025-08-23 2:33:33.443 PM","1.668"
"864","2025-08-23 2:33:33.444 PM","1.673"
"865","2025-08-23 2:33:33.445 PM","1.668"
"866","2025-08-23 2:33:33.446 PM","1.673"
"867","2025-08-23 2:33:33.447 PM","1.668"
"868","2025-08-23 2:33:33.448 PM","1.668"
"869","2025-08-23 2:33:33.449 PM","1.673"
"870","2025-08-23 2:33:33.450 PM","1.673"
"871","2025-08-23 2:33:33.451 PM","1.731"
"872","2025-08-23 2:33:33.452 PM","1.731"
"873","2025-08-23 2:33:33.453 PM","1.731"
"874","2025-08-23 2:33:33.454 PM","1.731"
"875","2025-08-23 2:33:33.455 PM","1.731"
"876","2025-08-23 2:33:33.456 PM","1.731"
"877","2025-08-23 2:33:33.457 PM","1.726"
"878","2025-08-23 2:33:33.458 PM","1.736"
"879","2025-08-23 2:33:33.459 PM","1.731"
"880","2025-08-23 2:33:33.460 PM","1.736"
"881","2025-08-23 2:33:33.461 PM","1.741"
"882","2025-08-23 2:33:33.462 PM","1.731"
"883","2025-08-23 2:33:33.463 PM","1.726"
"884","2025-08-23 2:33:33.464 PM","1.731"
"885","2025-08-23 2:33:33.465 PM","1.731"
"886","2025-08-23 2:33:33.466 PM","1.731"
"887","2025-08-23 2:33:33.467 PM","1.731"
"888","2025-08-23 2:33:33.468 PM","1.692"
"889","2025-08-23 2:33:33.469 PM","1.692"
"890","2025-08-23 2:33:33.470 PM","1.692"
"891","2025-08-23 2:33:33.471 PM","1.692"
"892","2025-08-23 2:33:33.472 PM","1.692"
"893","2025-08-23 2:33:33.473 PM","1.692"
"894","2025-08-23 2:33:33.474 PM","1.692"
"895","2025-08-23 2:33:33.475 PM","1.692"
"896","2025-08-23 2:33:33.476 PM","1.687"
"897","2025-08-23 2:33:33.477 PM","1.687"
"898","2025-08-23 2:33:33.478 PM","1.687"
"899","2025-08-23 2:33:33.479 PM","1.687"
"900","2025-08-23 2:33:33.480 PM","1.687"
"901","2025-08-23 2:33:33.481 PM","1.687"
"902","2025-08-23 2:33:33.482 PM","1.692"
"903","2025-08-23 2:33:33.483 PM","1.692"
"904","2025-08-23 2:33:33.484 PM","1.707"
"905","2025-08-23 2:33:33.485 PM","1.712"
"906","2025-08-23 2:33:33.486 PM","1.712"
"907","2025-08-23 2:33:33.487 PM","1.712"
"908","2025-08-23 2:33:33.488 PM","1.712"
"909","2025-08-23 2:33:33.489 PM","1.712"
"910","2025-08-23 2:33:33.490 PM","1.712"
"911","2025-08-23 2:33:33.491 PM","1.712"
"912","2025-08-23 2:33:33.492 PM","1.712"
"913","2025-08-23 2:33:33.493 PM","1.717"
"914","2025-08-23 2:33:33.494 PM","1.726"
"915","2025-08-23 2:33:33.495 PM","1.707"
"916","2025-08-23 2:33:33.496 PM","1.707"
"917","2025-08-23 2:33:33.497 PM","1.707"
"918","2025-08-23 2:33:33.498 PM","1.707"
"919","2025-08-23 2:33:33.499 PM","1.707"
"920","2025-08-23 2:33:33.500 PM","1.707"
"921","2025-08-23 2:33:33.501 PM","1.692"
"922","2025-08-23 2:33:33.502 PM","1.692"
"923","2025-08-23 2:33:33.503 PM","1.692"
"924","2025-08-23 2:33:33.504 PM","1.692"
"925","2025-08-23 2:33:33.505 PM","1.692"
"926","2025-08-23 2:33:33.506 PM","1.692"
"927","2025-08-23 2:33:33.507 PM","1.692"
