"Device: USB-205"
"Serial Number: 22B4008"
"Channel Count: 1"
"Sample Count: 10836"
"Start Time: 2025-08-24 12:57:05.555 PM"
"Scan Rate: 1000"
"Sample","Date/Time","AI0 (V)"
"0","2025-08-24 12:57:05.555 PM","1.424"
"1","2025-08-24 12:57:05.556 PM","1.424"
"2","2025-08-24 12:57:05.557 PM","1.424"
"3","2025-08-24 12:57:05.558 PM","1.424"
"4","2025-08-24 12:57:05.559 PM","1.424"
"5","2025-08-24 12:57:05.560 PM","1.424"
"6","2025-08-24 12:57:05.561 PM","1.580"
"7","2025-08-24 12:57:05.562 PM","1.575"
"8","2025-08-24 12:57:05.563 PM","1.575"
"9","2025-08-24 12:57:05.564 PM","1.575"
"10","2025-08-24 12:57:05.565 PM","1.575"
"11","2025-08-24 12:57:05.566 PM","1.580"
"12","2025-08-24 12:57:05.567 PM","1.570"
"13","2025-08-24 12:57:05.568 PM","1.580"
"14","2025-08-24 12:57:05.569 PM","1.580"
"15","2025-08-24 12:57:05.570 PM","1.580"
"16","2025-08-24 12:57:05.571 PM","1.585"
"17","2025-08-24 12:57:05.572 PM","1.600"
"18","2025-08-24 12:57:05.573 PM","1.575"
"19","2025-08-24 12:57:05.574 PM","1.575"
"20","2025-08-24 12:57:05.575 PM","1.575"
"21","2025-08-24 12:57:05.576 PM","1.575"
"22","2025-08-24 12:57:05.577 PM","1.575"
"23","2025-08-24 12:57:05.578 PM","1.404"
"24","2025-08-24 12:57:05.579 PM","1.404"
"25","2025-08-24 12:57:05.580 PM","1.404"
"26","2025-08-24 12:57:05.581 PM","1.404"
"27","2025-08-24 12:57:05.582 PM","1.404"
"28","2025-08-24 12:57:05.583 PM","1.404"
"29","2025-08-24 12:57:05.584 PM","1.404"
"30","2025-08-24 12:57:05.585 PM","1.404"
"31","2025-08-24 12:57:05.586 PM","1.399"
"32","2025-08-24 12:57:05.587 PM","1.399"
"33","2025-08-24 12:57:05.588 PM","1.404"
"34","2025-08-24 12:57:05.589 PM","1.399"
"35","2025-08-24 12:57:05.590 PM","1.399"
"36","2025-08-24 12:57:05.591 PM","1.399"
"37","2025-08-24 12:57:05.592 PM","1.404"
"38","2025-08-24 12:57:05.593 PM","1.404"
"39","2025-08-24 12:57:05.594 PM","1.575"
"40","2025-08-24 12:57:05.595 PM","1.580"
"41","2025-08-24 12:57:05.596 PM","1.575"
"42","2025-08-24 12:57:05.597 PM","1.575"
"43","2025-08-24 12:57:05.598 PM","1.575"
"44","2025-08-24 12:57:05.599 PM","1.575"
"45","2025-08-24 12:57:05.600 PM","1.565"
"46","2025-08-24 12:57:05.601 PM","1.580"
"47","2025-08-24 12:57:05.602 PM","1.585"
"48","2025-08-24 12:57:05.603 PM","1.585"
"49","2025-08-24 12:57:05.604 PM","1.585"
"50","2025-08-24 12:57:05.605 PM","1.575"
"51","2025-08-24 12:57:05.606 PM","1.575"
"52","2025-08-24 12:57:05.607 PM","1.575"
"53","2025-08-24 12:57:05.608 PM","1.575"
"54","2025-08-24 12:57:05.609 PM","1.575"
"55","2025-08-24 12:57:05.610 PM","1.575"
"56","2025-08-24 12:57:05.611 PM","1.404"
"57","2025-08-24 12:57:05.612 PM","1.404"
"58","2025-08-24 12:57:05.613 PM","1.399"
"59","2025-08-24 12:57:05.614 PM","1.404"
"60","2025-08-24 12:57:05.615 PM","1.404"
"61","2025-08-24 12:57:05.616 PM","1.404"
"62","2025-08-24 12:57:05.617 PM","1.404"
"63","2025-08-24 12:57:05.618 PM","1.404"
"64","2025-08-24 12:57:05.619 PM","1.399"
"65","2025-08-24 12:57:05.620 PM","1.399"
"66","2025-08-24 12:57:05.621 PM","1.399"
"67","2025-08-24 12:57:05.622 PM","1.399"
"68","2025-08-24 12:57:05.623 PM","1.399"
"69","2025-08-24 12:57:05.624 PM","1.399"
"70","2025-08-24 12:57:05.625 PM","1.404"
"71","2025-08-24 12:57:05.626 PM","1.404"
"72","2025-08-24 12:57:05.627 PM","1.595"
"73","2025-08-24 12:57:05.628 PM","1.600"
"74","2025-08-24 12:57:05.629 PM","1.595"
"75","2025-08-24 12:57:05.630 PM","1.600"
"76","2025-08-24 12:57:05.631 PM","1.595"
"77","2025-08-24 12:57:05.632 PM","1.595"
"78","2025-08-24 12:57:05.633 PM","1.600"
"79","2025-08-24 12:57:05.634 PM","1.600"
"80","2025-08-24 12:57:05.635 PM","1.604"
"81","2025-08-24 12:57:05.636 PM","1.604"
"82","2025-08-24 12:57:05.637 PM","1.595"
"83","2025-08-24 12:57:05.638 PM","1.595"
"84","2025-08-24 12:57:05.639 PM","1.595"
"85","2025-08-24 12:57:05.640 PM","1.595"
"86","2025-08-24 12:57:05.641 PM","1.595"
"87","2025-08-24 12:57:05.642 PM","1.595"
"88","2025-08-24 12:57:05.643 PM","1.595"
"89","2025-08-24 12:57:05.644 PM","1.404"
"90","2025-08-24 12:57:05.645 PM","1.409"
"91","2025-08-24 12:57:05.646 PM","1.404"
"92","2025-08-24 12:57:05.647 PM","1.404"
"93","2025-08-24 12:57:05.648 PM","1.404"
"94","2025-08-24 12:57:05.649 PM","1.404"
"95","2025-08-24 12:57:05.650 PM","1.404"
"96","2025-08-24 12:57:05.651 PM","1.404"
"97","2025-08-24 12:57:05.652 PM","1.399"
"98","2025-08-24 12:57:05.653 PM","1.399"
"99","2025-08-24 12:57:05.654 PM","1.399"
"100","2025-08-24 12:57:05.655 PM","1.399"
"101","2025-08-24 12:57:05.656 PM","1.404"
"102","2025-08-24 12:57:05.657 PM","1.399"
"103","2025-08-24 12:57:05.658 PM","1.404"
"104","2025-08-24 12:57:05.659 PM","1.404"
"105","2025-08-24 12:57:05.660 PM","1.595"
"106","2025-08-24 12:57:05.661 PM","1.595"
"107","2025-08-24 12:57:05.662 PM","1.595"
"108","2025-08-24 12:57:05.663 PM","1.595"
"109","2025-08-24 12:57:05.664 PM","1.595"
"110","2025-08-24 12:57:05.665 PM","1.595"
"111","2025-08-24 12:57:05.666 PM","1.600"
"112","2025-08-24 12:57:05.667 PM","1.604"
"113","2025-08-24 12:57:05.668 PM","1.604"
"114","2025-08-24 12:57:05.669 PM","1.595"
"115","2025-08-24 12:57:05.670 PM","1.590"
"116","2025-08-24 12:57:05.671 PM","1.595"
"117","2025-08-24 12:57:05.672 PM","1.595"
"118","2025-08-24 12:57:05.673 PM","1.590"
"119","2025-08-24 12:57:05.674 PM","1.590"
"120","2025-08-24 12:57:05.675 PM","1.595"
"121","2025-08-24 12:57:05.676 PM","1.595"
"122","2025-08-24 12:57:05.677 PM","1.385"
"123","2025-08-24 12:57:05.678 PM","1.385"
"124","2025-08-24 12:57:05.679 PM","1.389"
"125","2025-08-24 12:57:05.680 PM","1.385"
"126","2025-08-24 12:57:05.681 PM","1.385"
"127","2025-08-24 12:57:05.682 PM","1.385"
"128","2025-08-24 12:57:05.683 PM","1.385"
"129","2025-08-24 12:57:05.684 PM","1.385"
"130","2025-08-24 12:57:05.685 PM","1.385"
"131","2025-08-24 12:57:05.686 PM","1.385"
"132","2025-08-24 12:57:05.687 PM","1.385"
"133","2025-08-24 12:57:05.688 PM","1.385"
"134","2025-08-24 12:57:05.689 PM","1.385"
"135","2025-08-24 12:57:05.690 PM","1.380"
"136","2025-08-24 12:57:05.691 PM","1.385"
"137","2025-08-24 12:57:05.692 PM","1.385"
"138","2025-08-24 12:57:05.693 PM","1.595"
"139","2025-08-24 12:57:05.694 PM","1.595"
"140","2025-08-24 12:57:05.695 PM","1.600"
"141","2025-08-24 12:57:05.696 PM","1.600"
"142","2025-08-24 12:57:05.697 PM","1.595"
"143","2025-08-24 12:57:05.698 PM","1.595"
"144","2025-08-24 12:57:05.699 PM","1.604"
"145","2025-08-24 12:57:05.700 PM","1.604"
"146","2025-08-24 12:57:05.701 PM","1.634"
"147","2025-08-24 12:57:05.702 PM","1.595"
"148","2025-08-24 12:57:05.703 PM","1.595"
"149","2025-08-24 12:57:05.704 PM","1.595"
"150","2025-08-24 12:57:05.705 PM","1.595"
"151","2025-08-24 12:57:05.706 PM","1.595"
"152","2025-08-24 12:57:05.707 PM","1.595"
"153","2025-08-24 12:57:05.708 PM","1.595"
"154","2025-08-24 12:57:05.709 PM","1.595"
"155","2025-08-24 12:57:05.710 PM","1.385"
"156","2025-08-24 12:57:05.711 PM","1.385"
"157","2025-08-24 12:57:05.712 PM","1.385"
"158","2025-08-24 12:57:05.713 PM","1.389"
"159","2025-08-24 12:57:05.714 PM","1.385"
"160","2025-08-24 12:57:05.715 PM","1.389"
"161","2025-08-24 12:57:05.716 PM","1.385"
"162","2025-08-24 12:57:05.717 PM","1.385"
"163","2025-08-24 12:57:05.718 PM","1.385"
"164","2025-08-24 12:57:05.719 PM","1.385"
"165","2025-08-24 12:57:05.720 PM","1.380"
"166","2025-08-24 12:57:05.721 PM","1.380"
"167","2025-08-24 12:57:05.722 PM","1.385"
"168","2025-08-24 12:57:05.723 PM","1.380"
"169","2025-08-24 12:57:05.724 PM","1.385"
"170","2025-08-24 12:57:05.725 PM","1.385"
"171","2025-08-24 12:57:05.726 PM","1.595"
"172","2025-08-24 12:57:05.727 PM","1.595"
"173","2025-08-24 12:57:05.728 PM","1.595"
"174","2025-08-24 12:57:05.729 PM","1.595"
"175","2025-08-24 12:57:05.730 PM","1.595"
"176","2025-08-24 12:57:05.731 PM","1.595"
"177","2025-08-24 12:57:05.732 PM","1.604"
"178","2025-08-24 12:57:05.733 PM","1.604"
"179","2025-08-24 12:57:05.734 PM","1.595"
"180","2025-08-24 12:57:05.735 PM","1.595"
"181","2025-08-24 12:57:05.736 PM","1.595"
"182","2025-08-24 12:57:05.737 PM","1.595"
"183","2025-08-24 12:57:05.738 PM","1.590"
"184","2025-08-24 12:57:05.739 PM","1.595"
"185","2025-08-24 12:57:05.740 PM","1.595"
"186","2025-08-24 12:57:05.741 PM","1.595"
"187","2025-08-24 12:57:05.742 PM","1.595"
"188","2025-08-24 12:57:05.743 PM","1.385"
"189","2025-08-24 12:57:05.744 PM","1.385"
"190","2025-08-24 12:57:05.745 PM","1.385"
"191","2025-08-24 12:57:05.746 PM","1.385"
"192","2025-08-24 12:57:05.747 PM","1.385"
"193","2025-08-24 12:57:05.748 PM","1.385"
"194","2025-08-24 12:57:05.749 PM","1.385"
"195","2025-08-24 12:57:05.750 PM","1.385"
"196","2025-08-24 12:57:05.751 PM","1.385"
"197","2025-08-24 12:57:05.752 PM","1.380"
"198","2025-08-24 12:57:05.753 PM","1.380"
"199","2025-08-24 12:57:05.754 PM","1.380"
"200","2025-08-24 12:57:05.755 PM","1.380"
"201","2025-08-24 12:57:05.756 PM","1.380"
"202","2025-08-24 12:57:05.757 PM","1.385"
"203","2025-08-24 12:57:05.758 PM","1.385"
"204","2025-08-24 12:57:05.759 PM","1.614"
"205","2025-08-24 12:57:05.760 PM","1.614"
"206","2025-08-24 12:57:05.761 PM","1.614"
"207","2025-08-24 12:57:05.762 PM","1.614"
"208","2025-08-24 12:57:05.763 PM","1.614"
"209","2025-08-24 12:57:05.764 PM","1.614"
"210","2025-08-24 12:57:05.765 PM","1.629"
"211","2025-08-24 12:57:05.766 PM","1.614"
"212","2025-08-24 12:57:05.767 PM","1.614"
"213","2025-08-24 12:57:05.768 PM","1.609"
"214","2025-08-24 12:57:05.769 PM","1.614"
"215","2025-08-24 12:57:05.770 PM","1.614"
"216","2025-08-24 12:57:05.771 PM","1.609"
"217","2025-08-24 12:57:05.772 PM","1.609"
"218","2025-08-24 12:57:05.773 PM","1.609"
"219","2025-08-24 12:57:05.774 PM","1.614"
"220","2025-08-24 12:57:05.775 PM","1.614"
"221","2025-08-24 12:57:05.776 PM","1.385"
"222","2025-08-24 12:57:05.777 PM","1.385"
"223","2025-08-24 12:57:05.778 PM","1.385"
"224","2025-08-24 12:57:05.779 PM","1.385"
"225","2025-08-24 12:57:05.780 PM","1.389"
"226","2025-08-24 12:57:05.781 PM","1.389"
"227","2025-08-24 12:57:05.782 PM","1.385"
"228","2025-08-24 12:57:05.783 PM","1.385"
"229","2025-08-24 12:57:05.784 PM","1.385"
"230","2025-08-24 12:57:05.785 PM","1.385"
"231","2025-08-24 12:57:05.786 PM","1.380"
"232","2025-08-24 12:57:05.787 PM","1.380"
"233","2025-08-24 12:57:05.788 PM","1.380"
"234","2025-08-24 12:57:05.789 PM","1.380"
"235","2025-08-24 12:57:05.790 PM","1.385"
"236","2025-08-24 12:57:05.791 PM","1.385"
"237","2025-08-24 12:57:05.792 PM","1.614"
"238","2025-08-24 12:57:05.793 PM","1.614"
"239","2025-08-24 12:57:05.794 PM","1.614"
"240","2025-08-24 12:57:05.795 PM","1.614"
"241","2025-08-24 12:57:05.796 PM","1.614"
"242","2025-08-24 12:57:05.797 PM","1.614"
"243","2025-08-24 12:57:05.798 PM","1.614"
"244","2025-08-24 12:57:05.799 PM","1.614"
"245","2025-08-24 12:57:05.800 PM","1.614"
"246","2025-08-24 12:57:05.801 PM","1.609"
"247","2025-08-24 12:57:05.802 PM","1.609"
"248","2025-08-24 12:57:05.803 PM","1.614"
"249","2025-08-24 12:57:05.804 PM","1.609"
"250","2025-08-24 12:57:05.805 PM","1.609"
"251","2025-08-24 12:57:05.806 PM","1.609"
"252","2025-08-24 12:57:05.807 PM","1.614"
"253","2025-08-24 12:57:05.808 PM","1.614"
"254","2025-08-24 12:57:05.809 PM","1.365"
"255","2025-08-24 12:57:05.810 PM","1.370"
"256","2025-08-24 12:57:05.811 PM","1.370"
"257","2025-08-24 12:57:05.812 PM","1.365"
"258","2025-08-24 12:57:05.813 PM","1.365"
"259","2025-08-24 12:57:05.814 PM","1.370"
"260","2025-08-24 12:57:05.815 PM","1.365"
"261","2025-08-24 12:57:05.816 PM","1.365"
"262","2025-08-24 12:57:05.817 PM","1.365"
"263","2025-08-24 12:57:05.818 PM","1.360"
"264","2025-08-24 12:57:05.819 PM","1.365"
"265","2025-08-24 12:57:05.820 PM","1.360"
"266","2025-08-24 12:57:05.821 PM","1.365"
"267","2025-08-24 12:57:05.822 PM","1.365"
"268","2025-08-24 12:57:05.823 PM","1.365"
"269","2025-08-24 12:57:05.824 PM","1.365"
"270","2025-08-24 12:57:05.825 PM","1.639"
"271","2025-08-24 12:57:05.826 PM","1.639"
"272","2025-08-24 12:57:05.827 PM","1.639"
"273","2025-08-24 12:57:05.828 PM","1.634"
"274","2025-08-24 12:57:05.829 PM","1.639"
"275","2025-08-24 12:57:05.830 PM","1.634"
"276","2025-08-24 12:57:05.831 PM","1.639"
"277","2025-08-24 12:57:05.832 PM","1.634"
"278","2025-08-24 12:57:05.833 PM","1.634"
"279","2025-08-24 12:57:05.834 PM","1.634"
"280","2025-08-24 12:57:05.835 PM","1.634"
"281","2025-08-24 12:57:05.836 PM","1.634"
"282","2025-08-24 12:57:05.837 PM","1.634"
"283","2025-08-24 12:57:05.838 PM","1.634"
"284","2025-08-24 12:57:05.839 PM","1.634"
"285","2025-08-24 12:57:05.840 PM","1.639"
"286","2025-08-24 12:57:05.841 PM","1.639"
"287","2025-08-24 12:57:05.842 PM","1.370"
"288","2025-08-24 12:57:05.843 PM","1.365"
"289","2025-08-24 12:57:05.844 PM","1.370"
"290","2025-08-24 12:57:05.845 PM","1.370"
"291","2025-08-24 12:57:05.846 PM","1.370"
"292","2025-08-24 12:57:05.847 PM","1.365"
"293","2025-08-24 12:57:05.848 PM","1.365"
"294","2025-08-24 12:57:05.849 PM","1.365"
"295","2025-08-24 12:57:05.850 PM","1.365"
"296","2025-08-24 12:57:05.851 PM","1.365"
"297","2025-08-24 12:57:05.852 PM","1.365"
"298","2025-08-24 12:57:05.853 PM","1.365"
"299","2025-08-24 12:57:05.854 PM","1.365"
"300","2025-08-24 12:57:05.855 PM","1.360"
"301","2025-08-24 12:57:05.856 PM","1.365"
"302","2025-08-24 12:57:05.857 PM","1.365"
"303","2025-08-24 12:57:05.858 PM","1.639"
"304","2025-08-24 12:57:05.859 PM","1.639"
"305","2025-08-24 12:57:05.860 PM","1.639"
"306","2025-08-24 12:57:05.861 PM","1.634"
"307","2025-08-24 12:57:05.862 PM","1.639"
"308","2025-08-24 12:57:05.863 PM","1.639"
"309","2025-08-24 12:57:05.864 PM","1.639"
"310","2025-08-24 12:57:05.865 PM","1.639"
"311","2025-08-24 12:57:05.866 PM","1.634"
"312","2025-08-24 12:57:05.867 PM","1.634"
"313","2025-08-24 12:57:05.868 PM","1.634"
"314","2025-08-24 12:57:05.869 PM","1.634"
"315","2025-08-24 12:57:05.870 PM","1.634"
"316","2025-08-24 12:57:05.871 PM","1.634"
"317","2025-08-24 12:57:05.872 PM","1.634"
"318","2025-08-24 12:57:05.873 PM","1.634"
"319","2025-08-24 12:57:05.874 PM","1.639"
"320","2025-08-24 12:57:05.875 PM","1.370"
"321","2025-08-24 12:57:05.876 PM","1.370"
"322","2025-08-24 12:57:05.877 PM","1.365"
"323","2025-08-24 12:57:05.878 PM","1.370"
"324","2025-08-24 12:57:05.879 PM","1.370"
"325","2025-08-24 12:57:05.880 PM","1.370"
"326","2025-08-24 12:57:05.881 PM","1.365"
"327","2025-08-24 12:57:05.882 PM","1.365"
"328","2025-08-24 12:57:05.883 PM","1.365"
"329","2025-08-24 12:57:05.884 PM","1.360"
"330","2025-08-24 12:57:05.885 PM","1.365"
"331","2025-08-24 12:57:05.886 PM","1.360"
"332","2025-08-24 12:57:05.887 PM","1.365"
"333","2025-08-24 12:57:05.888 PM","1.360"
"334","2025-08-24 12:57:05.889 PM","1.365"
"335","2025-08-24 12:57:05.890 PM","1.365"
"336","2025-08-24 12:57:05.891 PM","1.639"
"337","2025-08-24 12:57:05.892 PM","1.634"
"338","2025-08-24 12:57:05.893 PM","1.639"
"339","2025-08-24 12:57:05.894 PM","1.639"
"340","2025-08-24 12:57:05.895 PM","1.639"
"341","2025-08-24 12:57:05.896 PM","1.639"
"342","2025-08-24 12:57:05.897 PM","1.639"
"343","2025-08-24 12:57:05.898 PM","1.634"
"344","2025-08-24 12:57:05.899 PM","1.634"
"345","2025-08-24 12:57:05.900 PM","1.634"
"346","2025-08-24 12:57:05.901 PM","1.634"
"347","2025-08-24 12:57:05.902 PM","1.634"
"348","2025-08-24 12:57:05.903 PM","1.634"
"349","2025-08-24 12:57:05.904 PM","1.634"
"350","2025-08-24 12:57:05.905 PM","1.634"
"351","2025-08-24 12:57:05.906 PM","1.634"
"352","2025-08-24 12:57:05.907 PM","1.639"
"353","2025-08-24 12:57:05.908 PM","1.370"
"354","2025-08-24 12:57:05.909 PM","1.365"
"355","2025-08-24 12:57:05.910 PM","1.370"
"356","2025-08-24 12:57:05.911 PM","1.370"
"357","2025-08-24 12:57:05.912 PM","1.365"
"358","2025-08-24 12:57:05.913 PM","1.370"
"359","2025-08-24 12:57:05.914 PM","1.365"
"360","2025-08-24 12:57:05.915 PM","1.365"
"361","2025-08-24 12:57:05.916 PM","1.365"
"362","2025-08-24 12:57:05.917 PM","1.365"
"363","2025-08-24 12:57:05.918 PM","1.365"
"364","2025-08-24 12:57:05.919 PM","1.360"
"365","2025-08-24 12:57:05.920 PM","1.360"
"366","2025-08-24 12:57:05.921 PM","1.360"
"367","2025-08-24 12:57:05.922 PM","1.365"
"368","2025-08-24 12:57:05.923 PM","1.365"
"369","2025-08-24 12:57:05.924 PM","1.639"
"370","2025-08-24 12:57:05.925 PM","1.634"
"371","2025-08-24 12:57:05.926 PM","1.634"
"372","2025-08-24 12:57:05.927 PM","1.639"
"373","2025-08-24 12:57:05.928 PM","1.639"
"374","2025-08-24 12:57:05.929 PM","1.639"
"375","2025-08-24 12:57:05.930 PM","1.639"
"376","2025-08-24 12:57:05.931 PM","1.639"
"377","2025-08-24 12:57:05.932 PM","1.634"
"378","2025-08-24 12:57:05.933 PM","1.634"
"379","2025-08-24 12:57:05.934 PM","1.634"
"380","2025-08-24 12:57:05.935 PM","1.634"
"381","2025-08-24 12:57:05.936 PM","1.634"
"382","2025-08-24 12:57:05.937 PM","1.634"
"383","2025-08-24 12:57:05.938 PM","1.634"
"384","2025-08-24 12:57:05.939 PM","1.634"
"385","2025-08-24 12:57:05.940 PM","1.639"
"386","2025-08-24 12:57:05.941 PM","1.370"
"387","2025-08-24 12:57:05.942 PM","1.370"
"388","2025-08-24 12:57:05.943 PM","1.370"
"389","2025-08-24 12:57:05.944 PM","1.370"
"390","2025-08-24 12:57:05.945 PM","1.370"
"391","2025-08-24 12:57:05.946 PM","1.370"
"392","2025-08-24 12:57:05.947 PM","1.365"
"393","2025-08-24 12:57:05.948 PM","1.365"
"394","2025-08-24 12:57:05.949 PM","1.365"
"395","2025-08-24 12:57:05.950 PM","1.365"
"396","2025-08-24 12:57:05.951 PM","1.360"
"397","2025-08-24 12:57:05.952 PM","1.365"
"398","2025-08-24 12:57:05.953 PM","1.360"
"399","2025-08-24 12:57:05.954 PM","1.360"
"400","2025-08-24 12:57:05.955 PM","1.365"
"401","2025-08-24 12:57:05.956 PM","1.370"
"402","2025-08-24 12:57:05.957 PM","1.370"
"403","2025-08-24 12:57:05.958 PM","1.639"
"404","2025-08-24 12:57:05.959 PM","1.639"
"405","2025-08-24 12:57:05.960 PM","1.634"
"406","2025-08-24 12:57:05.961 PM","1.639"
"407","2025-08-24 12:57:05.962 PM","1.639"
"408","2025-08-24 12:57:05.963 PM","1.639"
"409","2025-08-24 12:57:05.964 PM","1.634"
"410","2025-08-24 12:57:05.965 PM","1.634"
"411","2025-08-24 12:57:05.966 PM","1.634"
"412","2025-08-24 12:57:05.967 PM","1.634"
"413","2025-08-24 12:57:05.968 PM","1.634"
"414","2025-08-24 12:57:05.969 PM","1.634"
"415","2025-08-24 12:57:05.970 PM","1.634"
"416","2025-08-24 12:57:05.971 PM","1.634"
"417","2025-08-24 12:57:05.972 PM","1.634"
"418","2025-08-24 12:57:05.973 PM","1.634"
"419","2025-08-24 12:57:05.974 PM","1.365"
"420","2025-08-24 12:57:05.975 PM","1.370"
"421","2025-08-24 12:57:05.976 PM","1.370"
"422","2025-08-24 12:57:05.977 PM","1.370"
"423","2025-08-24 12:57:05.978 PM","1.365"
"424","2025-08-24 12:57:05.979 PM","1.370"
"425","2025-08-24 12:57:05.980 PM","1.365"
"426","2025-08-24 12:57:05.981 PM","1.365"
"427","2025-08-24 12:57:05.982 PM","1.365"
"428","2025-08-24 12:57:05.983 PM","1.360"
"429","2025-08-24 12:57:05.984 PM","1.360"
"430","2025-08-24 12:57:05.985 PM","1.360"
"431","2025-08-24 12:57:05.986 PM","1.360"
"432","2025-08-24 12:57:05.987 PM","1.355"
"433","2025-08-24 12:57:05.988 PM","1.365"
"434","2025-08-24 12:57:05.989 PM","1.370"
"435","2025-08-24 12:57:05.990 PM","1.370"
"436","2025-08-24 12:57:05.991 PM","1.653"
"437","2025-08-24 12:57:05.992 PM","1.658"
"438","2025-08-24 12:57:05.993 PM","1.653"
"439","2025-08-24 12:57:05.994 PM","1.653"
"440","2025-08-24 12:57:05.995 PM","1.653"
"441","2025-08-24 12:57:05.996 PM","1.653"
"442","2025-08-24 12:57:05.997 PM","1.653"
"443","2025-08-24 12:57:05.998 PM","1.653"
"444","2025-08-24 12:57:05.999 PM","1.653"
"445","2025-08-24 12:57:06.000 PM","1.653"
"446","2025-08-24 12:57:06.001 PM","1.653"
"447","2025-08-24 12:57:06.002 PM","1.653"
"448","2025-08-24 12:57:06.003 PM","1.653"
"449","2025-08-24 12:57:06.004 PM","1.653"
"450","2025-08-24 12:57:06.005 PM","1.653"
"451","2025-08-24 12:57:06.006 PM","1.653"
"452","2025-08-24 12:57:06.007 PM","1.346"
"453","2025-08-24 12:57:06.008 PM","1.346"
"454","2025-08-24 12:57:06.009 PM","1.346"
"455","2025-08-24 12:57:06.010 PM","1.350"
"456","2025-08-24 12:57:06.011 PM","1.346"
"457","2025-08-24 12:57:06.012 PM","1.346"
"458","2025-08-24 12:57:06.013 PM","1.346"
"459","2025-08-24 12:57:06.014 PM","1.341"
"460","2025-08-24 12:57:06.015 PM","1.341"
"461","2025-08-24 12:57:06.016 PM","1.346"
"462","2025-08-24 12:57:06.017 PM","1.341"
"463","2025-08-24 12:57:06.018 PM","1.341"
"464","2025-08-24 12:57:06.019 PM","1.341"
"465","2025-08-24 12:57:06.020 PM","1.350"
"466","2025-08-24 12:57:06.021 PM","1.346"
"467","2025-08-24 12:57:06.022 PM","1.346"
"468","2025-08-24 12:57:06.023 PM","1.350"
"469","2025-08-24 12:57:06.024 PM","1.653"
"470","2025-08-24 12:57:06.025 PM","1.658"
"471","2025-08-24 12:57:06.026 PM","1.653"
"472","2025-08-24 12:57:06.027 PM","1.653"
"473","2025-08-24 12:57:06.028 PM","1.658"
"474","2025-08-24 12:57:06.029 PM","1.658"
"475","2025-08-24 12:57:06.030 PM","1.653"
"476","2025-08-24 12:57:06.031 PM","1.653"
"477","2025-08-24 12:57:06.032 PM","1.653"
"478","2025-08-24 12:57:06.033 PM","1.653"
"479","2025-08-24 12:57:06.034 PM","1.653"
"480","2025-08-24 12:57:06.035 PM","1.653"
"481","2025-08-24 12:57:06.036 PM","1.653"
"482","2025-08-24 12:57:06.037 PM","1.653"
"483","2025-08-24 12:57:06.038 PM","1.653"
"484","2025-08-24 12:57:06.039 PM","1.658"
"485","2025-08-24 12:57:06.040 PM","1.346"
"486","2025-08-24 12:57:06.041 PM","1.346"
"487","2025-08-24 12:57:06.042 PM","1.346"
"488","2025-08-24 12:57:06.043 PM","1.346"
"489","2025-08-24 12:57:06.044 PM","1.350"
"490","2025-08-24 12:57:06.045 PM","1.346"
"491","2025-08-24 12:57:06.046 PM","1.341"
"492","2025-08-24 12:57:06.047 PM","1.346"
"493","2025-08-24 12:57:06.048 PM","1.341"
"494","2025-08-24 12:57:06.049 PM","1.346"
"495","2025-08-24 12:57:06.050 PM","1.341"
"496","2025-08-24 12:57:06.051 PM","1.336"
"497","2025-08-24 12:57:06.052 PM","1.341"
"498","2025-08-24 12:57:06.053 PM","1.350"
"499","2025-08-24 12:57:06.054 PM","1.346"
"500","2025-08-24 12:57:06.055 PM","1.346"
"501","2025-08-24 12:57:06.056 PM","1.346"
"502","2025-08-24 12:57:06.057 PM","1.653"
"503","2025-08-24 12:57:06.058 PM","1.653"
"504","2025-08-24 12:57:06.059 PM","1.658"
"505","2025-08-24 12:57:06.060 PM","1.658"
"506","2025-08-24 12:57:06.061 PM","1.653"
"507","2025-08-24 12:57:06.062 PM","1.653"
"508","2025-08-24 12:57:06.063 PM","1.658"
"509","2025-08-24 12:57:06.064 PM","1.653"
"510","2025-08-24 12:57:06.065 PM","1.653"
"511","2025-08-24 12:57:06.066 PM","1.653"
"512","2025-08-24 12:57:06.067 PM","1.653"
"513","2025-08-24 12:57:06.068 PM","1.653"
"514","2025-08-24 12:57:06.069 PM","1.653"
"515","2025-08-24 12:57:06.070 PM","1.653"
"516","2025-08-24 12:57:06.071 PM","1.653"
"517","2025-08-24 12:57:06.072 PM","1.653"
"518","2025-08-24 12:57:06.073 PM","1.346"
"519","2025-08-24 12:57:06.074 PM","1.346"
"520","2025-08-24 12:57:06.075 PM","1.350"
"521","2025-08-24 12:57:06.076 PM","1.346"
"522","2025-08-24 12:57:06.077 PM","1.346"
"523","2025-08-24 12:57:06.078 PM","1.350"
"524","2025-08-24 12:57:06.079 PM","1.346"
"525","2025-08-24 12:57:06.080 PM","1.341"
"526","2025-08-24 12:57:06.081 PM","1.341"
"527","2025-08-24 12:57:06.082 PM","1.341"
"528","2025-08-24 12:57:06.083 PM","1.336"
"529","2025-08-24 12:57:06.084 PM","1.336"
"530","2025-08-24 12:57:06.085 PM","1.350"
"531","2025-08-24 12:57:06.086 PM","1.350"
"532","2025-08-24 12:57:06.087 PM","1.350"
"533","2025-08-24 12:57:06.088 PM","1.346"
"534","2025-08-24 12:57:06.089 PM","1.350"
"535","2025-08-24 12:57:06.090 PM","1.653"
"536","2025-08-24 12:57:06.091 PM","1.653"
"537","2025-08-24 12:57:06.092 PM","1.653"
"538","2025-08-24 12:57:06.093 PM","1.653"
"539","2025-08-24 12:57:06.094 PM","1.658"
"540","2025-08-24 12:57:06.095 PM","1.653"
"541","2025-08-24 12:57:06.096 PM","1.653"
"542","2025-08-24 12:57:06.097 PM","1.653"
"543","2025-08-24 12:57:06.098 PM","1.653"
"544","2025-08-24 12:57:06.099 PM","1.653"
"545","2025-08-24 12:57:06.100 PM","1.653"
"546","2025-08-24 12:57:06.101 PM","1.658"
"547","2025-08-24 12:57:06.102 PM","1.653"
"548","2025-08-24 12:57:06.103 PM","1.648"
"549","2025-08-24 12:57:06.104 PM","1.653"
"550","2025-08-24 12:57:06.105 PM","1.653"
"551","2025-08-24 12:57:06.106 PM","1.350"
"552","2025-08-24 12:57:06.107 PM","1.346"
"553","2025-08-24 12:57:06.108 PM","1.346"
"554","2025-08-24 12:57:06.109 PM","1.350"
"555","2025-08-24 12:57:06.110 PM","1.346"
"556","2025-08-24 12:57:06.111 PM","1.350"
"557","2025-08-24 12:57:06.112 PM","1.341"
"558","2025-08-24 12:57:06.113 PM","1.341"
"559","2025-08-24 12:57:06.114 PM","1.341"
"560","2025-08-24 12:57:06.115 PM","1.341"
"561","2025-08-24 12:57:06.116 PM","1.336"
"562","2025-08-24 12:57:06.117 PM","1.350"
"563","2025-08-24 12:57:06.118 PM","1.350"
"564","2025-08-24 12:57:06.119 PM","1.350"
"565","2025-08-24 12:57:06.120 PM","1.346"
"566","2025-08-24 12:57:06.121 PM","1.346"
"567","2025-08-24 12:57:06.122 PM","1.346"
"568","2025-08-24 12:57:06.123 PM","1.653"
"569","2025-08-24 12:57:06.124 PM","1.658"
"570","2025-08-24 12:57:06.125 PM","1.653"
"571","2025-08-24 12:57:06.126 PM","1.658"
"572","2025-08-24 12:57:06.127 PM","1.658"
"573","2025-08-24 12:57:06.128 PM","1.658"
"574","2025-08-24 12:57:06.129 PM","1.653"
"575","2025-08-24 12:57:06.130 PM","1.653"
"576","2025-08-24 12:57:06.131 PM","1.653"
"577","2025-08-24 12:57:06.132 PM","1.653"
"578","2025-08-24 12:57:06.133 PM","1.653"
"579","2025-08-24 12:57:06.134 PM","1.653"
"580","2025-08-24 12:57:06.135 PM","1.653"
"581","2025-08-24 12:57:06.136 PM","1.648"
"582","2025-08-24 12:57:06.137 PM","1.653"
"583","2025-08-24 12:57:06.138 PM","1.653"
"584","2025-08-24 12:57:06.139 PM","1.346"
"585","2025-08-24 12:57:06.140 PM","1.346"
"586","2025-08-24 12:57:06.141 PM","1.350"
"587","2025-08-24 12:57:06.142 PM","1.350"
"588","2025-08-24 12:57:06.143 PM","1.346"
"589","2025-08-24 12:57:06.144 PM","1.346"
"590","2025-08-24 12:57:06.145 PM","1.341"
"591","2025-08-24 12:57:06.146 PM","1.341"
"592","2025-08-24 12:57:06.147 PM","1.341"
"593","2025-08-24 12:57:06.148 PM","1.341"
"594","2025-08-24 12:57:06.149 PM","1.355"
"595","2025-08-24 12:57:06.150 PM","1.350"
"596","2025-08-24 12:57:06.151 PM","1.350"
"597","2025-08-24 12:57:06.152 PM","1.355"
"598","2025-08-24 12:57:06.153 PM","1.346"
"599","2025-08-24 12:57:06.154 PM","1.346"
"600","2025-08-24 12:57:06.155 PM","1.346"
"601","2025-08-24 12:57:06.156 PM","1.653"
"602","2025-08-24 12:57:06.157 PM","1.653"
"603","2025-08-24 12:57:06.158 PM","1.653"
"604","2025-08-24 12:57:06.159 PM","1.658"
"605","2025-08-24 12:57:06.160 PM","1.653"
"606","2025-08-24 12:57:06.161 PM","1.653"
"607","2025-08-24 12:57:06.162 PM","1.653"
"608","2025-08-24 12:57:06.163 PM","1.653"
"609","2025-08-24 12:57:06.164 PM","1.653"
"610","2025-08-24 12:57:06.165 PM","1.648"
"611","2025-08-24 12:57:06.166 PM","1.653"
"612","2025-08-24 12:57:06.167 PM","1.653"
"613","2025-08-24 12:57:06.168 PM","1.653"
"614","2025-08-24 12:57:06.169 PM","1.653"
"615","2025-08-24 12:57:06.170 PM","1.653"
"616","2025-08-24 12:57:06.171 PM","1.658"
"617","2025-08-24 12:57:06.172 PM","1.350"
"618","2025-08-24 12:57:06.173 PM","1.350"
"619","2025-08-24 12:57:06.174 PM","1.346"
"620","2025-08-24 12:57:06.175 PM","1.346"
"621","2025-08-24 12:57:06.176 PM","1.346"
"622","2025-08-24 12:57:06.177 PM","1.350"
"623","2025-08-24 12:57:06.178 PM","1.341"
"624","2025-08-24 12:57:06.179 PM","1.341"
"625","2025-08-24 12:57:06.180 PM","1.336"
"626","2025-08-24 12:57:06.181 PM","1.341"
"627","2025-08-24 12:57:06.182 PM","1.350"
"628","2025-08-24 12:57:06.183 PM","1.355"
"629","2025-08-24 12:57:06.184 PM","1.355"
"630","2025-08-24 12:57:06.185 PM","1.355"
"631","2025-08-24 12:57:06.186 PM","1.346"
"632","2025-08-24 12:57:06.187 PM","1.346"
"633","2025-08-24 12:57:06.188 PM","1.346"
"634","2025-08-24 12:57:06.189 PM","1.653"
"635","2025-08-24 12:57:06.190 PM","1.653"
"636","2025-08-24 12:57:06.191 PM","1.653"
"637","2025-08-24 12:57:06.192 PM","1.653"
"638","2025-08-24 12:57:06.193 PM","1.653"
"639","2025-08-24 12:57:06.194 PM","1.653"
"640","2025-08-24 12:57:06.195 PM","1.648"
"641","2025-08-24 12:57:06.196 PM","1.653"
"642","2025-08-24 12:57:06.197 PM","1.653"
"643","2025-08-24 12:57:06.198 PM","1.653"
"644","2025-08-24 12:57:06.199 PM","1.653"
"645","2025-08-24 12:57:06.200 PM","1.648"
"646","2025-08-24 12:57:06.201 PM","1.653"
"647","2025-08-24 12:57:06.202 PM","1.648"
"648","2025-08-24 12:57:06.203 PM","1.653"
"649","2025-08-24 12:57:06.204 PM","1.653"
"650","2025-08-24 12:57:06.205 PM","1.346"
"651","2025-08-24 12:57:06.206 PM","1.346"
"652","2025-08-24 12:57:06.207 PM","1.346"
"653","2025-08-24 12:57:06.208 PM","1.350"
"654","2025-08-24 12:57:06.209 PM","1.350"
"655","2025-08-24 12:57:06.210 PM","1.350"
"656","2025-08-24 12:57:06.211 PM","1.346"
"657","2025-08-24 12:57:06.212 PM","1.341"
"658","2025-08-24 12:57:06.213 PM","1.341"
"659","2025-08-24 12:57:06.214 PM","1.350"
"660","2025-08-24 12:57:06.215 PM","1.355"
"661","2025-08-24 12:57:06.216 PM","1.355"
"662","2025-08-24 12:57:06.217 PM","1.355"
"663","2025-08-24 12:57:06.218 PM","1.346"
"664","2025-08-24 12:57:06.219 PM","1.346"
"665","2025-08-24 12:57:06.220 PM","1.346"
"666","2025-08-24 12:57:06.221 PM","1.346"
"667","2025-08-24 12:57:06.222 PM","1.653"
"668","2025-08-24 12:57:06.223 PM","1.653"
"669","2025-08-24 12:57:06.224 PM","1.653"
"670","2025-08-24 12:57:06.225 PM","1.653"
"671","2025-08-24 12:57:06.226 PM","1.653"
"672","2025-08-24 12:57:06.227 PM","1.653"
"673","2025-08-24 12:57:06.228 PM","1.653"
"674","2025-08-24 12:57:06.229 PM","1.653"
"675","2025-08-24 12:57:06.230 PM","1.653"
"676","2025-08-24 12:57:06.231 PM","1.653"
"677","2025-08-24 12:57:06.232 PM","1.653"
"678","2025-08-24 12:57:06.233 PM","1.653"
"679","2025-08-24 12:57:06.234 PM","1.653"
"680","2025-08-24 12:57:06.235 PM","1.653"
"681","2025-08-24 12:57:06.236 PM","1.653"
"682","2025-08-24 12:57:06.237 PM","1.653"
"683","2025-08-24 12:57:06.238 PM","1.346"
"684","2025-08-24 12:57:06.239 PM","1.350"
"685","2025-08-24 12:57:06.240 PM","1.346"
"686","2025-08-24 12:57:06.241 PM","1.346"
"687","2025-08-24 12:57:06.242 PM","1.346"
"688","2025-08-24 12:57:06.243 PM","1.350"
"689","2025-08-24 12:57:06.244 PM","1.346"
"690","2025-08-24 12:57:06.245 PM","1.341"
"691","2025-08-24 12:57:06.246 PM","1.350"
"692","2025-08-24 12:57:06.247 PM","1.355"
"693","2025-08-24 12:57:06.248 PM","1.355"
"694","2025-08-24 12:57:06.249 PM","1.355"
"695","2025-08-24 12:57:06.250 PM","1.346"
"696","2025-08-24 12:57:06.251 PM","1.346"
"697","2025-08-24 12:57:06.252 PM","1.346"
"698","2025-08-24 12:57:06.253 PM","1.346"
"699","2025-08-24 12:57:06.254 PM","1.346"
"700","2025-08-24 12:57:06.255 PM","1.658"
"701","2025-08-24 12:57:06.256 PM","1.658"
"702","2025-08-24 12:57:06.257 PM","1.653"
"703","2025-08-24 12:57:06.258 PM","1.653"
"704","2025-08-24 12:57:06.259 PM","1.658"
"705","2025-08-24 12:57:06.260 PM","1.658"
"706","2025-08-24 12:57:06.261 PM","1.653"
"707","2025-08-24 12:57:06.262 PM","1.653"
"708","2025-08-24 12:57:06.263 PM","1.653"
"709","2025-08-24 12:57:06.264 PM","1.653"
"710","2025-08-24 12:57:06.265 PM","1.653"
"711","2025-08-24 12:57:06.266 PM","1.653"
"712","2025-08-24 12:57:06.267 PM","1.653"
"713","2025-08-24 12:57:06.268 PM","1.648"
"714","2025-08-24 12:57:06.269 PM","1.653"
"715","2025-08-24 12:57:06.270 PM","1.653"
"716","2025-08-24 12:57:06.271 PM","1.370"
"717","2025-08-24 12:57:06.272 PM","1.365"
"718","2025-08-24 12:57:06.273 PM","1.365"
"719","2025-08-24 12:57:06.274 PM","1.370"
"720","2025-08-24 12:57:06.275 PM","1.370"
"721","2025-08-24 12:57:06.276 PM","1.370"
"722","2025-08-24 12:57:06.277 PM","1.360"
"723","2025-08-24 12:57:06.278 PM","1.375"
"724","2025-08-24 12:57:06.279 PM","1.375"
"725","2025-08-24 12:57:06.280 PM","1.375"
"726","2025-08-24 12:57:06.281 PM","1.375"
"727","2025-08-24 12:57:06.282 PM","1.365"
"728","2025-08-24 12:57:06.283 PM","1.370"
"729","2025-08-24 12:57:06.284 PM","1.370"
"730","2025-08-24 12:57:06.285 PM","1.365"
"731","2025-08-24 12:57:06.286 PM","1.370"
"732","2025-08-24 12:57:06.287 PM","1.365"
"733","2025-08-24 12:57:06.288 PM","1.653"
"734","2025-08-24 12:57:06.289 PM","1.653"
"735","2025-08-24 12:57:06.290 PM","1.653"
"736","2025-08-24 12:57:06.291 PM","1.653"
"737","2025-08-24 12:57:06.292 PM","1.653"
"738","2025-08-24 12:57:06.293 PM","1.653"
"739","2025-08-24 12:57:06.294 PM","1.653"
"740","2025-08-24 12:57:06.295 PM","1.653"
"741","2025-08-24 12:57:06.296 PM","1.653"
"742","2025-08-24 12:57:06.297 PM","1.653"
"743","2025-08-24 12:57:06.298 PM","1.653"
"744","2025-08-24 12:57:06.299 PM","1.653"
"745","2025-08-24 12:57:06.300 PM","1.648"
"746","2025-08-24 12:57:06.301 PM","1.653"
"747","2025-08-24 12:57:06.302 PM","1.653"
"748","2025-08-24 12:57:06.303 PM","1.653"
"749","2025-08-24 12:57:06.304 PM","1.370"
"750","2025-08-24 12:57:06.305 PM","1.370"
"751","2025-08-24 12:57:06.306 PM","1.370"
"752","2025-08-24 12:57:06.307 PM","1.370"
"753","2025-08-24 12:57:06.308 PM","1.365"
"754","2025-08-24 12:57:06.309 PM","1.370"
"755","2025-08-24 12:57:06.310 PM","1.360"
"756","2025-08-24 12:57:06.311 PM","1.375"
"757","2025-08-24 12:57:06.312 PM","1.375"
"758","2025-08-24 12:57:06.313 PM","1.380"
"759","2025-08-24 12:57:06.314 PM","1.380"
"760","2025-08-24 12:57:06.315 PM","1.365"
"761","2025-08-24 12:57:06.316 PM","1.365"
"762","2025-08-24 12:57:06.317 PM","1.365"
"763","2025-08-24 12:57:06.318 PM","1.365"
"764","2025-08-24 12:57:06.319 PM","1.365"
"765","2025-08-24 12:57:06.320 PM","1.365"
"766","2025-08-24 12:57:06.321 PM","1.653"
"767","2025-08-24 12:57:06.322 PM","1.653"
"768","2025-08-24 12:57:06.323 PM","1.653"
"769","2025-08-24 12:57:06.324 PM","1.653"
"770","2025-08-24 12:57:06.325 PM","1.653"
"771","2025-08-24 12:57:06.326 PM","1.653"
"772","2025-08-24 12:57:06.327 PM","1.653"
"773","2025-08-24 12:57:06.328 PM","1.653"
"774","2025-08-24 12:57:06.329 PM","1.653"
"775","2025-08-24 12:57:06.330 PM","1.653"
"776","2025-08-24 12:57:06.331 PM","1.653"
"777","2025-08-24 12:57:06.332 PM","1.648"
"778","2025-08-24 12:57:06.333 PM","1.653"
"779","2025-08-24 12:57:06.334 PM","1.653"
"780","2025-08-24 12:57:06.335 PM","1.653"
"781","2025-08-24 12:57:06.336 PM","1.653"
"782","2025-08-24 12:57:06.337 PM","1.365"
"783","2025-08-24 12:57:06.338 PM","1.370"
"784","2025-08-24 12:57:06.339 PM","1.370"
"785","2025-08-24 12:57:06.340 PM","1.370"
"786","2025-08-24 12:57:06.341 PM","1.370"
"787","2025-08-24 12:57:06.342 PM","1.370"
"788","2025-08-24 12:57:06.343 PM","1.375"
"789","2025-08-24 12:57:06.344 PM","1.375"
"790","2025-08-24 12:57:06.345 PM","1.375"
"791","2025-08-24 12:57:06.346 PM","1.375"
"792","2025-08-24 12:57:06.347 PM","1.370"
"793","2025-08-24 12:57:06.348 PM","1.365"
"794","2025-08-24 12:57:06.349 PM","1.365"
"795","2025-08-24 12:57:06.350 PM","1.365"
"796","2025-08-24 12:57:06.351 PM","1.365"
"797","2025-08-24 12:57:06.352 PM","1.365"
"798","2025-08-24 12:57:06.353 PM","1.365"
"799","2025-08-24 12:57:06.354 PM","1.653"
"800","2025-08-24 12:57:06.355 PM","1.653"
"801","2025-08-24 12:57:06.356 PM","1.653"
"802","2025-08-24 12:57:06.357 PM","1.653"
"803","2025-08-24 12:57:06.358 PM","1.653"
"804","2025-08-24 12:57:06.359 PM","1.653"
"805","2025-08-24 12:57:06.360 PM","1.653"
"806","2025-08-24 12:57:06.361 PM","1.653"
"807","2025-08-24 12:57:06.362 PM","1.653"
"808","2025-08-24 12:57:06.363 PM","1.653"
"809","2025-08-24 12:57:06.364 PM","1.653"
"810","2025-08-24 12:57:06.365 PM","1.653"
"811","2025-08-24 12:57:06.366 PM","1.648"
"812","2025-08-24 12:57:06.367 PM","1.653"
"813","2025-08-24 12:57:06.368 PM","1.653"
"814","2025-08-24 12:57:06.369 PM","1.653"
"815","2025-08-24 12:57:06.370 PM","1.365"
"816","2025-08-24 12:57:06.371 PM","1.370"
"817","2025-08-24 12:57:06.372 PM","1.370"
"818","2025-08-24 12:57:06.373 PM","1.370"
"819","2025-08-24 12:57:06.374 PM","1.370"
"820","2025-08-24 12:57:06.375 PM","1.365"
"821","2025-08-24 12:57:06.376 PM","1.375"
"822","2025-08-24 12:57:06.377 PM","1.375"
"823","2025-08-24 12:57:06.378 PM","1.380"
"824","2025-08-24 12:57:06.379 PM","1.370"
"825","2025-08-24 12:57:06.380 PM","1.365"
"826","2025-08-24 12:57:06.381 PM","1.365"
"827","2025-08-24 12:57:06.382 PM","1.365"
"828","2025-08-24 12:57:06.383 PM","1.365"
"829","2025-08-24 12:57:06.384 PM","1.365"
"830","2025-08-24 12:57:06.385 PM","1.365"
"831","2025-08-24 12:57:06.386 PM","1.365"
"832","2025-08-24 12:57:06.387 PM","1.639"
"833","2025-08-24 12:57:06.388 PM","1.639"
"834","2025-08-24 12:57:06.389 PM","1.639"
"835","2025-08-24 12:57:06.390 PM","1.639"
"836","2025-08-24 12:57:06.391 PM","1.634"
"837","2025-08-24 12:57:06.392 PM","1.639"
"838","2025-08-24 12:57:06.393 PM","1.639"
"839","2025-08-24 12:57:06.394 PM","1.634"
"840","2025-08-24 12:57:06.395 PM","1.634"
"841","2025-08-24 12:57:06.396 PM","1.634"
"842","2025-08-24 12:57:06.397 PM","1.634"
"843","2025-08-24 12:57:06.398 PM","1.634"
"844","2025-08-24 12:57:06.399 PM","1.634"
"845","2025-08-24 12:57:06.400 PM","1.634"
"846","2025-08-24 12:57:06.401 PM","1.639"
"847","2025-08-24 12:57:06.402 PM","1.634"
"848","2025-08-24 12:57:06.403 PM","1.370"
"849","2025-08-24 12:57:06.404 PM","1.365"
"850","2025-08-24 12:57:06.405 PM","1.370"
"851","2025-08-24 12:57:06.406 PM","1.370"
"852","2025-08-24 12:57:06.407 PM","1.370"
"853","2025-08-24 12:57:06.408 PM","1.370"
"854","2025-08-24 12:57:06.409 PM","1.375"
"855","2025-08-24 12:57:06.410 PM","1.380"
"856","2025-08-24 12:57:06.411 PM","1.385"
"857","2025-08-24 12:57:06.412 PM","1.365"
"858","2025-08-24 12:57:06.413 PM","1.365"
"859","2025-08-24 12:57:06.414 PM","1.365"
"860","2025-08-24 12:57:06.415 PM","1.365"
"861","2025-08-24 12:57:06.416 PM","1.365"
"862","2025-08-24 12:57:06.417 PM","1.365"
"863","2025-08-24 12:57:06.418 PM","1.365"
"864","2025-08-24 12:57:06.419 PM","1.370"
"865","2025-08-24 12:57:06.420 PM","1.639"
"866","2025-08-24 12:57:06.421 PM","1.634"
"867","2025-08-24 12:57:06.422 PM","1.634"
"868","2025-08-24 12:57:06.423 PM","1.634"
"869","2025-08-24 12:57:06.424 PM","1.634"
"870","2025-08-24 12:57:06.425 PM","1.639"
"871","2025-08-24 12:57:06.426 PM","1.634"
"872","2025-08-24 12:57:06.427 PM","1.634"
"873","2025-08-24 12:57:06.428 PM","1.634"
"874","2025-08-24 12:57:06.429 PM","1.634"
"875","2025-08-24 12:57:06.430 PM","1.634"
"876","2025-08-24 12:57:06.431 PM","1.634"
"877","2025-08-24 12:57:06.432 PM","1.629"
"878","2025-08-24 12:57:06.433 PM","1.634"
"879","2025-08-24 12:57:06.434 PM","1.639"
"880","2025-08-24 12:57:06.435 PM","1.634"
"881","2025-08-24 12:57:06.436 PM","1.370"
"882","2025-08-24 12:57:06.437 PM","1.365"
"883","2025-08-24 12:57:06.438 PM","1.370"
"884","2025-08-24 12:57:06.439 PM","1.370"
"885","2025-08-24 12:57:06.440 PM","1.370"
"886","2025-08-24 12:57:06.441 PM","1.370"
"887","2025-08-24 12:57:06.442 PM","1.380"
"888","2025-08-24 12:57:06.443 PM","1.380"
"889","2025-08-24 12:57:06.444 PM","1.365"
"890","2025-08-24 12:57:06.445 PM","1.365"
"891","2025-08-24 12:57:06.446 PM","1.365"
"892","2025-08-24 12:57:06.447 PM","1.365"
"893","2025-08-24 12:57:06.448 PM","1.365"
"894","2025-08-24 12:57:06.449 PM","1.365"
"895","2025-08-24 12:57:06.450 PM","1.370"
"896","2025-08-24 12:57:06.451 PM","1.370"
"897","2025-08-24 12:57:06.452 PM","1.365"
"898","2025-08-24 12:57:06.453 PM","1.634"
"899","2025-08-24 12:57:06.454 PM","1.639"
"900","2025-08-24 12:57:06.455 PM","1.639"
"901","2025-08-24 12:57:06.456 PM","1.639"
"902","2025-08-24 12:57:06.457 PM","1.639"
"903","2025-08-24 12:57:06.458 PM","1.639"
"904","2025-08-24 12:57:06.459 PM","1.634"
"905","2025-08-24 12:57:06.460 PM","1.634"
"906","2025-08-24 12:57:06.461 PM","1.634"
