"Device: USB-205"
"Serial Number: 22B4008"
"Channel Count: 1"
"Sample Count: 10584"
"Start Time: 2025-08-24 11:49:08.646 AM"
"Scan Rate: 1000"
"Sample","Date/Time","AI0 (V)"
"0","2025-08-24 11:49:08.646 AM","1.653"
"1","2025-08-24 11:49:08.647 AM","1.653"
"2","2025-08-24 11:49:08.648 AM","1.653"
"3","2025-08-24 11:49:08.649 AM","1.653"
"4","2025-08-24 11:49:08.650 AM","1.653"
"5","2025-08-24 11:49:08.651 AM","1.653"
"6","2025-08-24 11:49:08.652 AM","1.648"
"7","2025-08-24 11:49:08.653 AM","1.653"
"8","2025-08-24 11:49:08.654 AM","1.653"
"9","2025-08-24 11:49:08.655 AM","1.653"
"10","2025-08-24 11:49:08.656 AM","1.614"
"11","2025-08-24 11:49:08.657 AM","1.614"
"12","2025-08-24 11:49:08.658 AM","1.614"
"13","2025-08-24 11:49:08.659 AM","1.614"
"14","2025-08-24 11:49:08.660 AM","1.614"
"15","2025-08-24 11:49:08.661 AM","1.609"
"16","2025-08-24 11:49:08.662 AM","1.614"
"17","2025-08-24 11:49:08.663 AM","1.624"
"18","2025-08-24 11:49:08.664 AM","1.624"
"19","2025-08-24 11:49:08.665 AM","1.624"
"20","2025-08-24 11:49:08.666 AM","1.614"
"21","2025-08-24 11:49:08.667 AM","1.614"
"22","2025-08-24 11:49:08.668 AM","1.609"
"23","2025-08-24 11:49:08.669 AM","1.609"
"24","2025-08-24 11:49:08.670 AM","1.609"
"25","2025-08-24 11:49:08.671 AM","1.614"
"26","2025-08-24 11:49:08.672 AM","1.614"
"27","2025-08-24 11:49:08.673 AM","1.639"
"28","2025-08-24 11:49:08.674 AM","1.634"
"29","2025-08-24 11:49:08.675 AM","1.639"
"30","2025-08-24 11:49:08.676 AM","1.639"
"31","2025-08-24 11:49:08.677 AM","1.639"
"32","2025-08-24 11:49:08.678 AM","1.639"
"33","2025-08-24 11:49:08.679 AM","1.634"
"34","2025-08-24 11:49:08.680 AM","1.634"
"35","2025-08-24 11:49:08.681 AM","1.634"
"36","2025-08-24 11:49:08.682 AM","1.634"
"37","2025-08-24 11:49:08.683 AM","1.634"
"38","2025-08-24 11:49:08.684 AM","1.634"
"39","2025-08-24 11:49:08.685 AM","1.634"
"40","2025-08-24 11:49:08.686 AM","1.634"
"41","2025-08-24 11:49:08.687 AM","1.639"
"42","2025-08-24 11:49:08.688 AM","1.639"
"43","2025-08-24 11:49:08.689 AM","1.653"
"44","2025-08-24 11:49:08.690 AM","1.653"
"45","2025-08-24 11:49:08.691 AM","1.658"
"46","2025-08-24 11:49:08.692 AM","1.653"
"47","2025-08-24 11:49:08.693 AM","1.653"
"48","2025-08-24 11:49:08.694 AM","1.658"
"49","2025-08-24 11:49:08.695 AM","1.658"
"50","2025-08-24 11:49:08.696 AM","1.658"
"51","2025-08-24 11:49:08.697 AM","1.663"
"52","2025-08-24 11:49:08.698 AM","1.653"
"53","2025-08-24 11:49:08.699 AM","1.653"
"54","2025-08-24 11:49:08.700 AM","1.653"
"55","2025-08-24 11:49:08.701 AM","1.653"
"56","2025-08-24 11:49:08.702 AM","1.653"
"57","2025-08-24 11:49:08.703 AM","1.653"
"58","2025-08-24 11:49:08.704 AM","1.653"
"59","2025-08-24 11:49:08.705 AM","1.653"
"60","2025-08-24 11:49:08.706 AM","1.614"
"61","2025-08-24 11:49:08.707 AM","1.614"
"62","2025-08-24 11:49:08.708 AM","1.609"
"63","2025-08-24 11:49:08.709 AM","1.614"
"64","2025-08-24 11:49:08.710 AM","1.614"
"65","2025-08-24 11:49:08.711 AM","1.614"
"66","2025-08-24 11:49:08.712 AM","1.614"
"67","2025-08-24 11:49:08.713 AM","1.609"
"68","2025-08-24 11:49:08.714 AM","1.609"
"69","2025-08-24 11:49:08.715 AM","1.609"
"70","2025-08-24 11:49:08.716 AM","1.609"
"71","2025-08-24 11:49:08.717 AM","1.609"
"72","2025-08-24 11:49:08.718 AM","1.609"
"73","2025-08-24 11:49:08.719 AM","1.609"
"74","2025-08-24 11:49:08.720 AM","1.609"
"75","2025-08-24 11:49:08.721 AM","1.614"
"76","2025-08-24 11:49:08.722 AM","1.639"
"77","2025-08-24 11:49:08.723 AM","1.639"
"78","2025-08-24 11:49:08.724 AM","1.639"
"79","2025-08-24 11:49:08.725 AM","1.639"
"80","2025-08-24 11:49:08.726 AM","1.639"
"81","2025-08-24 11:49:08.727 AM","1.639"
"82","2025-08-24 11:49:08.728 AM","1.643"
"83","2025-08-24 11:49:08.729 AM","1.643"
"84","2025-08-24 11:49:08.730 AM","1.634"
"85","2025-08-24 11:49:08.731 AM","1.634"
"86","2025-08-24 11:49:08.732 AM","1.634"
"87","2025-08-24 11:49:08.733 AM","1.634"
"88","2025-08-24 11:49:08.734 AM","1.634"
"89","2025-08-24 11:49:08.735 AM","1.634"
"90","2025-08-24 11:49:08.736 AM","1.634"
"91","2025-08-24 11:49:08.737 AM","1.634"
"92","2025-08-24 11:49:08.738 AM","1.639"
"93","2025-08-24 11:49:08.739 AM","1.653"
"94","2025-08-24 11:49:08.740 AM","1.653"
"95","2025-08-24 11:49:08.741 AM","1.653"
"96","2025-08-24 11:49:08.742 AM","1.653"
"97","2025-08-24 11:49:08.743 AM","1.658"
"98","2025-08-24 11:49:08.744 AM","1.653"
"99","2025-08-24 11:49:08.745 AM","1.653"
"100","2025-08-24 11:49:08.746 AM","1.653"
"101","2025-08-24 11:49:08.747 AM","1.648"
"102","2025-08-24 11:49:08.748 AM","1.653"
"103","2025-08-24 11:49:08.749 AM","1.648"
"104","2025-08-24 11:49:08.750 AM","1.653"
"105","2025-08-24 11:49:08.751 AM","1.653"
"106","2025-08-24 11:49:08.752 AM","1.648"
"107","2025-08-24 11:49:08.753 AM","1.653"
"108","2025-08-24 11:49:08.754 AM","1.653"
"109","2025-08-24 11:49:08.755 AM","1.609"
"110","2025-08-24 11:49:08.756 AM","1.614"
"111","2025-08-24 11:49:08.757 AM","1.614"
"112","2025-08-24 11:49:08.758 AM","1.614"
"113","2025-08-24 11:49:08.759 AM","1.614"
"114","2025-08-24 11:49:08.760 AM","1.614"
"115","2025-08-24 11:49:08.761 AM","1.624"
"116","2025-08-24 11:49:08.762 AM","1.609"
"117","2025-08-24 11:49:08.763 AM","1.614"
"118","2025-08-24 11:49:08.764 AM","1.614"
"119","2025-08-24 11:49:08.765 AM","1.609"
"120","2025-08-24 11:49:08.766 AM","1.614"
"121","2025-08-24 11:49:08.767 AM","1.609"
"122","2025-08-24 11:49:08.768 AM","1.609"
"123","2025-08-24 11:49:08.769 AM","1.614"
"124","2025-08-24 11:49:08.770 AM","1.609"
"125","2025-08-24 11:49:08.771 AM","1.614"
"126","2025-08-24 11:49:08.772 AM","1.639"
"127","2025-08-24 11:49:08.773 AM","1.634"
"128","2025-08-24 11:49:08.774 AM","1.639"
"129","2025-08-24 11:49:08.775 AM","1.639"
"130","2025-08-24 11:49:08.776 AM","1.639"
"131","2025-08-24 11:49:08.777 AM","1.639"
"132","2025-08-24 11:49:08.778 AM","1.634"
"133","2025-08-24 11:49:08.779 AM","1.634"
"134","2025-08-24 11:49:08.780 AM","1.634"
"135","2025-08-24 11:49:08.781 AM","1.634"
"136","2025-08-24 11:49:08.782 AM","1.634"
"137","2025-08-24 11:49:08.783 AM","1.629"
"138","2025-08-24 11:49:08.784 AM","1.629"
"139","2025-08-24 11:49:08.785 AM","1.634"
"140","2025-08-24 11:49:08.786 AM","1.634"
"141","2025-08-24 11:49:08.787 AM","1.634"
"142","2025-08-24 11:49:08.788 AM","1.653"
"143","2025-08-24 11:49:08.789 AM","1.653"
"144","2025-08-24 11:49:08.790 AM","1.653"
"145","2025-08-24 11:49:08.791 AM","1.653"
"146","2025-08-24 11:49:08.792 AM","1.653"
"147","2025-08-24 11:49:08.793 AM","1.653"
"148","2025-08-24 11:49:08.794 AM","1.687"
"149","2025-08-24 11:49:08.795 AM","1.653"
"150","2025-08-24 11:49:08.796 AM","1.653"
"151","2025-08-24 11:49:08.797 AM","1.653"
"152","2025-08-24 11:49:08.798 AM","1.653"
"153","2025-08-24 11:49:08.799 AM","1.658"
"154","2025-08-24 11:49:08.800 AM","1.653"
"155","2025-08-24 11:49:08.801 AM","1.653"
"156","2025-08-24 11:49:08.802 AM","1.653"
"157","2025-08-24 11:49:08.803 AM","1.653"
"158","2025-08-24 11:49:08.804 AM","1.653"
"159","2025-08-24 11:49:08.805 AM","1.614"
"160","2025-08-24 11:49:08.806 AM","1.614"
"161","2025-08-24 11:49:08.807 AM","1.614"
"162","2025-08-24 11:49:08.808 AM","1.614"
"163","2025-08-24 11:49:08.809 AM","1.614"
"164","2025-08-24 11:49:08.810 AM","1.614"
"165","2025-08-24 11:49:08.811 AM","1.609"
"166","2025-08-24 11:49:08.812 AM","1.614"
"167","2025-08-24 11:49:08.813 AM","1.609"
"168","2025-08-24 11:49:08.814 AM","1.609"
"169","2025-08-24 11:49:08.815 AM","1.609"
"170","2025-08-24 11:49:08.816 AM","1.609"
"171","2025-08-24 11:49:08.817 AM","1.609"
"172","2025-08-24 11:49:08.818 AM","1.604"
"173","2025-08-24 11:49:08.819 AM","1.614"
"174","2025-08-24 11:49:08.820 AM","1.614"
"175","2025-08-24 11:49:08.821 AM","1.634"
"176","2025-08-24 11:49:08.822 AM","1.639"
"177","2025-08-24 11:49:08.823 AM","1.639"
"178","2025-08-24 11:49:08.824 AM","1.634"
"179","2025-08-24 11:49:08.825 AM","1.639"
"180","2025-08-24 11:49:08.826 AM","1.634"
"181","2025-08-24 11:49:08.827 AM","1.639"
"182","2025-08-24 11:49:08.828 AM","1.639"
"183","2025-08-24 11:49:08.829 AM","1.634"
"184","2025-08-24 11:49:08.830 AM","1.634"
"185","2025-08-24 11:49:08.831 AM","1.634"
"186","2025-08-24 11:49:08.832 AM","1.634"
"187","2025-08-24 11:49:08.833 AM","1.634"
"188","2025-08-24 11:49:08.834 AM","1.629"
"189","2025-08-24 11:49:08.835 AM","1.634"
"190","2025-08-24 11:49:08.836 AM","1.634"
"191","2025-08-24 11:49:08.837 AM","1.634"
"192","2025-08-24 11:49:08.838 AM","1.653"
"193","2025-08-24 11:49:08.839 AM","1.653"
"194","2025-08-24 11:49:08.840 AM","1.653"
"195","2025-08-24 11:49:08.841 AM","1.658"
"196","2025-08-24 11:49:08.842 AM","1.653"
"197","2025-08-24 11:49:08.843 AM","1.658"
"198","2025-08-24 11:49:08.844 AM","1.653"
"199","2025-08-24 11:49:08.845 AM","1.653"
"200","2025-08-24 11:49:08.846 AM","1.653"
"201","2025-08-24 11:49:08.847 AM","1.648"
"202","2025-08-24 11:49:08.848 AM","1.648"
"203","2025-08-24 11:49:08.849 AM","1.648"
"204","2025-08-24 11:49:08.850 AM","1.648"
"205","2025-08-24 11:49:08.851 AM","1.648"
"206","2025-08-24 11:49:08.852 AM","1.653"
"207","2025-08-24 11:49:08.853 AM","1.653"
"208","2025-08-24 11:49:08.854 AM","1.614"
"209","2025-08-24 11:49:08.855 AM","1.614"
"210","2025-08-24 11:49:08.856 AM","1.614"
"211","2025-08-24 11:49:08.857 AM","1.614"
"212","2025-08-24 11:49:08.858 AM","1.614"
"213","2025-08-24 11:49:08.859 AM","1.614"
"214","2025-08-24 11:49:08.860 AM","1.614"
"215","2025-08-24 11:49:08.861 AM","1.609"
"216","2025-08-24 11:49:08.862 AM","1.614"
"217","2025-08-24 11:49:08.863 AM","1.609"
"218","2025-08-24 11:49:08.864 AM","1.609"
"219","2025-08-24 11:49:08.865 AM","1.614"
"220","2025-08-24 11:49:08.866 AM","1.609"
"221","2025-08-24 11:49:08.867 AM","1.609"
"222","2025-08-24 11:49:08.868 AM","1.614"
"223","2025-08-24 11:49:08.869 AM","1.614"
"224","2025-08-24 11:49:08.870 AM","1.614"
"225","2025-08-24 11:49:08.871 AM","1.634"
"226","2025-08-24 11:49:08.872 AM","1.639"
"227","2025-08-24 11:49:08.873 AM","1.639"
"228","2025-08-24 11:49:08.874 AM","1.634"
"229","2025-08-24 11:49:08.875 AM","1.634"
"230","2025-08-24 11:49:08.876 AM","1.639"
"231","2025-08-24 11:49:08.877 AM","1.634"
"232","2025-08-24 11:49:08.878 AM","1.634"
"233","2025-08-24 11:49:08.879 AM","1.634"
"234","2025-08-24 11:49:08.880 AM","1.634"
"235","2025-08-24 11:49:08.881 AM","1.634"
"236","2025-08-24 11:49:08.882 AM","1.634"
"237","2025-08-24 11:49:08.883 AM","1.629"
"238","2025-08-24 11:49:08.884 AM","1.629"
"239","2025-08-24 11:49:08.885 AM","1.639"
"240","2025-08-24 11:49:08.886 AM","1.634"
"241","2025-08-24 11:49:08.887 AM","1.658"
"242","2025-08-24 11:49:08.888 AM","1.653"
"243","2025-08-24 11:49:08.889 AM","1.653"
"244","2025-08-24 11:49:08.890 AM","1.653"
"245","2025-08-24 11:49:08.891 AM","1.653"
"246","2025-08-24 11:49:08.892 AM","1.653"
"247","2025-08-24 11:49:08.893 AM","1.653"
"248","2025-08-24 11:49:08.894 AM","1.653"
"249","2025-08-24 11:49:08.895 AM","1.653"
"250","2025-08-24 11:49:08.896 AM","1.653"
"251","2025-08-24 11:49:08.897 AM","1.653"
"252","2025-08-24 11:49:08.898 AM","1.653"
"253","2025-08-24 11:49:08.899 AM","1.653"
"254","2025-08-24 11:49:08.900 AM","1.653"
"255","2025-08-24 11:49:08.901 AM","1.653"
"256","2025-08-24 11:49:08.902 AM","1.653"
"257","2025-08-24 11:49:08.903 AM","1.653"
"258","2025-08-24 11:49:08.904 AM","1.614"
"259","2025-08-24 11:49:08.905 AM","1.614"
"260","2025-08-24 11:49:08.906 AM","1.614"
"261","2025-08-24 11:49:08.907 AM","1.614"
"262","2025-08-24 11:49:08.908 AM","1.614"
"263","2025-08-24 11:49:08.909 AM","1.614"
"264","2025-08-24 11:49:08.910 AM","1.609"
"265","2025-08-24 11:49:08.911 AM","1.609"
"266","2025-08-24 11:49:08.912 AM","1.609"
"267","2025-08-24 11:49:08.913 AM","1.604"
"268","2025-08-24 11:49:08.914 AM","1.609"
"269","2025-08-24 11:49:08.915 AM","1.609"
"270","2025-08-24 11:49:08.916 AM","1.604"
"271","2025-08-24 11:49:08.917 AM","1.604"
"272","2025-08-24 11:49:08.918 AM","1.609"
"273","2025-08-24 11:49:08.919 AM","1.614"
"274","2025-08-24 11:49:08.920 AM","1.614"
"275","2025-08-24 11:49:08.921 AM","1.639"
"276","2025-08-24 11:49:08.922 AM","1.639"
"277","2025-08-24 11:49:08.923 AM","1.639"
"278","2025-08-24 11:49:08.924 AM","1.639"
"279","2025-08-24 11:49:08.925 AM","1.634"
"280","2025-08-24 11:49:08.926 AM","1.639"
"281","2025-08-24 11:49:08.927 AM","1.634"
"282","2025-08-24 11:49:08.928 AM","1.634"
"283","2025-08-24 11:49:08.929 AM","1.634"
"284","2025-08-24 11:49:08.930 AM","1.634"
"285","2025-08-24 11:49:08.931 AM","1.634"
"286","2025-08-24 11:49:08.932 AM","1.639"
"287","2025-08-24 11:49:08.933 AM","1.634"
"288","2025-08-24 11:49:08.934 AM","1.634"
"289","2025-08-24 11:49:08.935 AM","1.634"
"290","2025-08-24 11:49:08.936 AM","1.639"
"291","2025-08-24 11:49:08.937 AM","1.658"
"292","2025-08-24 11:49:08.938 AM","1.653"
"293","2025-08-24 11:49:08.939 AM","1.653"
"294","2025-08-24 11:49:08.940 AM","1.658"
"295","2025-08-24 11:49:08.941 AM","1.653"
"296","2025-08-24 11:49:08.942 AM","1.653"
"297","2025-08-24 11:49:08.943 AM","1.648"
"298","2025-08-24 11:49:08.944 AM","1.648"
"299","2025-08-24 11:49:08.945 AM","1.648"
"300","2025-08-24 11:49:08.946 AM","1.648"
"301","2025-08-24 11:49:08.947 AM","1.648"
"302","2025-08-24 11:49:08.948 AM","1.643"
"303","2025-08-24 11:49:08.949 AM","1.643"
"304","2025-08-24 11:49:08.950 AM","1.643"
"305","2025-08-24 11:49:08.951 AM","1.653"
"306","2025-08-24 11:49:08.952 AM","1.653"
"307","2025-08-24 11:49:08.953 AM","1.653"
"308","2025-08-24 11:49:08.954 AM","1.614"
"309","2025-08-24 11:49:08.955 AM","1.614"
"310","2025-08-24 11:49:08.956 AM","1.614"
"311","2025-08-24 11:49:08.957 AM","1.614"
"312","2025-08-24 11:49:08.958 AM","1.614"
"313","2025-08-24 11:49:08.959 AM","1.614"
"314","2025-08-24 11:49:08.960 AM","1.614"
"315","2025-08-24 11:49:08.961 AM","1.614"
"316","2025-08-24 11:49:08.962 AM","1.609"
"317","2025-08-24 11:49:08.963 AM","1.614"
"318","2025-08-24 11:49:08.964 AM","1.614"
"319","2025-08-24 11:49:08.965 AM","1.609"
"320","2025-08-24 11:49:08.966 AM","1.609"
"321","2025-08-24 11:49:08.967 AM","1.609"
"322","2025-08-24 11:49:08.968 AM","1.609"
"323","2025-08-24 11:49:08.969 AM","1.614"
"324","2025-08-24 11:49:08.970 AM","1.653"
"325","2025-08-24 11:49:08.971 AM","1.653"
"326","2025-08-24 11:49:08.972 AM","1.653"
"327","2025-08-24 11:49:08.973 AM","1.653"
"328","2025-08-24 11:49:08.974 AM","1.653"
"329","2025-08-24 11:49:08.975 AM","1.653"
"330","2025-08-24 11:49:08.976 AM","1.653"
"331","2025-08-24 11:49:08.977 AM","1.648"
"332","2025-08-24 11:49:08.978 AM","1.648"
"333","2025-08-24 11:49:08.979 AM","1.648"
"334","2025-08-24 11:49:08.980 AM","1.648"
"335","2025-08-24 11:49:08.981 AM","1.648"
"336","2025-08-24 11:49:08.982 AM","1.643"
"337","2025-08-24 11:49:08.983 AM","1.643"
"338","2025-08-24 11:49:08.984 AM","1.653"
"339","2025-08-24 11:49:08.985 AM","1.653"
"340","2025-08-24 11:49:08.986 AM","1.653"
"341","2025-08-24 11:49:08.987 AM","1.634"
"342","2025-08-24 11:49:08.988 AM","1.639"
"343","2025-08-24 11:49:08.989 AM","1.639"
"344","2025-08-24 11:49:08.990 AM","1.639"
"345","2025-08-24 11:49:08.991 AM","1.639"
"346","2025-08-24 11:49:08.992 AM","1.639"
"347","2025-08-24 11:49:08.993 AM","1.634"
"348","2025-08-24 11:49:08.994 AM","1.639"
"349","2025-08-24 11:49:08.995 AM","1.634"
"350","2025-08-24 11:49:08.996 AM","1.634"
"351","2025-08-24 11:49:08.997 AM","1.634"
"352","2025-08-24 11:49:08.998 AM","1.634"
"353","2025-08-24 11:49:08.999 AM","1.634"
"354","2025-08-24 11:49:09.000 AM","1.634"
"355","2025-08-24 11:49:09.001 AM","1.634"
"356","2025-08-24 11:49:09.002 AM","1.634"
"357","2025-08-24 11:49:09.003 AM","1.614"
"358","2025-08-24 11:49:09.004 AM","1.614"
"359","2025-08-24 11:49:09.005 AM","1.614"
"360","2025-08-24 11:49:09.006 AM","1.614"
"361","2025-08-24 11:49:09.007 AM","1.614"
"362","2025-08-24 11:49:09.008 AM","1.614"
"363","2025-08-24 11:49:09.009 AM","1.609"
"364","2025-08-24 11:49:09.010 AM","1.609"
"365","2025-08-24 11:49:09.011 AM","1.604"
"366","2025-08-24 11:49:09.012 AM","1.604"
"367","2025-08-24 11:49:09.013 AM","1.604"
"368","2025-08-24 11:49:09.014 AM","1.604"
"369","2025-08-24 11:49:09.015 AM","1.604"
"370","2025-08-24 11:49:09.016 AM","1.624"
"371","2025-08-24 11:49:09.017 AM","1.609"
"372","2025-08-24 11:49:09.018 AM","1.614"
"373","2025-08-24 11:49:09.019 AM","1.614"
"374","2025-08-24 11:49:09.020 AM","1.653"
"375","2025-08-24 11:49:09.021 AM","1.653"
"376","2025-08-24 11:49:09.022 AM","1.653"
"377","2025-08-24 11:49:09.023 AM","1.653"
"378","2025-08-24 11:49:09.024 AM","1.658"
"379","2025-08-24 11:49:09.025 AM","1.653"
"380","2025-08-24 11:49:09.026 AM","1.653"
"381","2025-08-24 11:49:09.027 AM","1.653"
"382","2025-08-24 11:49:09.028 AM","1.653"
"383","2025-08-24 11:49:09.029 AM","1.653"
"384","2025-08-24 11:49:09.030 AM","1.653"
"385","2025-08-24 11:49:09.031 AM","1.653"
"386","2025-08-24 11:49:09.032 AM","1.648"
"387","2025-08-24 11:49:09.033 AM","1.653"
"388","2025-08-24 11:49:09.034 AM","1.653"
"389","2025-08-24 11:49:09.035 AM","1.653"
"390","2025-08-24 11:49:09.036 AM","1.634"
"391","2025-08-24 11:49:09.037 AM","1.634"
"392","2025-08-24 11:49:09.038 AM","1.634"
"393","2025-08-24 11:49:09.039 AM","1.639"
"394","2025-08-24 11:49:09.040 AM","1.639"
"395","2025-08-24 11:49:09.041 AM","1.639"
"396","2025-08-24 11:49:09.042 AM","1.634"
"397","2025-08-24 11:49:09.043 AM","1.629"
"398","2025-08-24 11:49:09.044 AM","1.629"
"399","2025-08-24 11:49:09.045 AM","1.629"
"400","2025-08-24 11:49:09.046 AM","1.629"
"401","2025-08-24 11:49:09.047 AM","1.624"
"402","2025-08-24 11:49:09.048 AM","1.639"
"403","2025-08-24 11:49:09.049 AM","1.639"
"404","2025-08-24 11:49:09.050 AM","1.634"
"405","2025-08-24 11:49:09.051 AM","1.634"
"406","2025-08-24 11:49:09.052 AM","1.634"
"407","2025-08-24 11:49:09.053 AM","1.614"
"408","2025-08-24 11:49:09.054 AM","1.614"
"409","2025-08-24 11:49:09.055 AM","1.614"
"410","2025-08-24 11:49:09.056 AM","1.614"
"411","2025-08-24 11:49:09.057 AM","1.614"
"412","2025-08-24 11:49:09.058 AM","1.614"
"413","2025-08-24 11:49:09.059 AM","1.614"
"414","2025-08-24 11:49:09.060 AM","1.614"
"415","2025-08-24 11:49:09.061 AM","1.609"
"416","2025-08-24 11:49:09.062 AM","1.609"
"417","2025-08-24 11:49:09.063 AM","1.609"
"418","2025-08-24 11:49:09.064 AM","1.609"
"419","2025-08-24 11:49:09.065 AM","1.609"
"420","2025-08-24 11:49:09.066 AM","1.609"
"421","2025-08-24 11:49:09.067 AM","1.614"
"422","2025-08-24 11:49:09.068 AM","1.614"
"423","2025-08-24 11:49:09.069 AM","1.653"
"424","2025-08-24 11:49:09.070 AM","1.658"
"425","2025-08-24 11:49:09.071 AM","1.653"
"426","2025-08-24 11:49:09.072 AM","1.653"
"427","2025-08-24 11:49:09.073 AM","1.653"
"428","2025-08-24 11:49:09.074 AM","1.658"
"429","2025-08-24 11:49:09.075 AM","1.653"
"430","2025-08-24 11:49:09.076 AM","1.648"
"431","2025-08-24 11:49:09.077 AM","1.648"
"432","2025-08-24 11:49:09.078 AM","1.648"
"433","2025-08-24 11:49:09.079 AM","1.643"
"434","2025-08-24 11:49:09.080 AM","1.653"
"435","2025-08-24 11:49:09.081 AM","1.658"
"436","2025-08-24 11:49:09.082 AM","1.658"
"437","2025-08-24 11:49:09.083 AM","1.653"
"438","2025-08-24 11:49:09.084 AM","1.653"
"439","2025-08-24 11:49:09.085 AM","1.658"
"440","2025-08-24 11:49:09.086 AM","1.639"
"441","2025-08-24 11:49:09.087 AM","1.639"
"442","2025-08-24 11:49:09.088 AM","1.639"
"443","2025-08-24 11:49:09.089 AM","1.639"
"444","2025-08-24 11:49:09.090 AM","1.634"
"445","2025-08-24 11:49:09.091 AM","1.634"
"446","2025-08-24 11:49:09.092 AM","1.634"
"447","2025-08-24 11:49:09.093 AM","1.639"
"448","2025-08-24 11:49:09.094 AM","1.634"
"449","2025-08-24 11:49:09.095 AM","1.634"
"450","2025-08-24 11:49:09.096 AM","1.634"
"451","2025-08-24 11:49:09.097 AM","1.634"
"452","2025-08-24 11:49:09.098 AM","1.634"
"453","2025-08-24 11:49:09.099 AM","1.634"
"454","2025-08-24 11:49:09.100 AM","1.639"
"455","2025-08-24 11:49:09.101 AM","1.634"
"456","2025-08-24 11:49:09.102 AM","1.609"
"457","2025-08-24 11:49:09.103 AM","1.614"
"458","2025-08-24 11:49:09.104 AM","1.614"
"459","2025-08-24 11:49:09.105 AM","1.614"
"460","2025-08-24 11:49:09.106 AM","1.614"
"461","2025-08-24 11:49:09.107 AM","1.614"
"462","2025-08-24 11:49:09.108 AM","1.609"
"463","2025-08-24 11:49:09.109 AM","1.604"
"464","2025-08-24 11:49:09.110 AM","1.609"
"465","2025-08-24 11:49:09.111 AM","1.604"
"466","2025-08-24 11:49:09.112 AM","1.609"
"467","2025-08-24 11:49:09.113 AM","1.614"
"468","2025-08-24 11:49:09.114 AM","1.624"
"469","2025-08-24 11:49:09.115 AM","1.624"
"470","2025-08-24 11:49:09.116 AM","1.609"
"471","2025-08-24 11:49:09.117 AM","1.614"
"472","2025-08-24 11:49:09.118 AM","1.614"
"473","2025-08-24 11:49:09.119 AM","1.653"
"474","2025-08-24 11:49:09.120 AM","1.653"
"475","2025-08-24 11:49:09.121 AM","1.653"
"476","2025-08-24 11:49:09.122 AM","1.653"
"477","2025-08-24 11:49:09.123 AM","1.653"
"478","2025-08-24 11:49:09.124 AM","1.653"
"479","2025-08-24 11:49:09.125 AM","1.653"
"480","2025-08-24 11:49:09.126 AM","1.653"
"481","2025-08-24 11:49:09.127 AM","1.653"
"482","2025-08-24 11:49:09.128 AM","1.653"
"483","2025-08-24 11:49:09.129 AM","1.653"
"484","2025-08-24 11:49:09.130 AM","1.648"
"485","2025-08-24 11:49:09.131 AM","1.648"
"486","2025-08-24 11:49:09.132 AM","1.648"
"487","2025-08-24 11:49:09.133 AM","1.653"
"488","2025-08-24 11:49:09.134 AM","1.653"
"489","2025-08-24 11:49:09.135 AM","1.634"
"490","2025-08-24 11:49:09.136 AM","1.639"
"491","2025-08-24 11:49:09.137 AM","1.639"
"492","2025-08-24 11:49:09.138 AM","1.639"
"493","2025-08-24 11:49:09.139 AM","1.639"
"494","2025-08-24 11:49:09.140 AM","1.639"
"495","2025-08-24 11:49:09.141 AM","1.629"
"496","2025-08-24 11:49:09.142 AM","1.629"
"497","2025-08-24 11:49:09.143 AM","1.629"
"498","2025-08-24 11:49:09.144 AM","1.629"
"499","2025-08-24 11:49:09.145 AM","1.639"
"500","2025-08-24 11:49:09.146 AM","1.639"
"501","2025-08-24 11:49:09.147 AM","1.643"
"502","2025-08-24 11:49:09.148 AM","1.643"
"503","2025-08-24 11:49:09.149 AM","1.634"
"504","2025-08-24 11:49:09.150 AM","1.634"
"505","2025-08-24 11:49:09.151 AM","1.639"
"506","2025-08-24 11:49:09.152 AM","1.614"
"507","2025-08-24 11:49:09.153 AM","1.614"
"508","2025-08-24 11:49:09.154 AM","1.614"
"509","2025-08-24 11:49:09.155 AM","1.614"
"510","2025-08-24 11:49:09.156 AM","1.614"
"511","2025-08-24 11:49:09.157 AM","1.614"
"512","2025-08-24 11:49:09.158 AM","1.614"
"513","2025-08-24 11:49:09.159 AM","1.609"
"514","2025-08-24 11:49:09.160 AM","1.614"
"515","2025-08-24 11:49:09.161 AM","1.609"
"516","2025-08-24 11:49:09.162 AM","1.609"
"517","2025-08-24 11:49:09.163 AM","1.609"
"518","2025-08-24 11:49:09.164 AM","1.609"
"519","2025-08-24 11:49:09.165 AM","1.609"
"520","2025-08-24 11:49:09.166 AM","1.614"
"521","2025-08-24 11:49:09.167 AM","1.614"
"522","2025-08-24 11:49:09.168 AM","1.653"
"523","2025-08-24 11:49:09.169 AM","1.658"
"524","2025-08-24 11:49:09.170 AM","1.653"
"525","2025-08-24 11:49:09.171 AM","1.653"
"526","2025-08-24 11:49:09.172 AM","1.653"
"527","2025-08-24 11:49:09.173 AM","1.653"
"528","2025-08-24 11:49:09.174 AM","1.648"
"529","2025-08-24 11:49:09.175 AM","1.648"
"530","2025-08-24 11:49:09.176 AM","1.643"
"531","2025-08-24 11:49:09.177 AM","1.658"
"532","2025-08-24 11:49:09.178 AM","1.658"
"533","2025-08-24 11:49:09.179 AM","1.658"
"534","2025-08-24 11:49:09.180 AM","1.663"
"535","2025-08-24 11:49:09.181 AM","1.653"
"536","2025-08-24 11:49:09.182 AM","1.653"
"537","2025-08-24 11:49:09.183 AM","1.653"
"538","2025-08-24 11:49:09.184 AM","1.653"
"539","2025-08-24 11:49:09.185 AM","1.634"
"540","2025-08-24 11:49:09.186 AM","1.639"
"541","2025-08-24 11:49:09.187 AM","1.639"
"542","2025-08-24 11:49:09.188 AM","1.634"
"543","2025-08-24 11:49:09.189 AM","1.639"
"544","2025-08-24 11:49:09.190 AM","1.639"
"545","2025-08-24 11:49:09.191 AM","1.634"
"546","2025-08-24 11:49:09.192 AM","1.634"
"547","2025-08-24 11:49:09.193 AM","1.634"
"548","2025-08-24 11:49:09.194 AM","1.634"
"549","2025-08-24 11:49:09.195 AM","1.634"
"550","2025-08-24 11:49:09.196 AM","1.634"
"551","2025-08-24 11:49:09.197 AM","1.634"
"552","2025-08-24 11:49:09.198 AM","1.634"
"553","2025-08-24 11:49:09.199 AM","1.634"
"554","2025-08-24 11:49:09.200 AM","1.634"
"555","2025-08-24 11:49:09.201 AM","1.614"
"556","2025-08-24 11:49:09.202 AM","1.614"
"557","2025-08-24 11:49:09.203 AM","1.614"
"558","2025-08-24 11:49:09.204 AM","1.614"
"559","2025-08-24 11:49:09.205 AM","1.609"
"560","2025-08-24 11:49:09.206 AM","1.614"
"561","2025-08-24 11:49:09.207 AM","1.609"
"562","2025-08-24 11:49:09.208 AM","1.604"
"563","2025-08-24 11:49:09.209 AM","1.614"
"564","2025-08-24 11:49:09.210 AM","1.624"
"565","2025-08-24 11:49:09.211 AM","1.624"
"566","2025-08-24 11:49:09.212 AM","1.624"
"567","2025-08-24 11:49:09.213 AM","1.609"
"568","2025-08-24 11:49:09.214 AM","1.609"
"569","2025-08-24 11:49:09.215 AM","1.614"
"570","2025-08-24 11:49:09.216 AM","1.614"
"571","2025-08-24 11:49:09.217 AM","1.614"
"572","2025-08-24 11:49:09.218 AM","1.658"
"573","2025-08-24 11:49:09.219 AM","1.653"
"574","2025-08-24 11:49:09.220 AM","1.653"
"575","2025-08-24 11:49:09.221 AM","1.653"
"576","2025-08-24 11:49:09.222 AM","1.653"
"577","2025-08-24 11:49:09.223 AM","1.658"
"578","2025-08-24 11:49:09.224 AM","1.653"
"579","2025-08-24 11:49:09.225 AM","1.653"
"580","2025-08-24 11:49:09.226 AM","1.653"
"581","2025-08-24 11:49:09.227 AM","1.653"
"582","2025-08-24 11:49:09.228 AM","1.653"
"583","2025-08-24 11:49:09.229 AM","1.653"
"584","2025-08-24 11:49:09.230 AM","1.653"
"585","2025-08-24 11:49:09.231 AM","1.653"
"586","2025-08-24 11:49:09.232 AM","1.653"
"587","2025-08-24 11:49:09.233 AM","1.653"
"588","2025-08-24 11:49:09.234 AM","1.639"
"589","2025-08-24 11:49:09.235 AM","1.639"
"590","2025-08-24 11:49:09.236 AM","1.639"
"591","2025-08-24 11:49:09.237 AM","1.639"
"592","2025-08-24 11:49:09.238 AM","1.634"
"593","2025-08-24 11:49:09.239 AM","1.639"
"594","2025-08-24 11:49:09.240 AM","1.629"
"595","2025-08-24 11:49:09.241 AM","1.639"
"596","2025-08-24 11:49:09.242 AM","1.639"
"597","2025-08-24 11:49:09.243 AM","1.643"
"598","2025-08-24 11:49:09.244 AM","1.643"
"599","2025-08-24 11:49:09.245 AM","1.634"
"600","2025-08-24 11:49:09.246 AM","1.634"
"601","2025-08-24 11:49:09.247 AM","1.634"
"602","2025-08-24 11:49:09.248 AM","1.639"
"603","2025-08-24 11:49:09.249 AM","1.634"
"604","2025-08-24 11:49:09.250 AM","1.639"
"605","2025-08-24 11:49:09.251 AM","1.614"
"606","2025-08-24 11:49:09.252 AM","1.614"
"607","2025-08-24 11:49:09.253 AM","1.614"
"608","2025-08-24 11:49:09.254 AM","1.614"
"609","2025-08-24 11:49:09.255 AM","1.614"
"610","2025-08-24 11:49:09.256 AM","1.614"
"611","2025-08-24 11:49:09.257 AM","1.609"
"612","2025-08-24 11:49:09.258 AM","1.609"
"613","2025-08-24 11:49:09.259 AM","1.614"
"614","2025-08-24 11:49:09.260 AM","1.609"
"615","2025-08-24 11:49:09.261 AM","1.609"
"616","2025-08-24 11:49:09.262 AM","1.609"
"617","2025-08-24 11:49:09.263 AM","1.609"
"618","2025-08-24 11:49:09.264 AM","1.609"
"619","2025-08-24 11:49:09.265 AM","1.609"
"620","2025-08-24 11:49:09.266 AM","1.614"
"621","2025-08-24 11:49:09.267 AM","1.653"
"622","2025-08-24 11:49:09.268 AM","1.653"
"623","2025-08-24 11:49:09.269 AM","1.653"
"624","2025-08-24 11:49:09.270 AM","1.653"
"625","2025-08-24 11:49:09.271 AM","1.653"
"626","2025-08-24 11:49:09.272 AM","1.653"
"627","2025-08-24 11:49:09.273 AM","1.658"
"628","2025-08-24 11:49:09.274 AM","1.658"
"629","2025-08-24 11:49:09.275 AM","1.658"
"630","2025-08-24 11:49:09.276 AM","1.663"
"631","2025-08-24 11:49:09.277 AM","1.683"
"632","2025-08-24 11:49:09.278 AM","1.653"
"633","2025-08-24 11:49:09.279 AM","1.653"
"634","2025-08-24 11:49:09.280 AM","1.653"
"635","2025-08-24 11:49:09.281 AM","1.653"
"636","2025-08-24 11:49:09.282 AM","1.653"
"637","2025-08-24 11:49:09.283 AM","1.653"
"638","2025-08-24 11:49:09.284 AM","1.639"
"639","2025-08-24 11:49:09.285 AM","1.639"
"640","2025-08-24 11:49:09.286 AM","1.634"
"641","2025-08-24 11:49:09.287 AM","1.639"
"642","2025-08-24 11:49:09.288 AM","1.634"
"643","2025-08-24 11:49:09.289 AM","1.639"
"644","2025-08-24 11:49:09.290 AM","1.634"
"645","2025-08-24 11:49:09.291 AM","1.639"
"646","2025-08-24 11:49:09.292 AM","1.634"
"647","2025-08-24 11:49:09.293 AM","1.634"
"648","2025-08-24 11:49:09.294 AM","1.634"
"649","2025-08-24 11:49:09.295 AM","1.634"
"650","2025-08-24 11:49:09.296 AM","1.629"
"651","2025-08-24 11:49:09.297 AM","1.634"
"652","2025-08-24 11:49:09.298 AM","1.634"
"653","2025-08-24 11:49:09.299 AM","1.639"
"654","2025-08-24 11:49:09.300 AM","1.639"
"655","2025-08-24 11:49:09.301 AM","1.634"
"656","2025-08-24 11:49:09.302 AM","1.639"
"657","2025-08-24 11:49:09.303 AM","1.639"
"658","2025-08-24 11:49:09.304 AM","1.639"
"659","2025-08-24 11:49:09.305 AM","1.639"
"660","2025-08-24 11:49:09.306 AM","1.639"
"661","2025-08-24 11:49:09.307 AM","1.643"
"662","2025-08-24 11:49:09.308 AM","1.643"
"663","2025-08-24 11:49:09.309 AM","1.648"
"664","2025-08-24 11:49:09.310 AM","1.634"
"665","2025-08-24 11:49:09.311 AM","1.634"
"666","2025-08-24 11:49:09.312 AM","1.634"
"667","2025-08-24 11:49:09.313 AM","1.634"
"668","2025-08-24 11:49:09.314 AM","1.634"
"669","2025-08-24 11:49:09.315 AM","1.634"
"670","2025-08-24 11:49:09.316 AM","1.639"
"671","2025-08-24 11:49:09.317 AM","1.653"
"672","2025-08-24 11:49:09.318 AM","1.653"
"673","2025-08-24 11:49:09.319 AM","1.653"
"674","2025-08-24 11:49:09.320 AM","1.658"
"675","2025-08-24 11:49:09.321 AM","1.653"
"676","2025-08-24 11:49:09.322 AM","1.653"
"677","2025-08-24 11:49:09.323 AM","1.653"
"678","2025-08-24 11:49:09.324 AM","1.648"
"679","2025-08-24 11:49:09.325 AM","1.653"
"680","2025-08-24 11:49:09.326 AM","1.653"
"681","2025-08-24 11:49:09.327 AM","1.648"
"682","2025-08-24 11:49:09.328 AM","1.653"
"683","2025-08-24 11:49:09.329 AM","1.648"
"684","2025-08-24 11:49:09.330 AM","1.648"
"685","2025-08-24 11:49:09.331 AM","1.653"
"686","2025-08-24 11:49:09.332 AM","1.653"
"687","2025-08-24 11:49:09.333 AM","1.639"
"688","2025-08-24 11:49:09.334 AM","1.639"
"689","2025-08-24 11:49:09.335 AM","1.634"
"690","2025-08-24 11:49:09.336 AM","1.639"
"691","2025-08-24 11:49:09.337 AM","1.639"
"692","2025-08-24 11:49:09.338 AM","1.634"
"693","2025-08-24 11:49:09.339 AM","1.643"
"694","2025-08-24 11:49:09.340 AM","1.643"
"695","2025-08-24 11:49:09.341 AM","1.643"
"696","2025-08-24 11:49:09.342 AM","1.634"
"697","2025-08-24 11:49:09.343 AM","1.634"
"698","2025-08-24 11:49:09.344 AM","1.634"
"699","2025-08-24 11:49:09.345 AM","1.634"
"700","2025-08-24 11:49:09.346 AM","1.634"
"701","2025-08-24 11:49:09.347 AM","1.634"
"702","2025-08-24 11:49:09.348 AM","1.634"
"703","2025-08-24 11:49:09.349 AM","1.634"
"704","2025-08-24 11:49:09.350 AM","1.639"
"705","2025-08-24 11:49:09.351 AM","1.634"
"706","2025-08-24 11:49:09.352 AM","1.639"
"707","2025-08-24 11:49:09.353 AM","1.639"
"708","2025-08-24 11:49:09.354 AM","1.639"
"709","2025-08-24 11:49:09.355 AM","1.639"
"710","2025-08-24 11:49:09.356 AM","1.634"
"711","2025-08-24 11:49:09.357 AM","1.634"
"712","2025-08-24 11:49:09.358 AM","1.634"
"713","2025-08-24 11:49:09.359 AM","1.634"
"714","2025-08-24 11:49:09.360 AM","1.629"
"715","2025-08-24 11:49:09.361 AM","1.634"
"716","2025-08-24 11:49:09.362 AM","1.634"
"717","2025-08-24 11:49:09.363 AM","1.629"
"718","2025-08-24 11:49:09.364 AM","1.634"
"719","2025-08-24 11:49:09.365 AM","1.639"
"720","2025-08-24 11:49:09.366 AM","1.653"
"721","2025-08-24 11:49:09.367 AM","1.653"
"722","2025-08-24 11:49:09.368 AM","1.653"
"723","2025-08-24 11:49:09.369 AM","1.653"
"724","2025-08-24 11:49:09.370 AM","1.653"
"725","2025-08-24 11:49:09.371 AM","1.653"
"726","2025-08-24 11:49:09.372 AM","1.663"
"727","2025-08-24 11:49:09.373 AM","1.663"
"728","2025-08-24 11:49:09.374 AM","1.653"
"729","2025-08-24 11:49:09.375 AM","1.653"
"730","2025-08-24 11:49:09.376 AM","1.653"
"731","2025-08-24 11:49:09.377 AM","1.653"
"732","2025-08-24 11:49:09.378 AM","1.653"
"733","2025-08-24 11:49:09.379 AM","1.653"
"734","2025-08-24 11:49:09.380 AM","1.653"
"735","2025-08-24 11:49:09.381 AM","1.653"
"736","2025-08-24 11:49:09.382 AM","1.653"
"737","2025-08-24 11:49:09.383 AM","1.634"
"738","2025-08-24 11:49:09.384 AM","1.639"
"739","2025-08-24 11:49:09.385 AM","1.639"
"740","2025-08-24 11:49:09.386 AM","1.639"
"741","2025-08-24 11:49:09.387 AM","1.639"
"742","2025-08-24 11:49:09.388 AM","1.639"
"743","2025-08-24 11:49:09.389 AM","1.634"
"744","2025-08-24 11:49:09.390 AM","1.634"
"745","2025-08-24 11:49:09.391 AM","1.629"
"746","2025-08-24 11:49:09.392 AM","1.634"
"747","2025-08-24 11:49:09.393 AM","1.634"
"748","2025-08-24 11:49:09.394 AM","1.634"
"749","2025-08-24 11:49:09.395 AM","1.634"
"750","2025-08-24 11:49:09.396 AM","1.634"
"751","2025-08-24 11:49:09.397 AM","1.634"
"752","2025-08-24 11:49:09.398 AM","1.634"
"753","2025-08-24 11:49:09.399 AM","1.634"
"754","2025-08-24 11:49:09.400 AM","1.639"
"755","2025-08-24 11:49:09.401 AM","1.639"
"756","2025-08-24 11:49:09.402 AM","1.639"
"757","2025-08-24 11:49:09.403 AM","1.634"
"758","2025-08-24 11:49:09.404 AM","1.639"
"759","2025-08-24 11:49:09.405 AM","1.643"
"760","2025-08-24 11:49:09.406 AM","1.634"
"761","2025-08-24 11:49:09.407 AM","1.634"
"762","2025-08-24 11:49:09.408 AM","1.634"
"763","2025-08-24 11:49:09.409 AM","1.634"
"764","2025-08-24 11:49:09.410 AM","1.634"
"765","2025-08-24 11:49:09.411 AM","1.634"
"766","2025-08-24 11:49:09.412 AM","1.634"
"767","2025-08-24 11:49:09.413 AM","1.634"
"768","2025-08-24 11:49:09.414 AM","1.634"
"769","2025-08-24 11:49:09.415 AM","1.639"
"770","2025-08-24 11:49:09.416 AM","1.653"
"771","2025-08-24 11:49:09.417 AM","1.658"
"772","2025-08-24 11:49:09.418 AM","1.653"
"773","2025-08-24 11:49:09.419 AM","1.653"
"774","2025-08-24 11:49:09.420 AM","1.653"
"775","2025-08-24 11:49:09.421 AM","1.653"
"776","2025-08-24 11:49:09.422 AM","1.653"
"777","2025-08-24 11:49:09.423 AM","1.648"
"778","2025-08-24 11:49:09.424 AM","1.653"
"779","2025-08-24 11:49:09.425 AM","1.653"
"780","2025-08-24 11:49:09.426 AM","1.648"
"781","2025-08-24 11:49:09.427 AM","1.648"
"782","2025-08-24 11:49:09.428 AM","1.648"
"783","2025-08-24 11:49:09.429 AM","1.648"
"784","2025-08-24 11:49:09.430 AM","1.653"
"785","2025-08-24 11:49:09.431 AM","1.653"
"786","2025-08-24 11:49:09.432 AM","1.634"
"787","2025-08-24 11:49:09.433 AM","1.639"
"788","2025-08-24 11:49:09.434 AM","1.634"
"789","2025-08-24 11:49:09.435 AM","1.639"
"790","2025-08-24 11:49:09.436 AM","1.639"
"791","2025-08-24 11:49:09.437 AM","1.634"
"792","2025-08-24 11:49:09.438 AM","1.639"
"793","2025-08-24 11:49:09.439 AM","1.634"
"794","2025-08-24 11:49:09.440 AM","1.634"
"795","2025-08-24 11:49:09.441 AM","1.634"
"796","2025-08-24 11:49:09.442 AM","1.634"
"797","2025-08-24 11:49:09.443 AM","1.634"
"798","2025-08-24 11:49:09.444 AM","1.634"
"799","2025-08-24 11:49:09.445 AM","1.634"
"800","2025-08-24 11:49:09.446 AM","1.634"
"801","2025-08-24 11:49:09.447 AM","1.634"
"802","2025-08-24 11:49:09.448 AM","1.634"
"803","2025-08-24 11:49:09.449 AM","1.639"
"804","2025-08-24 11:49:09.450 AM","1.639"
"805","2025-08-24 11:49:09.451 AM","1.634"
"806","2025-08-24 11:49:09.452 AM","1.639"
"807","2025-08-24 11:49:09.453 AM","1.639"
"808","2025-08-24 11:49:09.454 AM","1.639"
"809","2025-08-24 11:49:09.455 AM","1.634"
"810","2025-08-24 11:49:09.456 AM","1.634"
"811","2025-08-24 11:49:09.457 AM","1.634"
"812","2025-08-24 11:49:09.458 AM","1.634"
"813","2025-08-24 11:49:09.459 AM","1.634"
"814","2025-08-24 11:49:09.460 AM","1.629"
"815","2025-08-24 11:49:09.461 AM","1.629"
"816","2025-08-24 11:49:09.462 AM","1.629"
"817","2025-08-24 11:49:09.463 AM","1.634"
"818","2025-08-24 11:49:09.464 AM","1.639"
"819","2025-08-24 11:49:09.465 AM","1.653"
"820","2025-08-24 11:49:09.466 AM","1.653"
"821","2025-08-24 11:49:09.467 AM","1.653"
"822","2025-08-24 11:49:09.468 AM","1.653"
"823","2025-08-24 11:49:09.469 AM","1.653"
"824","2025-08-24 11:49:09.470 AM","1.653"
"825","2025-08-24 11:49:09.471 AM","1.653"
"826","2025-08-24 11:49:09.472 AM","1.653"
"827","2025-08-24 11:49:09.473 AM","1.653"
"828","2025-08-24 11:49:09.474 AM","1.653"
"829","2025-08-24 11:49:09.475 AM","1.653"
"830","2025-08-24 11:49:09.476 AM","1.653"
"831","2025-08-24 11:49:09.477 AM","1.653"
"832","2025-08-24 11:49:09.478 AM","1.653"
"833","2025-08-24 11:49:09.479 AM","1.653"
"834","2025-08-24 11:49:09.480 AM","1.653"
"835","2025-08-24 11:49:09.481 AM","1.653"
"836","2025-08-24 11:49:09.482 AM","1.639"
"837","2025-08-24 11:49:09.483 AM","1.639"
"838","2025-08-24 11:49:09.484 AM","1.639"
"839","2025-08-24 11:49:09.485 AM","1.639"
"840","2025-08-24 11:49:09.486 AM","1.639"
"841","2025-08-24 11:49:09.487 AM","1.634"
"842","2025-08-24 11:49:09.488 AM","1.634"
"843","2025-08-24 11:49:09.489 AM","1.634"
"844","2025-08-24 11:49:09.490 AM","1.634"
"845","2025-08-24 11:49:09.491 AM","1.634"
"846","2025-08-24 11:49:09.492 AM","1.634"
"847","2025-08-24 11:49:09.493 AM","1.634"
"848","2025-08-24 11:49:09.494 AM","1.629"
"849","2025-08-24 11:49:09.495 AM","1.634"
"850","2025-08-24 11:49:09.496 AM","1.634"
"851","2025-08-24 11:49:09.497 AM","1.634"
"852","2025-08-24 11:49:09.498 AM","1.634"
"853","2025-08-24 11:49:09.499 AM","1.634"
"854","2025-08-24 11:49:09.500 AM","1.639"
"855","2025-08-24 11:49:09.501 AM","1.639"
"856","2025-08-24 11:49:09.502 AM","1.634"
"857","2025-08-24 11:49:09.503 AM","1.639"
"858","2025-08-24 11:49:09.504 AM","1.634"
"859","2025-08-24 11:49:09.505 AM","1.639"
"860","2025-08-24 11:49:09.506 AM","1.639"
"861","2025-08-24 11:49:09.507 AM","1.634"
"862","2025-08-24 11:49:09.508 AM","1.634"
"863","2025-08-24 11:49:09.509 AM","1.634"
"864","2025-08-24 11:49:09.510 AM","1.639"
"865","2025-08-24 11:49:09.511 AM","1.634"
"866","2025-08-24 11:49:09.512 AM","1.634"
"867","2025-08-24 11:49:09.513 AM","1.634"
"868","2025-08-24 11:49:09.514 AM","1.639"
"869","2025-08-24 11:49:09.515 AM","1.653"
"870","2025-08-24 11:49:09.516 AM","1.653"
"871","2025-08-24 11:49:09.517 AM","1.653"
"872","2025-08-24 11:49:09.518 AM","1.653"
"873","2025-08-24 11:49:09.519 AM","1.653"
"874","2025-08-24 11:49:09.520 AM","1.653"
"875","2025-08-24 11:49:09.521 AM","1.653"
"876","2025-08-24 11:49:09.522 AM","1.648"
"877","2025-08-24 11:49:09.523 AM","1.648"
"878","2025-08-24 11:49:09.524 AM","1.648"
"879","2025-08-24 11:49:09.525 AM","1.648"
"880","2025-08-24 11:49:09.526 AM","1.648"
"881","2025-08-24 11:49:09.527 AM","1.648"
"882","2025-08-24 11:49:09.528 AM","1.648"
"883","2025-08-24 11:49:09.529 AM","1.653"
"884","2025-08-24 11:49:09.530 AM","1.653"
"885","2025-08-24 11:49:09.531 AM","1.614"
"886","2025-08-24 11:49:09.532 AM","1.614"
"887","2025-08-24 11:49:09.533 AM","1.614"
"888","2025-08-24 11:49:09.534 AM","1.614"
"889","2025-08-24 11:49:09.535 AM","1.614"
"890","2025-08-24 11:49:09.536 AM","1.614"
"891","2025-08-24 11:49:09.537 AM","1.614"
"892","2025-08-24 11:49:09.538 AM","1.614"
"893","2025-08-24 11:49:09.539 AM","1.614"
"894","2025-08-24 11:49:09.540 AM","1.609"
"895","2025-08-24 11:49:09.541 AM","1.609"
"896","2025-08-24 11:49:09.542 AM","1.614"
"897","2025-08-24 11:49:09.543 AM","1.609"
"898","2025-08-24 11:49:09.544 AM","1.609"
"899","2025-08-24 11:49:09.545 AM","1.614"
"900","2025-08-24 11:49:09.546 AM","1.609"
"901","2025-08-24 11:49:09.547 AM","1.614"
"902","2025-08-24 11:49:09.548 AM","1.634"
"903","2025-08-24 11:49:09.549 AM","1.639"
"904","2025-08-24 11:49:09.550 AM","1.639"
"905","2025-08-24 11:49:09.551 AM","1.639"
"906","2025-08-24 11:49:09.552 AM","1.639"
