"Device: USB-205"
"Serial Number: 22B4008"
"Channel Count: 1"
"Sample Count: 11718"
"Start Time: 2025-08-23 2:24:43.331 PM"
"Scan Rate: 1000"
"Sample","Date/Time","AI0 (V)"
"0","2025-08-23 2:24:43.331 PM","1.726"
"1","2025-08-23 2:24:43.332 PM","1.731"
"2","2025-08-23 2:24:43.333 PM","1.731"
"3","2025-08-23 2:24:43.334 PM","1.731"
"4","2025-08-23 2:24:43.335 PM","1.731"
"5","2025-08-23 2:24:43.336 PM","1.692"
"6","2025-08-23 2:24:43.337 PM","1.692"
"7","2025-08-23 2:24:43.338 PM","1.692"
"8","2025-08-23 2:24:43.339 PM","1.692"
"9","2025-08-23 2:24:43.340 PM","1.692"
"10","2025-08-23 2:24:43.341 PM","1.692"
"11","2025-08-23 2:24:43.342 PM","1.687"
"12","2025-08-23 2:24:43.343 PM","1.683"
"13","2025-08-23 2:24:43.344 PM","1.692"
"14","2025-08-23 2:24:43.345 PM","1.697"
"15","2025-08-23 2:24:43.346 PM","1.697"
"16","2025-08-23 2:24:43.347 PM","1.697"
"17","2025-08-23 2:24:43.348 PM","1.707"
"18","2025-08-23 2:24:43.349 PM","1.692"
"19","2025-08-23 2:24:43.350 PM","1.687"
"20","2025-08-23 2:24:43.351 PM","1.692"
"21","2025-08-23 2:24:43.352 PM","1.692"
"22","2025-08-23 2:24:43.353 PM","1.653"
"23","2025-08-23 2:24:43.354 PM","1.653"
"24","2025-08-23 2:24:43.355 PM","1.653"
"25","2025-08-23 2:24:43.356 PM","1.653"
"26","2025-08-23 2:24:43.357 PM","1.658"
"27","2025-08-23 2:24:43.358 PM","1.653"
"28","2025-08-23 2:24:43.359 PM","1.653"
"29","2025-08-23 2:24:43.360 PM","1.653"
"30","2025-08-23 2:24:43.361 PM","1.653"
"31","2025-08-23 2:24:43.362 PM","1.653"
"32","2025-08-23 2:24:43.363 PM","1.653"
"33","2025-08-23 2:24:43.364 PM","1.653"
"34","2025-08-23 2:24:43.365 PM","1.648"
"35","2025-08-23 2:24:43.366 PM","1.648"
"36","2025-08-23 2:24:43.367 PM","1.653"
"37","2025-08-23 2:24:43.368 PM","1.653"
"38","2025-08-23 2:24:43.369 PM","1.653"
"39","2025-08-23 2:24:43.370 PM","1.658"
"40","2025-08-23 2:24:43.371 PM","1.653"
"41","2025-08-23 2:24:43.372 PM","1.653"
"42","2025-08-23 2:24:43.373 PM","1.653"
"43","2025-08-23 2:24:43.374 PM","1.653"
"44","2025-08-23 2:24:43.375 PM","1.648"
"45","2025-08-23 2:24:43.376 PM","1.648"
"46","2025-08-23 2:24:43.377 PM","1.653"
"47","2025-08-23 2:24:43.378 PM","1.658"
"48","2025-08-23 2:24:43.379 PM","1.658"
"49","2025-08-23 2:24:43.380 PM","1.658"
"50","2025-08-23 2:24:43.381 PM","1.653"
"51","2025-08-23 2:24:43.382 PM","1.653"
"52","2025-08-23 2:24:43.383 PM","1.653"
"53","2025-08-23 2:24:43.384 PM","1.653"
"54","2025-08-23 2:24:43.385 PM","1.653"
"55","2025-08-23 2:24:43.386 PM","1.658"
"56","2025-08-23 2:24:43.387 PM","1.653"
"57","2025-08-23 2:24:43.388 PM","1.653"
"58","2025-08-23 2:24:43.389 PM","1.658"
"59","2025-08-23 2:24:43.390 PM","1.658"
"60","2025-08-23 2:24:43.391 PM","1.658"
"61","2025-08-23 2:24:43.392 PM","1.653"
"62","2025-08-23 2:24:43.393 PM","1.653"
"63","2025-08-23 2:24:43.394 PM","1.653"
"64","2025-08-23 2:24:43.395 PM","1.653"
"65","2025-08-23 2:24:43.396 PM","1.653"
"66","2025-08-23 2:24:43.397 PM","1.653"
"67","2025-08-23 2:24:43.398 PM","1.653"
"68","2025-08-23 2:24:43.399 PM","1.653"
"69","2025-08-23 2:24:43.400 PM","1.653"
"70","2025-08-23 2:24:43.401 PM","1.658"
"71","2025-08-23 2:24:43.402 PM","1.692"
"72","2025-08-23 2:24:43.403 PM","1.692"
"73","2025-08-23 2:24:43.404 PM","1.692"
"74","2025-08-23 2:24:43.405 PM","1.687"
"75","2025-08-23 2:24:43.406 PM","1.692"
"76","2025-08-23 2:24:43.407 PM","1.692"
"77","2025-08-23 2:24:43.408 PM","1.683"
"78","2025-08-23 2:24:43.409 PM","1.692"
"79","2025-08-23 2:24:43.410 PM","1.697"
"80","2025-08-23 2:24:43.411 PM","1.697"
"81","2025-08-23 2:24:43.412 PM","1.697"
"82","2025-08-23 2:24:43.413 PM","1.687"
"83","2025-08-23 2:24:43.414 PM","1.687"
"84","2025-08-23 2:24:43.415 PM","1.692"
"85","2025-08-23 2:24:43.416 PM","1.692"
"86","2025-08-23 2:24:43.417 PM","1.692"
"87","2025-08-23 2:24:43.418 PM","1.692"
"88","2025-08-23 2:24:43.419 PM","1.731"
"89","2025-08-23 2:24:43.420 PM","1.731"
"90","2025-08-23 2:24:43.421 PM","1.736"
"91","2025-08-23 2:24:43.422 PM","1.731"
"92","2025-08-23 2:24:43.423 PM","1.736"
"93","2025-08-23 2:24:43.424 PM","1.731"
"94","2025-08-23 2:24:43.425 PM","1.731"
"95","2025-08-23 2:24:43.426 PM","1.731"
"96","2025-08-23 2:24:43.427 PM","1.731"
"97","2025-08-23 2:24:43.428 PM","1.731"
"98","2025-08-23 2:24:43.429 PM","1.731"
"99","2025-08-23 2:24:43.430 PM","1.726"
"100","2025-08-23 2:24:43.431 PM","1.731"
"101","2025-08-23 2:24:43.432 PM","1.726"
"102","2025-08-23 2:24:43.433 PM","1.731"
"103","2025-08-23 2:24:43.434 PM","1.731"
"104","2025-08-23 2:24:43.435 PM","1.785"
"105","2025-08-23 2:24:43.436 PM","1.785"
"106","2025-08-23 2:24:43.437 PM","1.785"
"107","2025-08-23 2:24:43.438 PM","1.785"
"108","2025-08-23 2:24:43.439 PM","1.785"
"109","2025-08-23 2:24:43.440 PM","1.785"
"110","2025-08-23 2:24:43.441 PM","1.775"
"111","2025-08-23 2:24:43.442 PM","1.785"
"112","2025-08-23 2:24:43.443 PM","1.790"
"113","2025-08-23 2:24:43.444 PM","1.790"
"114","2025-08-23 2:24:43.445 PM","1.790"
"115","2025-08-23 2:24:43.446 PM","1.785"
"116","2025-08-23 2:24:43.447 PM","1.785"
"117","2025-08-23 2:24:43.448 PM","1.785"
"118","2025-08-23 2:24:43.449 PM","1.785"
"119","2025-08-23 2:24:43.450 PM","1.785"
"120","2025-08-23 2:24:43.451 PM","1.785"
"121","2025-08-23 2:24:43.452 PM","1.805"
"122","2025-08-23 2:24:43.453 PM","1.805"
"123","2025-08-23 2:24:43.454 PM","1.805"
"124","2025-08-23 2:24:43.455 PM","1.805"
"125","2025-08-23 2:24:43.456 PM","1.805"
"126","2025-08-23 2:24:43.457 PM","1.805"
"127","2025-08-23 2:24:43.458 PM","1.805"
"128","2025-08-23 2:24:43.459 PM","1.800"
"129","2025-08-23 2:24:43.460 PM","1.800"
"130","2025-08-23 2:24:43.461 PM","1.800"
"131","2025-08-23 2:24:43.462 PM","1.800"
"132","2025-08-23 2:24:43.463 PM","1.800"
"133","2025-08-23 2:24:43.464 PM","1.800"
"134","2025-08-23 2:24:43.465 PM","1.800"
"135","2025-08-23 2:24:43.466 PM","1.800"
"136","2025-08-23 2:24:43.467 PM","1.800"
"137","2025-08-23 2:24:43.468 PM","1.785"
"138","2025-08-23 2:24:43.469 PM","1.785"
"139","2025-08-23 2:24:43.470 PM","1.785"
"140","2025-08-23 2:24:43.471 PM","1.785"
"141","2025-08-23 2:24:43.472 PM","1.785"
"142","2025-08-23 2:24:43.473 PM","1.785"
"143","2025-08-23 2:24:43.474 PM","1.785"
"144","2025-08-23 2:24:43.475 PM","1.790"
"145","2025-08-23 2:24:43.476 PM","1.790"
"146","2025-08-23 2:24:43.477 PM","1.795"
"147","2025-08-23 2:24:43.478 PM","1.785"
"148","2025-08-23 2:24:43.479 PM","1.780"
"149","2025-08-23 2:24:43.480 PM","1.785"
"150","2025-08-23 2:24:43.481 PM","1.785"
"151","2025-08-23 2:24:43.482 PM","1.785"
"152","2025-08-23 2:24:43.483 PM","1.785"
"153","2025-08-23 2:24:43.484 PM","1.785"
"154","2025-08-23 2:24:43.485 PM","1.751"
"155","2025-08-23 2:24:43.486 PM","1.751"
"156","2025-08-23 2:24:43.487 PM","1.751"
"157","2025-08-23 2:24:43.488 PM","1.746"
"158","2025-08-23 2:24:43.489 PM","1.751"
"159","2025-08-23 2:24:43.490 PM","1.751"
"160","2025-08-23 2:24:43.491 PM","1.751"
"161","2025-08-23 2:24:43.492 PM","1.746"
"162","2025-08-23 2:24:43.493 PM","1.746"
"163","2025-08-23 2:24:43.494 PM","1.751"
"164","2025-08-23 2:24:43.495 PM","1.746"
"165","2025-08-23 2:24:43.496 PM","1.746"
"166","2025-08-23 2:24:43.497 PM","1.746"
"167","2025-08-23 2:24:43.498 PM","1.746"
"168","2025-08-23 2:24:43.499 PM","1.746"
"169","2025-08-23 2:24:43.500 PM","1.751"
"170","2025-08-23 2:24:43.501 PM","1.692"
"171","2025-08-23 2:24:43.502 PM","1.692"
"172","2025-08-23 2:24:43.503 PM","1.692"
"173","2025-08-23 2:24:43.504 PM","1.692"
"174","2025-08-23 2:24:43.505 PM","1.692"
"175","2025-08-23 2:24:43.506 PM","1.692"
"176","2025-08-23 2:24:43.507 PM","1.697"
"177","2025-08-23 2:24:43.508 PM","1.697"
"178","2025-08-23 2:24:43.509 PM","1.697"
"179","2025-08-23 2:24:43.510 PM","1.687"
"180","2025-08-23 2:24:43.511 PM","1.692"
"181","2025-08-23 2:24:43.512 PM","1.692"
"182","2025-08-23 2:24:43.513 PM","1.687"
"183","2025-08-23 2:24:43.514 PM","1.692"
"184","2025-08-23 2:24:43.515 PM","1.687"
"185","2025-08-23 2:24:43.516 PM","1.692"
"186","2025-08-23 2:24:43.517 PM","1.692"
"187","2025-08-23 2:24:43.518 PM","1.658"
"188","2025-08-23 2:24:43.519 PM","1.658"
"189","2025-08-23 2:24:43.520 PM","1.658"
"190","2025-08-23 2:24:43.521 PM","1.658"
"191","2025-08-23 2:24:43.522 PM","1.658"
"192","2025-08-23 2:24:43.523 PM","1.653"
"193","2025-08-23 2:24:43.524 PM","1.653"
"194","2025-08-23 2:24:43.525 PM","1.653"
"195","2025-08-23 2:24:43.526 PM","1.653"
"196","2025-08-23 2:24:43.527 PM","1.653"
"197","2025-08-23 2:24:43.528 PM","1.653"
"198","2025-08-23 2:24:43.529 PM","1.653"
"199","2025-08-23 2:24:43.530 PM","1.653"
"200","2025-08-23 2:24:43.531 PM","1.653"
"201","2025-08-23 2:24:43.532 PM","1.653"
"202","2025-08-23 2:24:43.533 PM","1.658"
"203","2025-08-23 2:24:43.534 PM","1.653"
"204","2025-08-23 2:24:43.535 PM","1.653"
"205","2025-08-23 2:24:43.536 PM","1.658"
"206","2025-08-23 2:24:43.537 PM","1.653"
"207","2025-08-23 2:24:43.538 PM","1.653"
"208","2025-08-23 2:24:43.539 PM","1.653"
"209","2025-08-23 2:24:43.540 PM","1.658"
"210","2025-08-23 2:24:43.541 PM","1.663"
"211","2025-08-23 2:24:43.542 PM","1.663"
"212","2025-08-23 2:24:43.543 PM","1.653"
"213","2025-08-23 2:24:43.544 PM","1.653"
"214","2025-08-23 2:24:43.545 PM","1.653"
"215","2025-08-23 2:24:43.546 PM","1.653"
"216","2025-08-23 2:24:43.547 PM","1.653"
"217","2025-08-23 2:24:43.548 PM","1.653"
"218","2025-08-23 2:24:43.549 PM","1.653"
"219","2025-08-23 2:24:43.550 PM","1.653"
"220","2025-08-23 2:24:43.551 PM","1.653"
"221","2025-08-23 2:24:43.552 PM","1.658"
"222","2025-08-23 2:24:43.553 PM","1.658"
"223","2025-08-23 2:24:43.554 PM","1.658"
"224","2025-08-23 2:24:43.555 PM","1.658"
"225","2025-08-23 2:24:43.556 PM","1.658"
"226","2025-08-23 2:24:43.557 PM","1.658"
"227","2025-08-23 2:24:43.558 PM","1.653"
"228","2025-08-23 2:24:43.559 PM","1.653"
"229","2025-08-23 2:24:43.560 PM","1.653"
"230","2025-08-23 2:24:43.561 PM","1.653"
"231","2025-08-23 2:24:43.562 PM","1.653"
"232","2025-08-23 2:24:43.563 PM","1.653"
"233","2025-08-23 2:24:43.564 PM","1.653"
"234","2025-08-23 2:24:43.565 PM","1.653"
"235","2025-08-23 2:24:43.566 PM","1.658"
"236","2025-08-23 2:24:43.567 PM","1.673"
"237","2025-08-23 2:24:43.568 PM","1.678"
"238","2025-08-23 2:24:43.569 PM","1.673"
"239","2025-08-23 2:24:43.570 PM","1.673"
"240","2025-08-23 2:24:43.571 PM","1.678"
"241","2025-08-23 2:24:43.572 PM","1.673"
"242","2025-08-23 2:24:43.573 PM","1.678"
"243","2025-08-23 2:24:43.574 PM","1.683"
"244","2025-08-23 2:24:43.575 PM","1.673"
"245","2025-08-23 2:24:43.576 PM","1.673"
"246","2025-08-23 2:24:43.577 PM","1.673"
"247","2025-08-23 2:24:43.578 PM","1.673"
"248","2025-08-23 2:24:43.579 PM","1.673"
"249","2025-08-23 2:24:43.580 PM","1.673"
"250","2025-08-23 2:24:43.581 PM","1.673"
"251","2025-08-23 2:24:43.582 PM","1.673"
"252","2025-08-23 2:24:43.583 PM","1.673"
"253","2025-08-23 2:24:43.584 PM","1.731"
"254","2025-08-23 2:24:43.585 PM","1.731"
"255","2025-08-23 2:24:43.586 PM","1.731"
"256","2025-08-23 2:24:43.587 PM","1.731"
"257","2025-08-23 2:24:43.588 PM","1.731"
"258","2025-08-23 2:24:43.589 PM","1.731"
"259","2025-08-23 2:24:43.590 PM","1.731"
"260","2025-08-23 2:24:43.591 PM","1.731"
"261","2025-08-23 2:24:43.592 PM","1.731"
"262","2025-08-23 2:24:43.593 PM","1.731"
"263","2025-08-23 2:24:43.594 PM","1.726"
"264","2025-08-23 2:24:43.595 PM","1.726"
"265","2025-08-23 2:24:43.596 PM","1.726"
"266","2025-08-23 2:24:43.597 PM","1.726"
"267","2025-08-23 2:24:43.598 PM","1.731"
"268","2025-08-23 2:24:43.599 PM","1.731"
"269","2025-08-23 2:24:43.600 PM","1.766"
"270","2025-08-23 2:24:43.601 PM","1.766"
"271","2025-08-23 2:24:43.602 PM","1.770"
"272","2025-08-23 2:24:43.603 PM","1.766"
"273","2025-08-23 2:24:43.604 PM","1.766"
"274","2025-08-23 2:24:43.605 PM","1.770"
"275","2025-08-23 2:24:43.606 PM","1.775"
"276","2025-08-23 2:24:43.607 PM","1.775"
"277","2025-08-23 2:24:43.608 PM","1.766"
"278","2025-08-23 2:24:43.609 PM","1.766"
"279","2025-08-23 2:24:43.610 PM","1.770"
"280","2025-08-23 2:24:43.611 PM","1.766"
"281","2025-08-23 2:24:43.612 PM","1.766"
"282","2025-08-23 2:24:43.613 PM","1.766"
"283","2025-08-23 2:24:43.614 PM","1.766"
"284","2025-08-23 2:24:43.615 PM","1.770"
"285","2025-08-23 2:24:43.616 PM","1.766"
"286","2025-08-23 2:24:43.617 PM","1.805"
"287","2025-08-23 2:24:43.618 PM","1.805"
"288","2025-08-23 2:24:43.619 PM","1.805"
"289","2025-08-23 2:24:43.620 PM","1.805"
"290","2025-08-23 2:24:43.621 PM","1.805"
"291","2025-08-23 2:24:43.622 PM","1.805"
"292","2025-08-23 2:24:43.623 PM","1.800"
"293","2025-08-23 2:24:43.624 PM","1.800"
"294","2025-08-23 2:24:43.625 PM","1.800"
"295","2025-08-23 2:24:43.626 PM","1.800"
"296","2025-08-23 2:24:43.627 PM","1.800"
"297","2025-08-23 2:24:43.628 PM","1.800"
"298","2025-08-23 2:24:43.629 PM","1.795"
"299","2025-08-23 2:24:43.630 PM","1.800"
"300","2025-08-23 2:24:43.631 PM","1.805"
"301","2025-08-23 2:24:43.632 PM","1.805"
"302","2025-08-23 2:24:43.633 PM","1.805"
"303","2025-08-23 2:24:43.634 PM","1.785"
"304","2025-08-23 2:24:43.635 PM","1.785"
"305","2025-08-23 2:24:43.636 PM","1.785"
"306","2025-08-23 2:24:43.637 PM","1.785"
"307","2025-08-23 2:24:43.638 PM","1.785"
"308","2025-08-23 2:24:43.639 PM","1.790"
"309","2025-08-23 2:24:43.640 PM","1.785"
"310","2025-08-23 2:24:43.641 PM","1.785"
"311","2025-08-23 2:24:43.642 PM","1.785"
"312","2025-08-23 2:24:43.643 PM","1.785"
"313","2025-08-23 2:24:43.644 PM","1.785"
"314","2025-08-23 2:24:43.645 PM","1.785"
"315","2025-08-23 2:24:43.646 PM","1.785"
"316","2025-08-23 2:24:43.647 PM","1.785"
"317","2025-08-23 2:24:43.648 PM","1.785"
"318","2025-08-23 2:24:43.649 PM","1.785"
"319","2025-08-23 2:24:43.650 PM","1.751"
"320","2025-08-23 2:24:43.651 PM","1.751"
"321","2025-08-23 2:24:43.652 PM","1.746"
"322","2025-08-23 2:24:43.653 PM","1.751"
"323","2025-08-23 2:24:43.654 PM","1.751"
"324","2025-08-23 2:24:43.655 PM","1.751"
"325","2025-08-23 2:24:43.656 PM","1.751"
"326","2025-08-23 2:24:43.657 PM","1.746"
"327","2025-08-23 2:24:43.658 PM","1.746"
"328","2025-08-23 2:24:43.659 PM","1.746"
"329","2025-08-23 2:24:43.660 PM","1.746"
"330","2025-08-23 2:24:43.661 PM","1.746"
"331","2025-08-23 2:24:43.662 PM","1.746"
"332","2025-08-23 2:24:43.663 PM","1.746"
"333","2025-08-23 2:24:43.664 PM","1.746"
"334","2025-08-23 2:24:43.665 PM","1.751"
"335","2025-08-23 2:24:43.666 PM","1.692"
"336","2025-08-23 2:24:43.667 PM","1.692"
"337","2025-08-23 2:24:43.668 PM","1.692"
"338","2025-08-23 2:24:43.669 PM","1.692"
"339","2025-08-23 2:24:43.670 PM","1.692"
"340","2025-08-23 2:24:43.671 PM","1.692"
"341","2025-08-23 2:24:43.672 PM","1.697"
"342","2025-08-23 2:24:43.673 PM","1.692"
"343","2025-08-23 2:24:43.674 PM","1.692"
"344","2025-08-23 2:24:43.675 PM","1.687"
"345","2025-08-23 2:24:43.676 PM","1.692"
"346","2025-08-23 2:24:43.677 PM","1.687"
"347","2025-08-23 2:24:43.678 PM","1.692"
"348","2025-08-23 2:24:43.679 PM","1.692"
"349","2025-08-23 2:24:43.680 PM","1.687"
"350","2025-08-23 2:24:43.681 PM","1.687"
"351","2025-08-23 2:24:43.682 PM","1.687"
"352","2025-08-23 2:24:43.683 PM","1.658"
"353","2025-08-23 2:24:43.684 PM","1.658"
"354","2025-08-23 2:24:43.685 PM","1.658"
"355","2025-08-23 2:24:43.686 PM","1.658"
"356","2025-08-23 2:24:43.687 PM","1.658"
"357","2025-08-23 2:24:43.688 PM","1.658"
"358","2025-08-23 2:24:43.689 PM","1.658"
"359","2025-08-23 2:24:43.690 PM","1.653"
"360","2025-08-23 2:24:43.691 PM","1.653"
"361","2025-08-23 2:24:43.692 PM","1.653"
"362","2025-08-23 2:24:43.693 PM","1.653"
"363","2025-08-23 2:24:43.694 PM","1.653"
"364","2025-08-23 2:24:43.695 PM","1.648"
"365","2025-08-23 2:24:43.696 PM","1.648"
"366","2025-08-23 2:24:43.697 PM","1.653"
"367","2025-08-23 2:24:43.698 PM","1.658"
"368","2025-08-23 2:24:43.699 PM","1.653"
"369","2025-08-23 2:24:43.700 PM","1.653"
"370","2025-08-23 2:24:43.701 PM","1.653"
"371","2025-08-23 2:24:43.702 PM","1.658"
"372","2025-08-23 2:24:43.703 PM","1.653"
"373","2025-08-23 2:24:43.704 PM","1.658"
"374","2025-08-23 2:24:43.705 PM","1.653"
"375","2025-08-23 2:24:43.706 PM","1.653"
"376","2025-08-23 2:24:43.707 PM","1.653"
"377","2025-08-23 2:24:43.708 PM","1.653"
"378","2025-08-23 2:24:43.709 PM","1.653"
"379","2025-08-23 2:24:43.710 PM","1.653"
"380","2025-08-23 2:24:43.711 PM","1.653"
"381","2025-08-23 2:24:43.712 PM","1.653"
"382","2025-08-23 2:24:43.713 PM","1.653"
"383","2025-08-23 2:24:43.714 PM","1.653"
"384","2025-08-23 2:24:43.715 PM","1.653"
"385","2025-08-23 2:24:43.716 PM","1.653"
"386","2025-08-23 2:24:43.717 PM","1.653"
"387","2025-08-23 2:24:43.718 PM","1.653"
"388","2025-08-23 2:24:43.719 PM","1.653"
"389","2025-08-23 2:24:43.720 PM","1.653"
"390","2025-08-23 2:24:43.721 PM","1.653"
"391","2025-08-23 2:24:43.722 PM","1.653"
"392","2025-08-23 2:24:43.723 PM","1.653"
"393","2025-08-23 2:24:43.724 PM","1.653"
"394","2025-08-23 2:24:43.725 PM","1.653"
"395","2025-08-23 2:24:43.726 PM","1.653"
"396","2025-08-23 2:24:43.727 PM","1.648"
"397","2025-08-23 2:24:43.728 PM","1.648"
"398","2025-08-23 2:24:43.729 PM","1.648"
"399","2025-08-23 2:24:43.730 PM","1.653"
"400","2025-08-23 2:24:43.731 PM","1.653"
"401","2025-08-23 2:24:43.732 PM","1.673"
"402","2025-08-23 2:24:43.733 PM","1.673"
"403","2025-08-23 2:24:43.734 PM","1.673"
"404","2025-08-23 2:24:43.735 PM","1.673"
"405","2025-08-23 2:24:43.736 PM","1.673"
"406","2025-08-23 2:24:43.737 PM","1.678"
"407","2025-08-23 2:24:43.738 PM","1.678"
"408","2025-08-23 2:24:43.739 PM","1.673"
"409","2025-08-23 2:24:43.740 PM","1.673"
"410","2025-08-23 2:24:43.741 PM","1.673"
"411","2025-08-23 2:24:43.742 PM","1.673"
"412","2025-08-23 2:24:43.743 PM","1.668"
"413","2025-08-23 2:24:43.744 PM","1.673"
"414","2025-08-23 2:24:43.745 PM","1.673"
"415","2025-08-23 2:24:43.746 PM","1.673"
"416","2025-08-23 2:24:43.747 PM","1.673"
"417","2025-08-23 2:24:43.748 PM","1.678"
"418","2025-08-23 2:24:43.749 PM","1.736"
"419","2025-08-23 2:24:43.750 PM","1.731"
"420","2025-08-23 2:24:43.751 PM","1.731"
"421","2025-08-23 2:24:43.752 PM","1.731"
"422","2025-08-23 2:24:43.753 PM","1.731"
"423","2025-08-23 2:24:43.754 PM","1.731"
"424","2025-08-23 2:24:43.755 PM","1.731"
"425","2025-08-23 2:24:43.756 PM","1.731"
"426","2025-08-23 2:24:43.757 PM","1.726"
"427","2025-08-23 2:24:43.758 PM","1.726"
"428","2025-08-23 2:24:43.759 PM","1.731"
"429","2025-08-23 2:24:43.760 PM","1.726"
"430","2025-08-23 2:24:43.761 PM","1.726"
"431","2025-08-23 2:24:43.762 PM","1.717"
"432","2025-08-23 2:24:43.763 PM","1.731"
"433","2025-08-23 2:24:43.764 PM","1.731"
"434","2025-08-23 2:24:43.765 PM","1.731"
"435","2025-08-23 2:24:43.766 PM","1.770"
"436","2025-08-23 2:24:43.767 PM","1.766"
"437","2025-08-23 2:24:43.768 PM","1.770"
"438","2025-08-23 2:24:43.769 PM","1.770"
"439","2025-08-23 2:24:43.770 PM","1.766"
"440","2025-08-23 2:24:43.771 PM","1.766"
"441","2025-08-23 2:24:43.772 PM","1.766"
"442","2025-08-23 2:24:43.773 PM","1.770"
"443","2025-08-23 2:24:43.774 PM","1.766"
"444","2025-08-23 2:24:43.775 PM","1.770"
"445","2025-08-23 2:24:43.776 PM","1.766"
"446","2025-08-23 2:24:43.777 PM","1.766"
"447","2025-08-23 2:24:43.778 PM","1.766"
"448","2025-08-23 2:24:43.779 PM","1.766"
"449","2025-08-23 2:24:43.780 PM","1.766"
"450","2025-08-23 2:24:43.781 PM","1.766"
"451","2025-08-23 2:24:43.782 PM","1.800"
"452","2025-08-23 2:24:43.783 PM","1.805"
"453","2025-08-23 2:24:43.784 PM","1.805"
"454","2025-08-23 2:24:43.785 PM","1.805"
"455","2025-08-23 2:24:43.786 PM","1.805"
"456","2025-08-23 2:24:43.787 PM","1.805"
"457","2025-08-23 2:24:43.788 PM","1.800"
"458","2025-08-23 2:24:43.789 PM","1.800"
"459","2025-08-23 2:24:43.790 PM","1.800"
"460","2025-08-23 2:24:43.791 PM","1.800"
"461","2025-08-23 2:24:43.792 PM","1.795"
"462","2025-08-23 2:24:43.793 PM","1.795"
"463","2025-08-23 2:24:43.794 PM","1.795"
"464","2025-08-23 2:24:43.795 PM","1.795"
"465","2025-08-23 2:24:43.796 PM","1.800"
"466","2025-08-23 2:24:43.797 PM","1.805"
"467","2025-08-23 2:24:43.798 PM","1.805"
"468","2025-08-23 2:24:43.799 PM","1.785"
"469","2025-08-23 2:24:43.800 PM","1.785"
"470","2025-08-23 2:24:43.801 PM","1.785"
"471","2025-08-23 2:24:43.802 PM","1.785"
"472","2025-08-23 2:24:43.803 PM","1.785"
"473","2025-08-23 2:24:43.804 PM","1.790"
"474","2025-08-23 2:24:43.805 PM","1.785"
"475","2025-08-23 2:24:43.806 PM","1.785"
"476","2025-08-23 2:24:43.807 PM","1.785"
"477","2025-08-23 2:24:43.808 PM","1.785"
"478","2025-08-23 2:24:43.809 PM","1.785"
"479","2025-08-23 2:24:43.810 PM","1.785"
"480","2025-08-23 2:24:43.811 PM","1.785"
"481","2025-08-23 2:24:43.812 PM","1.785"
"482","2025-08-23 2:24:43.813 PM","1.785"
"483","2025-08-23 2:24:43.814 PM","1.785"
"484","2025-08-23 2:24:43.815 PM","1.746"
"485","2025-08-23 2:24:43.816 PM","1.751"
"486","2025-08-23 2:24:43.817 PM","1.751"
"487","2025-08-23 2:24:43.818 PM","1.751"
"488","2025-08-23 2:24:43.819 PM","1.751"
"489","2025-08-23 2:24:43.820 PM","1.751"
"490","2025-08-23 2:24:43.821 PM","1.751"
"491","2025-08-23 2:24:43.822 PM","1.746"
"492","2025-08-23 2:24:43.823 PM","1.746"
"493","2025-08-23 2:24:43.824 PM","1.746"
"494","2025-08-23 2:24:43.825 PM","1.746"
"495","2025-08-23 2:24:43.826 PM","1.741"
"496","2025-08-23 2:24:43.827 PM","1.746"
"497","2025-08-23 2:24:43.828 PM","1.741"
"498","2025-08-23 2:24:43.829 PM","1.751"
"499","2025-08-23 2:24:43.830 PM","1.751"
"500","2025-08-23 2:24:43.831 PM","1.751"
"501","2025-08-23 2:24:43.832 PM","1.692"
"502","2025-08-23 2:24:43.833 PM","1.692"
"503","2025-08-23 2:24:43.834 PM","1.697"
"504","2025-08-23 2:24:43.835 PM","1.692"
"505","2025-08-23 2:24:43.836 PM","1.692"
"506","2025-08-23 2:24:43.837 PM","1.692"
"507","2025-08-23 2:24:43.838 PM","1.692"
"508","2025-08-23 2:24:43.839 PM","1.692"
"509","2025-08-23 2:24:43.840 PM","1.692"
"510","2025-08-23 2:24:43.841 PM","1.692"
"511","2025-08-23 2:24:43.842 PM","1.692"
"512","2025-08-23 2:24:43.843 PM","1.687"
"513","2025-08-23 2:24:43.844 PM","1.687"
"514","2025-08-23 2:24:43.845 PM","1.687"
"515","2025-08-23 2:24:43.846 PM","1.692"
"516","2025-08-23 2:24:43.847 PM","1.692"
"517","2025-08-23 2:24:43.848 PM","1.658"
"518","2025-08-23 2:24:43.849 PM","1.658"
"519","2025-08-23 2:24:43.850 PM","1.653"
"520","2025-08-23 2:24:43.851 PM","1.658"
"521","2025-08-23 2:24:43.852 PM","1.658"
"522","2025-08-23 2:24:43.853 PM","1.658"
"523","2025-08-23 2:24:43.854 PM","1.653"
"524","2025-08-23 2:24:43.855 PM","1.653"
"525","2025-08-23 2:24:43.856 PM","1.653"
"526","2025-08-23 2:24:43.857 PM","1.653"
"527","2025-08-23 2:24:43.858 PM","1.653"
"528","2025-08-23 2:24:43.859 PM","1.648"
"529","2025-08-23 2:24:43.860 PM","1.648"
"530","2025-08-23 2:24:43.861 PM","1.648"
"531","2025-08-23 2:24:43.862 PM","1.658"
"532","2025-08-23 2:24:43.863 PM","1.653"
"533","2025-08-23 2:24:43.864 PM","1.658"
"534","2025-08-23 2:24:43.865 PM","1.653"
"535","2025-08-23 2:24:43.866 PM","1.658"
"536","2025-08-23 2:24:43.867 PM","1.653"
"537","2025-08-23 2:24:43.868 PM","1.653"
"538","2025-08-23 2:24:43.869 PM","1.653"
"539","2025-08-23 2:24:43.870 PM","1.658"
"540","2025-08-23 2:24:43.871 PM","1.653"
"541","2025-08-23 2:24:43.872 PM","1.653"
"542","2025-08-23 2:24:43.873 PM","1.653"
"543","2025-08-23 2:24:43.874 PM","1.653"
"544","2025-08-23 2:24:43.875 PM","1.653"
"545","2025-08-23 2:24:43.876 PM","1.653"
"546","2025-08-23 2:24:43.877 PM","1.653"
"547","2025-08-23 2:24:43.878 PM","1.653"
"548","2025-08-23 2:24:43.879 PM","1.653"
"549","2025-08-23 2:24:43.880 PM","1.653"
"550","2025-08-23 2:24:43.881 PM","1.653"
"551","2025-08-23 2:24:43.882 PM","1.653"
"552","2025-08-23 2:24:43.883 PM","1.653"
"553","2025-08-23 2:24:43.884 PM","1.653"
"554","2025-08-23 2:24:43.885 PM","1.653"
"555","2025-08-23 2:24:43.886 PM","1.653"
"556","2025-08-23 2:24:43.887 PM","1.648"
"557","2025-08-23 2:24:43.888 PM","1.648"
"558","2025-08-23 2:24:43.889 PM","1.653"
"559","2025-08-23 2:24:43.890 PM","1.648"
"560","2025-08-23 2:24:43.891 PM","1.648"
"561","2025-08-23 2:24:43.892 PM","1.648"
"562","2025-08-23 2:24:43.893 PM","1.648"
"563","2025-08-23 2:24:43.894 PM","1.648"
"564","2025-08-23 2:24:43.895 PM","1.653"
"565","2025-08-23 2:24:43.896 PM","1.653"
"566","2025-08-23 2:24:43.897 PM","1.653"
"567","2025-08-23 2:24:43.898 PM","1.673"
"568","2025-08-23 2:24:43.899 PM","1.673"
"569","2025-08-23 2:24:43.900 PM","1.673"
"570","2025-08-23 2:24:43.901 PM","1.673"
"571","2025-08-23 2:24:43.902 PM","1.673"
"572","2025-08-23 2:24:43.903 PM","1.678"
"573","2025-08-23 2:24:43.904 PM","1.673"
"574","2025-08-23 2:24:43.905 PM","1.673"
"575","2025-08-23 2:24:43.906 PM","1.673"
"576","2025-08-23 2:24:43.907 PM","1.673"
"577","2025-08-23 2:24:43.908 PM","1.673"
"578","2025-08-23 2:24:43.909 PM","1.673"
"579","2025-08-23 2:24:43.910 PM","1.673"
"580","2025-08-23 2:24:43.911 PM","1.673"
"581","2025-08-23 2:24:43.912 PM","1.673"
"582","2025-08-23 2:24:43.913 PM","1.673"
"583","2025-08-23 2:24:43.914 PM","1.707"
"584","2025-08-23 2:24:43.915 PM","1.712"
"585","2025-08-23 2:24:43.916 PM","1.707"
"586","2025-08-23 2:24:43.917 PM","1.712"
"587","2025-08-23 2:24:43.918 PM","1.712"
"588","2025-08-23 2:24:43.919 PM","1.712"
"589","2025-08-23 2:24:43.920 PM","1.707"
"590","2025-08-23 2:24:43.921 PM","1.707"
"591","2025-08-23 2:24:43.922 PM","1.702"
"592","2025-08-23 2:24:43.923 PM","1.702"
"593","2025-08-23 2:24:43.924 PM","1.702"
"594","2025-08-23 2:24:43.925 PM","1.702"
"595","2025-08-23 2:24:43.926 PM","1.702"
"596","2025-08-23 2:24:43.927 PM","1.697"
"597","2025-08-23 2:24:43.928 PM","1.707"
"598","2025-08-23 2:24:43.929 PM","1.707"
"599","2025-08-23 2:24:43.930 PM","1.712"
"600","2025-08-23 2:24:43.931 PM","1.770"
"601","2025-08-23 2:24:43.932 PM","1.766"
"602","2025-08-23 2:24:43.933 PM","1.766"
"603","2025-08-23 2:24:43.934 PM","1.766"
"604","2025-08-23 2:24:43.935 PM","1.770"
"605","2025-08-23 2:24:43.936 PM","1.770"
"606","2025-08-23 2:24:43.937 PM","1.766"
"607","2025-08-23 2:24:43.938 PM","1.766"
"608","2025-08-23 2:24:43.939 PM","1.766"
"609","2025-08-23 2:24:43.940 PM","1.766"
"610","2025-08-23 2:24:43.941 PM","1.766"
"611","2025-08-23 2:24:43.942 PM","1.766"
"612","2025-08-23 2:24:43.943 PM","1.766"
"613","2025-08-23 2:24:43.944 PM","1.766"
"614","2025-08-23 2:24:43.945 PM","1.766"
"615","2025-08-23 2:24:43.946 PM","1.766"
"616","2025-08-23 2:24:43.947 PM","1.800"
"617","2025-08-23 2:24:43.948 PM","1.805"
"618","2025-08-23 2:24:43.949 PM","1.800"
"619","2025-08-23 2:24:43.950 PM","1.800"
"620","2025-08-23 2:24:43.951 PM","1.805"
"621","2025-08-23 2:24:43.952 PM","1.805"
"622","2025-08-23 2:24:43.953 PM","1.800"
"623","2025-08-23 2:24:43.954 PM","1.800"
"624","2025-08-23 2:24:43.955 PM","1.800"
"625","2025-08-23 2:24:43.956 PM","1.795"
"626","2025-08-23 2:24:43.957 PM","1.795"
"627","2025-08-23 2:24:43.958 PM","1.795"
"628","2025-08-23 2:24:43.959 PM","1.795"
"629","2025-08-23 2:24:43.960 PM","1.790"
"630","2025-08-23 2:24:43.961 PM","1.800"
"631","2025-08-23 2:24:43.962 PM","1.805"
"632","2025-08-23 2:24:43.963 PM","1.805"
"633","2025-08-23 2:24:43.964 PM","1.785"
"634","2025-08-23 2:24:43.965 PM","1.785"
"635","2025-08-23 2:24:43.966 PM","1.785"
"636","2025-08-23 2:24:43.967 PM","1.785"
"637","2025-08-23 2:24:43.968 PM","1.785"
"638","2025-08-23 2:24:43.969 PM","1.785"
"639","2025-08-23 2:24:43.970 PM","1.785"
"640","2025-08-23 2:24:43.971 PM","1.785"
"641","2025-08-23 2:24:43.972 PM","1.785"
"642","2025-08-23 2:24:43.973 PM","1.785"
"643","2025-08-23 2:24:43.974 PM","1.785"
"644","2025-08-23 2:24:43.975 PM","1.785"
"645","2025-08-23 2:24:43.976 PM","1.785"
"646","2025-08-23 2:24:43.977 PM","1.785"
"647","2025-08-23 2:24:43.978 PM","1.785"
"648","2025-08-23 2:24:43.979 PM","1.785"
"649","2025-08-23 2:24:43.980 PM","1.751"
"650","2025-08-23 2:24:43.981 PM","1.746"
"651","2025-08-23 2:24:43.982 PM","1.751"
"652","2025-08-23 2:24:43.983 PM","1.751"
"653","2025-08-23 2:24:43.984 PM","1.751"
"654","2025-08-23 2:24:43.985 PM","1.751"
"655","2025-08-23 2:24:43.986 PM","1.746"
"656","2025-08-23 2:24:43.987 PM","1.746"
"657","2025-08-23 2:24:43.988 PM","1.746"
"658","2025-08-23 2:24:43.989 PM","1.741"
"659","2025-08-23 2:24:43.990 PM","1.741"
"660","2025-08-23 2:24:43.991 PM","1.741"
"661","2025-08-23 2:24:43.992 PM","1.741"
"662","2025-08-23 2:24:43.993 PM","1.746"
"663","2025-08-23 2:24:43.994 PM","1.751"
"664","2025-08-23 2:24:43.995 PM","1.751"
"665","2025-08-23 2:24:43.996 PM","1.751"
"666","2025-08-23 2:24:43.997 PM","1.687"
"667","2025-08-23 2:24:43.998 PM","1.692"
"668","2025-08-23 2:24:43.999 PM","1.692"
"669","2025-08-23 2:24:44.000 PM","1.692"
"670","2025-08-23 2:24:44.001 PM","1.692"
"671","2025-08-23 2:24:44.002 PM","1.692"
"672","2025-08-23 2:24:44.003 PM","1.692"
"673","2025-08-23 2:24:44.004 PM","1.692"
"674","2025-08-23 2:24:44.005 PM","1.692"
"675","2025-08-23 2:24:44.006 PM","1.687"
"676","2025-08-23 2:24:44.007 PM","1.687"
"677","2025-08-23 2:24:44.008 PM","1.692"
"678","2025-08-23 2:24:44.009 PM","1.687"
"679","2025-08-23 2:24:44.010 PM","1.687"
"680","2025-08-23 2:24:44.011 PM","1.692"
"681","2025-08-23 2:24:44.012 PM","1.692"
"682","2025-08-23 2:24:44.013 PM","1.658"
"683","2025-08-23 2:24:44.014 PM","1.658"
"684","2025-08-23 2:24:44.015 PM","1.653"
"685","2025-08-23 2:24:44.016 PM","1.658"
"686","2025-08-23 2:24:44.017 PM","1.658"
"687","2025-08-23 2:24:44.018 PM","1.658"
"688","2025-08-23 2:24:44.019 PM","1.653"
"689","2025-08-23 2:24:44.020 PM","1.653"
"690","2025-08-23 2:24:44.021 PM","1.653"
"691","2025-08-23 2:24:44.022 PM","1.653"
"692","2025-08-23 2:24:44.023 PM","1.648"
"693","2025-08-23 2:24:44.024 PM","1.648"
"694","2025-08-23 2:24:44.025 PM","1.648"
"695","2025-08-23 2:24:44.026 PM","1.653"
"696","2025-08-23 2:24:44.027 PM","1.653"
"697","2025-08-23 2:24:44.028 PM","1.658"
"698","2025-08-23 2:24:44.029 PM","1.653"
"699","2025-08-23 2:24:44.030 PM","1.653"
"700","2025-08-23 2:24:44.031 PM","1.653"
"701","2025-08-23 2:24:44.032 PM","1.653"
"702","2025-08-23 2:24:44.033 PM","1.653"
"703","2025-08-23 2:24:44.034 PM","1.653"
"704","2025-08-23 2:24:44.035 PM","1.653"
"705","2025-08-23 2:24:44.036 PM","1.653"
"706","2025-08-23 2:24:44.037 PM","1.653"
"707","2025-08-23 2:24:44.038 PM","1.653"
"708","2025-08-23 2:24:44.039 PM","1.653"
"709","2025-08-23 2:24:44.040 PM","1.653"
"710","2025-08-23 2:24:44.041 PM","1.653"
"711","2025-08-23 2:24:44.042 PM","1.653"
"712","2025-08-23 2:24:44.043 PM","1.653"
"713","2025-08-23 2:24:44.044 PM","1.653"
"714","2025-08-23 2:24:44.045 PM","1.653"
"715","2025-08-23 2:24:44.046 PM","1.653"
"716","2025-08-23 2:24:44.047 PM","1.653"
"717","2025-08-23 2:24:44.048 PM","1.653"
"718","2025-08-23 2:24:44.049 PM","1.653"
"719","2025-08-23 2:24:44.050 PM","1.653"
"720","2025-08-23 2:24:44.051 PM","1.653"
"721","2025-08-23 2:24:44.052 PM","1.648"
"722","2025-08-23 2:24:44.053 PM","1.648"
"723","2025-08-23 2:24:44.054 PM","1.648"
"724","2025-08-23 2:24:44.055 PM","1.648"
"725","2025-08-23 2:24:44.056 PM","1.648"
"726","2025-08-23 2:24:44.057 PM","1.643"
"727","2025-08-23 2:24:44.058 PM","1.653"
"728","2025-08-23 2:24:44.059 PM","1.658"
"729","2025-08-23 2:24:44.060 PM","1.653"
"730","2025-08-23 2:24:44.061 PM","1.653"
"731","2025-08-23 2:24:44.062 PM","1.658"
"732","2025-08-23 2:24:44.063 PM","1.673"
"733","2025-08-23 2:24:44.064 PM","1.673"
"734","2025-08-23 2:24:44.065 PM","1.673"
"735","2025-08-23 2:24:44.066 PM","1.673"
"736","2025-08-23 2:24:44.067 PM","1.673"
"737","2025-08-23 2:24:44.068 PM","1.673"
"738","2025-08-23 2:24:44.069 PM","1.673"
"739","2025-08-23 2:24:44.070 PM","1.673"
"740","2025-08-23 2:24:44.071 PM","1.673"
"741","2025-08-23 2:24:44.072 PM","1.673"
"742","2025-08-23 2:24:44.073 PM","1.673"
"743","2025-08-23 2:24:44.074 PM","1.673"
"744","2025-08-23 2:24:44.075 PM","1.673"
"745","2025-08-23 2:24:44.076 PM","1.668"
"746","2025-08-23 2:24:44.077 PM","1.673"
"747","2025-08-23 2:24:44.078 PM","1.673"
"748","2025-08-23 2:24:44.079 PM","1.712"
"749","2025-08-23 2:24:44.080 PM","1.712"
"750","2025-08-23 2:24:44.081 PM","1.712"
"751","2025-08-23 2:24:44.082 PM","1.712"
"752","2025-08-23 2:24:44.083 PM","1.712"
"753","2025-08-23 2:24:44.084 PM","1.712"
"754","2025-08-23 2:24:44.085 PM","1.707"
"755","2025-08-23 2:24:44.086 PM","1.702"
"756","2025-08-23 2:24:44.087 PM","1.702"
"757","2025-08-23 2:24:44.088 PM","1.702"
"758","2025-08-23 2:24:44.089 PM","1.702"
"759","2025-08-23 2:24:44.090 PM","1.697"
"760","2025-08-23 2:24:44.091 PM","1.712"
"761","2025-08-23 2:24:44.092 PM","1.712"
"762","2025-08-23 2:24:44.093 PM","1.707"
"763","2025-08-23 2:24:44.094 PM","1.707"
"764","2025-08-23 2:24:44.095 PM","1.712"
"765","2025-08-23 2:24:44.096 PM","1.770"
"766","2025-08-23 2:24:44.097 PM","1.766"
"767","2025-08-23 2:24:44.098 PM","1.770"
"768","2025-08-23 2:24:44.099 PM","1.766"
"769","2025-08-23 2:24:44.100 PM","1.770"
"770","2025-08-23 2:24:44.101 PM","1.770"
"771","2025-08-23 2:24:44.102 PM","1.766"
"772","2025-08-23 2:24:44.103 PM","1.766"
"773","2025-08-23 2:24:44.104 PM","1.766"
"774","2025-08-23 2:24:44.105 PM","1.766"
"775","2025-08-23 2:24:44.106 PM","1.766"
"776","2025-08-23 2:24:44.107 PM","1.766"
"777","2025-08-23 2:24:44.108 PM","1.766"
"778","2025-08-23 2:24:44.109 PM","1.766"
"779","2025-08-23 2:24:44.110 PM","1.770"
"780","2025-08-23 2:24:44.111 PM","1.770"
"781","2025-08-23 2:24:44.112 PM","1.805"
"782","2025-08-23 2:24:44.113 PM","1.805"
"783","2025-08-23 2:24:44.114 PM","1.805"
"784","2025-08-23 2:24:44.115 PM","1.805"
"785","2025-08-23 2:24:44.116 PM","1.805"
"786","2025-08-23 2:24:44.117 PM","1.800"
"787","2025-08-23 2:24:44.118 PM","1.800"
"788","2025-08-23 2:24:44.119 PM","1.795"
"789","2025-08-23 2:24:44.120 PM","1.795"
"790","2025-08-23 2:24:44.121 PM","1.795"
"791","2025-08-23 2:24:44.122 PM","1.795"
"792","2025-08-23 2:24:44.123 PM","1.805"
"793","2025-08-23 2:24:44.124 PM","1.805"
"794","2025-08-23 2:24:44.125 PM","1.810"
"795","2025-08-23 2:24:44.126 PM","1.800"
"796","2025-08-23 2:24:44.127 PM","1.800"
"797","2025-08-23 2:24:44.128 PM","1.800"
"798","2025-08-23 2:24:44.129 PM","1.800"
"799","2025-08-23 2:24:44.130 PM","1.805"
"800","2025-08-23 2:24:44.131 PM","1.805"
"801","2025-08-23 2:24:44.132 PM","1.805"
"802","2025-08-23 2:24:44.133 PM","1.805"
"803","2025-08-23 2:24:44.134 PM","1.800"
"804","2025-08-23 2:24:44.135 PM","1.800"
"805","2025-08-23 2:24:44.136 PM","1.800"
"806","2025-08-23 2:24:44.137 PM","1.800"
"807","2025-08-23 2:24:44.138 PM","1.800"
"808","2025-08-23 2:24:44.139 PM","1.800"
"809","2025-08-23 2:24:44.140 PM","1.800"
"810","2025-08-23 2:24:44.141 PM","1.800"
"811","2025-08-23 2:24:44.142 PM","1.800"
"812","2025-08-23 2:24:44.143 PM","1.805"
"813","2025-08-23 2:24:44.144 PM","1.805"
"814","2025-08-23 2:24:44.145 PM","1.770"
"815","2025-08-23 2:24:44.146 PM","1.770"
"816","2025-08-23 2:24:44.147 PM","1.770"
"817","2025-08-23 2:24:44.148 PM","1.770"
"818","2025-08-23 2:24:44.149 PM","1.770"
"819","2025-08-23 2:24:44.150 PM","1.770"
"820","2025-08-23 2:24:44.151 PM","1.766"
"821","2025-08-23 2:24:44.152 PM","1.761"
"822","2025-08-23 2:24:44.153 PM","1.761"
"823","2025-08-23 2:24:44.154 PM","1.761"
"824","2025-08-23 2:24:44.155 PM","1.766"
"825","2025-08-23 2:24:44.156 PM","1.770"
"826","2025-08-23 2:24:44.157 PM","1.770"
"827","2025-08-23 2:24:44.158 PM","1.770"
"828","2025-08-23 2:24:44.159 PM","1.766"
"829","2025-08-23 2:24:44.160 PM","1.766"
"830","2025-08-23 2:24:44.161 PM","1.766"
"831","2025-08-23 2:24:44.162 PM","1.707"
"832","2025-08-23 2:24:44.163 PM","1.712"
"833","2025-08-23 2:24:44.164 PM","1.707"
"834","2025-08-23 2:24:44.165 PM","1.707"
"835","2025-08-23 2:24:44.166 PM","1.712"
"836","2025-08-23 2:24:44.167 PM","1.712"
"837","2025-08-23 2:24:44.168 PM","1.707"
"838","2025-08-23 2:24:44.169 PM","1.707"
"839","2025-08-23 2:24:44.170 PM","1.707"
"840","2025-08-23 2:24:44.171 PM","1.707"
"841","2025-08-23 2:24:44.172 PM","1.707"
"842","2025-08-23 2:24:44.173 PM","1.707"
"843","2025-08-23 2:24:44.174 PM","1.707"
"844","2025-08-23 2:24:44.175 PM","1.707"
"845","2025-08-23 2:24:44.176 PM","1.712"
"846","2025-08-23 2:24:44.177 PM","1.707"
"847","2025-08-23 2:24:44.178 PM","1.658"
"848","2025-08-23 2:24:44.179 PM","1.658"
"849","2025-08-23 2:24:44.180 PM","1.658"
"850","2025-08-23 2:24:44.181 PM","1.653"
"851","2025-08-23 2:24:44.182 PM","1.658"
"852","2025-08-23 2:24:44.183 PM","1.658"
"853","2025-08-23 2:24:44.184 PM","1.653"
"854","2025-08-23 2:24:44.185 PM","1.648"
"855","2025-08-23 2:24:44.186 PM","1.648"
"856","2025-08-23 2:24:44.187 PM","1.648"
"857","2025-08-23 2:24:44.188 PM","1.658"
"858","2025-08-23 2:24:44.189 PM","1.658"
"859","2025-08-23 2:24:44.190 PM","1.663"
"860","2025-08-23 2:24:44.191 PM","1.663"
"861","2025-08-23 2:24:44.192 PM","1.658"
"862","2025-08-23 2:24:44.193 PM","1.658"
"863","2025-08-23 2:24:44.194 PM","1.658"
"864","2025-08-23 2:24:44.195 PM","1.653"
"865","2025-08-23 2:24:44.196 PM","1.653"
"866","2025-08-23 2:24:44.197 PM","1.653"
"867","2025-08-23 2:24:44.198 PM","1.658"
"868","2025-08-23 2:24:44.199 PM","1.653"
"869","2025-08-23 2:24:44.200 PM","1.653"
"870","2025-08-23 2:24:44.201 PM","1.653"
"871","2025-08-23 2:24:44.202 PM","1.653"
"872","2025-08-23 2:24:44.203 PM","1.653"
"873","2025-08-23 2:24:44.204 PM","1.653"
"874","2025-08-23 2:24:44.205 PM","1.653"
"875","2025-08-23 2:24:44.206 PM","1.653"
"876","2025-08-23 2:24:44.207 PM","1.648"
"877","2025-08-23 2:24:44.208 PM","1.653"
"878","2025-08-23 2:24:44.209 PM","1.653"
"879","2025-08-23 2:24:44.210 PM","1.653"
"880","2025-08-23 2:24:44.211 PM","1.653"
"881","2025-08-23 2:24:44.212 PM","1.658"
"882","2025-08-23 2:24:44.213 PM","1.658"
"883","2025-08-23 2:24:44.214 PM","1.653"
"884","2025-08-23 2:24:44.215 PM","1.653"
"885","2025-08-23 2:24:44.216 PM","1.658"
"886","2025-08-23 2:24:44.217 PM","1.648"
"887","2025-08-23 2:24:44.218 PM","1.648"
"888","2025-08-23 2:24:44.219 PM","1.648"
"889","2025-08-23 2:24:44.220 PM","1.653"
"890","2025-08-23 2:24:44.221 PM","1.658"
"891","2025-08-23 2:24:44.222 PM","1.658"
"892","2025-08-23 2:24:44.223 PM","1.658"
"893","2025-08-23 2:24:44.224 PM","1.653"
"894","2025-08-23 2:24:44.225 PM","1.653"
"895","2025-08-23 2:24:44.226 PM","1.653"
"896","2025-08-23 2:24:44.227 PM","1.658"
"897","2025-08-23 2:24:44.228 PM","1.658"
"898","2025-08-23 2:24:44.229 PM","1.658"
"899","2025-08-23 2:24:44.230 PM","1.653"
"900","2025-08-23 2:24:44.231 PM","1.658"
"901","2025-08-23 2:24:44.232 PM","1.658"
"902","2025-08-23 2:24:44.233 PM","1.658"
"903","2025-08-23 2:24:44.234 PM","1.658"
"904","2025-08-23 2:24:44.235 PM","1.653"
"905","2025-08-23 2:24:44.236 PM","1.653"
"906","2025-08-23 2:24:44.237 PM","1.653"
"907","2025-08-23 2:24:44.238 PM","1.653"
"908","2025-08-23 2:24:44.239 PM","1.653"
"909","2025-08-23 2:24:44.240 PM","1.653"
"910","2025-08-23 2:24:44.241 PM","1.653"
"911","2025-08-23 2:24:44.242 PM","1.653"
"912","2025-08-23 2:24:44.243 PM","1.658"
"913","2025-08-23 2:24:44.244 PM","1.707"
"914","2025-08-23 2:24:44.245 PM","1.712"
"915","2025-08-23 2:24:44.246 PM","1.712"
"916","2025-08-23 2:24:44.247 PM","1.712"
"917","2025-08-23 2:24:44.248 PM","1.712"
"918","2025-08-23 2:24:44.249 PM","1.712"
"919","2025-08-23 2:24:44.250 PM","1.702"
"920","2025-08-23 2:24:44.251 PM","1.702"
"921","2025-08-23 2:24:44.252 PM","1.702"
"922","2025-08-23 2:24:44.253 PM","1.712"
"923","2025-08-23 2:24:44.254 PM","1.712"
"924","2025-08-23 2:24:44.255 PM","1.712"
"925","2025-08-23 2:24:44.256 PM","1.717"
"926","2025-08-23 2:24:44.257 PM","1.707"
"927","2025-08-23 2:24:44.258 PM","1.707"
