"Device: USB-205"
"Serial Number: 22B4008"
"Channel Count: 1"
"Sample Count: 10794"
"Start Time: 2025-08-23 1:47:28.517 PM"
"Scan Rate: 1000"
"Sample","Date/Time","AI0 (V)"
"0","2025-08-23 1:47:28.517 PM","1.731"
"1","2025-08-23 1:47:28.518 PM","1.731"
"2","2025-08-23 1:47:28.519 PM","1.731"
"3","2025-08-23 1:47:28.520 PM","1.731"
"4","2025-08-23 1:47:28.521 PM","1.731"
"5","2025-08-23 1:47:28.522 PM","1.731"
"6","2025-08-23 1:47:28.523 PM","1.692"
"7","2025-08-23 1:47:28.524 PM","1.692"
"8","2025-08-23 1:47:28.525 PM","1.692"
"9","2025-08-23 1:47:28.526 PM","1.692"
"10","2025-08-23 1:47:28.527 PM","1.692"
"11","2025-08-23 1:47:28.528 PM","1.692"
"12","2025-08-23 1:47:28.529 PM","1.687"
"13","2025-08-23 1:47:28.530 PM","1.687"
"14","2025-08-23 1:47:28.531 PM","1.687"
"15","2025-08-23 1:47:28.532 PM","1.683"
"16","2025-08-23 1:47:28.533 PM","1.678"
"17","2025-08-23 1:47:28.534 PM","1.697"
"18","2025-08-23 1:47:28.535 PM","1.697"
"19","2025-08-23 1:47:28.536 PM","1.702"
"20","2025-08-23 1:47:28.537 PM","1.692"
"21","2025-08-23 1:47:28.538 PM","1.692"
"22","2025-08-23 1:47:28.539 PM","1.692"
"23","2025-08-23 1:47:28.540 PM","1.731"
"24","2025-08-23 1:47:28.541 PM","1.731"
"25","2025-08-23 1:47:28.542 PM","1.731"
"26","2025-08-23 1:47:28.543 PM","1.731"
"27","2025-08-23 1:47:28.544 PM","1.731"
"28","2025-08-23 1:47:28.545 PM","1.731"
"29","2025-08-23 1:47:28.546 PM","1.731"
"30","2025-08-23 1:47:28.547 PM","1.731"
"31","2025-08-23 1:47:28.548 PM","1.731"
"32","2025-08-23 1:47:28.549 PM","1.731"
"33","2025-08-23 1:47:28.550 PM","1.731"
"34","2025-08-23 1:47:28.551 PM","1.731"
"35","2025-08-23 1:47:28.552 PM","1.731"
"36","2025-08-23 1:47:28.553 PM","1.731"
"37","2025-08-23 1:47:28.554 PM","1.731"
"38","2025-08-23 1:47:28.555 PM","1.731"
"39","2025-08-23 1:47:28.556 PM","1.692"
"40","2025-08-23 1:47:28.557 PM","1.692"
"41","2025-08-23 1:47:28.558 PM","1.692"
"42","2025-08-23 1:47:28.559 PM","1.692"
"43","2025-08-23 1:47:28.560 PM","1.687"
"44","2025-08-23 1:47:28.561 PM","1.692"
"45","2025-08-23 1:47:28.562 PM","1.687"
"46","2025-08-23 1:47:28.563 PM","1.687"
"47","2025-08-23 1:47:28.564 PM","1.683"
"48","2025-08-23 1:47:28.565 PM","1.683"
"49","2025-08-23 1:47:28.566 PM","1.697"
"50","2025-08-23 1:47:28.567 PM","1.697"
"51","2025-08-23 1:47:28.568 PM","1.702"
"52","2025-08-23 1:47:28.569 PM","1.702"
"53","2025-08-23 1:47:28.570 PM","1.692"
"54","2025-08-23 1:47:28.571 PM","1.692"
"55","2025-08-23 1:47:28.572 PM","1.692"
"56","2025-08-23 1:47:28.573 PM","1.731"
"57","2025-08-23 1:47:28.574 PM","1.731"
"58","2025-08-23 1:47:28.575 PM","1.731"
"59","2025-08-23 1:47:28.576 PM","1.736"
"60","2025-08-23 1:47:28.577 PM","1.731"
"61","2025-08-23 1:47:28.578 PM","1.731"
"62","2025-08-23 1:47:28.579 PM","1.731"
"63","2025-08-23 1:47:28.580 PM","1.731"
"64","2025-08-23 1:47:28.581 PM","1.731"
"65","2025-08-23 1:47:28.582 PM","1.726"
"66","2025-08-23 1:47:28.583 PM","1.731"
"67","2025-08-23 1:47:28.584 PM","1.731"
"68","2025-08-23 1:47:28.585 PM","1.731"
"69","2025-08-23 1:47:28.586 PM","1.731"
"70","2025-08-23 1:47:28.587 PM","1.731"
"71","2025-08-23 1:47:28.588 PM","1.731"
"72","2025-08-23 1:47:28.589 PM","1.692"
"73","2025-08-23 1:47:28.590 PM","1.692"
"74","2025-08-23 1:47:28.591 PM","1.692"
"75","2025-08-23 1:47:28.592 PM","1.692"
"76","2025-08-23 1:47:28.593 PM","1.692"
"77","2025-08-23 1:47:28.594 PM","1.697"
"78","2025-08-23 1:47:28.595 PM","1.683"
"79","2025-08-23 1:47:28.596 PM","1.687"
"80","2025-08-23 1:47:28.597 PM","1.683"
"81","2025-08-23 1:47:28.598 PM","1.697"
"82","2025-08-23 1:47:28.599 PM","1.697"
"83","2025-08-23 1:47:28.600 PM","1.697"
"84","2025-08-23 1:47:28.601 PM","1.702"
"85","2025-08-23 1:47:28.602 PM","1.692"
"86","2025-08-23 1:47:28.603 PM","1.687"
"87","2025-08-23 1:47:28.604 PM","1.692"
"88","2025-08-23 1:47:28.605 PM","1.692"
"89","2025-08-23 1:47:28.606 PM","1.731"
"90","2025-08-23 1:47:28.607 PM","1.731"
"91","2025-08-23 1:47:28.608 PM","1.731"
"92","2025-08-23 1:47:28.609 PM","1.731"
"93","2025-08-23 1:47:28.610 PM","1.731"
"94","2025-08-23 1:47:28.611 PM","1.731"
"95","2025-08-23 1:47:28.612 PM","1.731"
"96","2025-08-23 1:47:28.613 PM","1.726"
"97","2025-08-23 1:47:28.614 PM","1.731"
"98","2025-08-23 1:47:28.615 PM","1.731"
"99","2025-08-23 1:47:28.616 PM","1.726"
"100","2025-08-23 1:47:28.617 PM","1.731"
"101","2025-08-23 1:47:28.618 PM","1.731"
"102","2025-08-23 1:47:28.619 PM","1.726"
"103","2025-08-23 1:47:28.620 PM","1.731"
"104","2025-08-23 1:47:28.621 PM","1.731"
"105","2025-08-23 1:47:28.622 PM","1.692"
"106","2025-08-23 1:47:28.623 PM","1.692"
"107","2025-08-23 1:47:28.624 PM","1.692"
"108","2025-08-23 1:47:28.625 PM","1.692"
"109","2025-08-23 1:47:28.626 PM","1.692"
"110","2025-08-23 1:47:28.627 PM","1.692"
"111","2025-08-23 1:47:28.628 PM","1.687"
"112","2025-08-23 1:47:28.629 PM","1.683"
"113","2025-08-23 1:47:28.630 PM","1.697"
"114","2025-08-23 1:47:28.631 PM","1.697"
"115","2025-08-23 1:47:28.632 PM","1.697"
"116","2025-08-23 1:47:28.633 PM","1.702"
"117","2025-08-23 1:47:28.634 PM","1.702"
"118","2025-08-23 1:47:28.635 PM","1.692"
"119","2025-08-23 1:47:28.636 PM","1.692"
"120","2025-08-23 1:47:28.637 PM","1.692"
"121","2025-08-23 1:47:28.638 PM","1.692"
"122","2025-08-23 1:47:28.639 PM","1.736"
"123","2025-08-23 1:47:28.640 PM","1.731"
"124","2025-08-23 1:47:28.641 PM","1.731"
"125","2025-08-23 1:47:28.642 PM","1.731"
"126","2025-08-23 1:47:28.643 PM","1.731"
"127","2025-08-23 1:47:28.644 PM","1.731"
"128","2025-08-23 1:47:28.645 PM","1.731"
"129","2025-08-23 1:47:28.646 PM","1.731"
"130","2025-08-23 1:47:28.647 PM","1.731"
"131","2025-08-23 1:47:28.648 PM","1.726"
"132","2025-08-23 1:47:28.649 PM","1.726"
"133","2025-08-23 1:47:28.650 PM","1.731"
"134","2025-08-23 1:47:28.651 PM","1.726"
"135","2025-08-23 1:47:28.652 PM","1.731"
"136","2025-08-23 1:47:28.653 PM","1.731"
"137","2025-08-23 1:47:28.654 PM","1.731"
"138","2025-08-23 1:47:28.655 PM","1.692"
"139","2025-08-23 1:47:28.656 PM","1.692"
"140","2025-08-23 1:47:28.657 PM","1.692"
"141","2025-08-23 1:47:28.658 PM","1.692"
"142","2025-08-23 1:47:28.659 PM","1.692"
"143","2025-08-23 1:47:28.660 PM","1.692"
"144","2025-08-23 1:47:28.661 PM","1.683"
"145","2025-08-23 1:47:28.662 PM","1.683"
"146","2025-08-23 1:47:28.663 PM","1.697"
"147","2025-08-23 1:47:28.664 PM","1.697"
"148","2025-08-23 1:47:28.665 PM","1.702"
"149","2025-08-23 1:47:28.666 PM","1.702"
"150","2025-08-23 1:47:28.667 PM","1.692"
"151","2025-08-23 1:47:28.668 PM","1.687"
"152","2025-08-23 1:47:28.669 PM","1.687"
"153","2025-08-23 1:47:28.670 PM","1.692"
"154","2025-08-23 1:47:28.671 PM","1.692"
"155","2025-08-23 1:47:28.672 PM","1.731"
"156","2025-08-23 1:47:28.673 PM","1.736"
"157","2025-08-23 1:47:28.674 PM","1.736"
"158","2025-08-23 1:47:28.675 PM","1.731"
"159","2025-08-23 1:47:28.676 PM","1.731"
"160","2025-08-23 1:47:28.677 PM","1.736"
"161","2025-08-23 1:47:28.678 PM","1.731"
"162","2025-08-23 1:47:28.679 PM","1.731"
"163","2025-08-23 1:47:28.680 PM","1.731"
"164","2025-08-23 1:47:28.681 PM","1.731"
"165","2025-08-23 1:47:28.682 PM","1.726"
"166","2025-08-23 1:47:28.683 PM","1.731"
"167","2025-08-23 1:47:28.684 PM","1.731"
"168","2025-08-23 1:47:28.685 PM","1.731"
"169","2025-08-23 1:47:28.686 PM","1.731"
"170","2025-08-23 1:47:28.687 PM","1.731"
"171","2025-08-23 1:47:28.688 PM","1.673"
"172","2025-08-23 1:47:28.689 PM","1.673"
"173","2025-08-23 1:47:28.690 PM","1.678"
"174","2025-08-23 1:47:28.691 PM","1.673"
"175","2025-08-23 1:47:28.692 PM","1.678"
"176","2025-08-23 1:47:28.693 PM","1.673"
"177","2025-08-23 1:47:28.694 PM","1.663"
"178","2025-08-23 1:47:28.695 PM","1.678"
"179","2025-08-23 1:47:28.696 PM","1.683"
"180","2025-08-23 1:47:28.697 PM","1.683"
"181","2025-08-23 1:47:28.698 PM","1.683"
"182","2025-08-23 1:47:28.699 PM","1.673"
"183","2025-08-23 1:47:28.700 PM","1.673"
"184","2025-08-23 1:47:28.701 PM","1.673"
"185","2025-08-23 1:47:28.702 PM","1.673"
"186","2025-08-23 1:47:28.703 PM","1.673"
"187","2025-08-23 1:47:28.704 PM","1.673"
"188","2025-08-23 1:47:28.705 PM","1.731"
"189","2025-08-23 1:47:28.706 PM","1.731"
"190","2025-08-23 1:47:28.707 PM","1.731"
"191","2025-08-23 1:47:28.708 PM","1.736"
"192","2025-08-23 1:47:28.709 PM","1.731"
"193","2025-08-23 1:47:28.710 PM","1.731"
"194","2025-08-23 1:47:28.711 PM","1.731"
"195","2025-08-23 1:47:28.712 PM","1.731"
"196","2025-08-23 1:47:28.713 PM","1.731"
"197","2025-08-23 1:47:28.714 PM","1.731"
"198","2025-08-23 1:47:28.715 PM","1.731"
"199","2025-08-23 1:47:28.716 PM","1.726"
"200","2025-08-23 1:47:28.717 PM","1.731"
"201","2025-08-23 1:47:28.718 PM","1.731"
"202","2025-08-23 1:47:28.719 PM","1.731"
"203","2025-08-23 1:47:28.720 PM","1.731"
"204","2025-08-23 1:47:28.721 PM","1.673"
"205","2025-08-23 1:47:28.722 PM","1.673"
"206","2025-08-23 1:47:28.723 PM","1.673"
"207","2025-08-23 1:47:28.724 PM","1.673"
"208","2025-08-23 1:47:28.725 PM","1.673"
"209","2025-08-23 1:47:28.726 PM","1.673"
"210","2025-08-23 1:47:28.727 PM","1.668"
"211","2025-08-23 1:47:28.728 PM","1.683"
"212","2025-08-23 1:47:28.729 PM","1.683"
"213","2025-08-23 1:47:28.730 PM","1.683"
"214","2025-08-23 1:47:28.731 PM","1.697"
"215","2025-08-23 1:47:28.732 PM","1.673"
"216","2025-08-23 1:47:28.733 PM","1.673"
"217","2025-08-23 1:47:28.734 PM","1.673"
"218","2025-08-23 1:47:28.735 PM","1.673"
"219","2025-08-23 1:47:28.736 PM","1.673"
"220","2025-08-23 1:47:28.737 PM","1.673"
"221","2025-08-23 1:47:28.738 PM","1.751"
"222","2025-08-23 1:47:28.739 PM","1.751"
"223","2025-08-23 1:47:28.740 PM","1.751"
"224","2025-08-23 1:47:28.741 PM","1.751"
"225","2025-08-23 1:47:28.742 PM","1.751"
"226","2025-08-23 1:47:28.743 PM","1.751"
"227","2025-08-23 1:47:28.744 PM","1.746"
"228","2025-08-23 1:47:28.745 PM","1.746"
"229","2025-08-23 1:47:28.746 PM","1.746"
"230","2025-08-23 1:47:28.747 PM","1.746"
"231","2025-08-23 1:47:28.748 PM","1.746"
"232","2025-08-23 1:47:28.749 PM","1.746"
"233","2025-08-23 1:47:28.750 PM","1.746"
"234","2025-08-23 1:47:28.751 PM","1.746"
"235","2025-08-23 1:47:28.752 PM","1.746"
"236","2025-08-23 1:47:28.753 PM","1.751"
"237","2025-08-23 1:47:28.754 PM","1.673"
"238","2025-08-23 1:47:28.755 PM","1.673"
"239","2025-08-23 1:47:28.756 PM","1.673"
"240","2025-08-23 1:47:28.757 PM","1.673"
"241","2025-08-23 1:47:28.758 PM","1.673"
"242","2025-08-23 1:47:28.759 PM","1.678"
"243","2025-08-23 1:47:28.760 PM","1.683"
"244","2025-08-23 1:47:28.761 PM","1.683"
"245","2025-08-23 1:47:28.762 PM","1.683"
"246","2025-08-23 1:47:28.763 PM","1.683"
"247","2025-08-23 1:47:28.764 PM","1.673"
"248","2025-08-23 1:47:28.765 PM","1.673"
"249","2025-08-23 1:47:28.766 PM","1.673"
"250","2025-08-23 1:47:28.767 PM","1.673"
"251","2025-08-23 1:47:28.768 PM","1.673"
"252","2025-08-23 1:47:28.769 PM","1.673"
"253","2025-08-23 1:47:28.770 PM","1.673"
"254","2025-08-23 1:47:28.771 PM","1.751"
"255","2025-08-23 1:47:28.772 PM","1.751"
"256","2025-08-23 1:47:28.773 PM","1.751"
"257","2025-08-23 1:47:28.774 PM","1.751"
"258","2025-08-23 1:47:28.775 PM","1.751"
"259","2025-08-23 1:47:28.776 PM","1.751"
"260","2025-08-23 1:47:28.777 PM","1.751"
"261","2025-08-23 1:47:28.778 PM","1.746"
"262","2025-08-23 1:47:28.779 PM","1.746"
"263","2025-08-23 1:47:28.780 PM","1.751"
"264","2025-08-23 1:47:28.781 PM","1.746"
"265","2025-08-23 1:47:28.782 PM","1.746"
"266","2025-08-23 1:47:28.783 PM","1.746"
"267","2025-08-23 1:47:28.784 PM","1.746"
"268","2025-08-23 1:47:28.785 PM","1.746"
"269","2025-08-23 1:47:28.786 PM","1.746"
"270","2025-08-23 1:47:28.787 PM","1.673"
"271","2025-08-23 1:47:28.788 PM","1.673"
"272","2025-08-23 1:47:28.789 PM","1.678"
"273","2025-08-23 1:47:28.790 PM","1.673"
"274","2025-08-23 1:47:28.791 PM","1.673"
"275","2025-08-23 1:47:28.792 PM","1.673"
"276","2025-08-23 1:47:28.793 PM","1.683"
"277","2025-08-23 1:47:28.794 PM","1.683"
"278","2025-08-23 1:47:28.795 PM","1.683"
"279","2025-08-23 1:47:28.796 PM","1.673"
"280","2025-08-23 1:47:28.797 PM","1.673"
"281","2025-08-23 1:47:28.798 PM","1.673"
"282","2025-08-23 1:47:28.799 PM","1.673"
"283","2025-08-23 1:47:28.800 PM","1.673"
"284","2025-08-23 1:47:28.801 PM","1.668"
"285","2025-08-23 1:47:28.802 PM","1.673"
"286","2025-08-23 1:47:28.803 PM","1.673"
"287","2025-08-23 1:47:28.804 PM","1.751"
"288","2025-08-23 1:47:28.805 PM","1.751"
"289","2025-08-23 1:47:28.806 PM","1.751"
"290","2025-08-23 1:47:28.807 PM","1.751"
"291","2025-08-23 1:47:28.808 PM","1.751"
"292","2025-08-23 1:47:28.809 PM","1.751"
"293","2025-08-23 1:47:28.810 PM","1.746"
"294","2025-08-23 1:47:28.811 PM","1.746"
"295","2025-08-23 1:47:28.812 PM","1.751"
"296","2025-08-23 1:47:28.813 PM","1.751"
"297","2025-08-23 1:47:28.814 PM","1.746"
"298","2025-08-23 1:47:28.815 PM","1.746"
"299","2025-08-23 1:47:28.816 PM","1.746"
"300","2025-08-23 1:47:28.817 PM","1.746"
"301","2025-08-23 1:47:28.818 PM","1.751"
"302","2025-08-23 1:47:28.819 PM","1.751"
"303","2025-08-23 1:47:28.820 PM","1.673"
"304","2025-08-23 1:47:28.821 PM","1.673"
"305","2025-08-23 1:47:28.822 PM","1.673"
"306","2025-08-23 1:47:28.823 PM","1.673"
"307","2025-08-23 1:47:28.824 PM","1.678"
"308","2025-08-23 1:47:28.825 PM","1.673"
"309","2025-08-23 1:47:28.826 PM","1.683"
"310","2025-08-23 1:47:28.827 PM","1.683"
"311","2025-08-23 1:47:28.828 PM","1.673"
"312","2025-08-23 1:47:28.829 PM","1.673"
"313","2025-08-23 1:47:28.830 PM","1.673"
"314","2025-08-23 1:47:28.831 PM","1.673"
"315","2025-08-23 1:47:28.832 PM","1.673"
"316","2025-08-23 1:47:28.833 PM","1.673"
"317","2025-08-23 1:47:28.834 PM","1.673"
"318","2025-08-23 1:47:28.835 PM","1.673"
"319","2025-08-23 1:47:28.836 PM","1.673"
"320","2025-08-23 1:47:28.837 PM","1.751"
"321","2025-08-23 1:47:28.838 PM","1.751"
"322","2025-08-23 1:47:28.839 PM","1.751"
"323","2025-08-23 1:47:28.840 PM","1.751"
"324","2025-08-23 1:47:28.841 PM","1.751"
"325","2025-08-23 1:47:28.842 PM","1.751"
"326","2025-08-23 1:47:28.843 PM","1.751"
"327","2025-08-23 1:47:28.844 PM","1.746"
"328","2025-08-23 1:47:28.845 PM","1.746"
"329","2025-08-23 1:47:28.846 PM","1.746"
"330","2025-08-23 1:47:28.847 PM","1.746"
"331","2025-08-23 1:47:28.848 PM","1.746"
"332","2025-08-23 1:47:28.849 PM","1.746"
"333","2025-08-23 1:47:28.850 PM","1.746"
"334","2025-08-23 1:47:28.851 PM","1.751"
"335","2025-08-23 1:47:28.852 PM","1.751"
"336","2025-08-23 1:47:28.853 PM","1.673"
"337","2025-08-23 1:47:28.854 PM","1.673"
"338","2025-08-23 1:47:28.855 PM","1.673"
"339","2025-08-23 1:47:28.856 PM","1.673"
"340","2025-08-23 1:47:28.857 PM","1.673"
"341","2025-08-23 1:47:28.858 PM","1.678"
"342","2025-08-23 1:47:28.859 PM","1.683"
"343","2025-08-23 1:47:28.860 PM","1.683"
"344","2025-08-23 1:47:28.861 PM","1.673"
"345","2025-08-23 1:47:28.862 PM","1.673"
"346","2025-08-23 1:47:28.863 PM","1.673"
"347","2025-08-23 1:47:28.864 PM","1.673"
"348","2025-08-23 1:47:28.865 PM","1.673"
"349","2025-08-23 1:47:28.866 PM","1.673"
"350","2025-08-23 1:47:28.867 PM","1.673"
"351","2025-08-23 1:47:28.868 PM","1.673"
"352","2025-08-23 1:47:28.869 PM","1.673"
"353","2025-08-23 1:47:28.870 PM","1.751"
"354","2025-08-23 1:47:28.871 PM","1.751"
"355","2025-08-23 1:47:28.872 PM","1.751"
"356","2025-08-23 1:47:28.873 PM","1.751"
"357","2025-08-23 1:47:28.874 PM","1.751"
"358","2025-08-23 1:47:28.875 PM","1.751"
"359","2025-08-23 1:47:28.876 PM","1.751"
"360","2025-08-23 1:47:28.877 PM","1.746"
"361","2025-08-23 1:47:28.878 PM","1.746"
"362","2025-08-23 1:47:28.879 PM","1.746"
"363","2025-08-23 1:47:28.880 PM","1.746"
"364","2025-08-23 1:47:28.881 PM","1.746"
"365","2025-08-23 1:47:28.882 PM","1.746"
"366","2025-08-23 1:47:28.883 PM","1.746"
"367","2025-08-23 1:47:28.884 PM","1.746"
"368","2025-08-23 1:47:28.885 PM","1.751"
"369","2025-08-23 1:47:28.886 PM","1.673"
"370","2025-08-23 1:47:28.887 PM","1.673"
"371","2025-08-23 1:47:28.888 PM","1.678"
"372","2025-08-23 1:47:28.889 PM","1.673"
"373","2025-08-23 1:47:28.890 PM","1.673"
"374","2025-08-23 1:47:28.891 PM","1.673"
"375","2025-08-23 1:47:28.892 PM","1.683"
"376","2025-08-23 1:47:28.893 PM","1.673"
"377","2025-08-23 1:47:28.894 PM","1.673"
"378","2025-08-23 1:47:28.895 PM","1.673"
"379","2025-08-23 1:47:28.896 PM","1.673"
"380","2025-08-23 1:47:28.897 PM","1.673"
"381","2025-08-23 1:47:28.898 PM","1.673"
"382","2025-08-23 1:47:28.899 PM","1.668"
"383","2025-08-23 1:47:28.900 PM","1.673"
"384","2025-08-23 1:47:28.901 PM","1.673"
"385","2025-08-23 1:47:28.902 PM","1.678"
"386","2025-08-23 1:47:28.903 PM","1.751"
"387","2025-08-23 1:47:28.904 PM","1.751"
"388","2025-08-23 1:47:28.905 PM","1.751"
"389","2025-08-23 1:47:28.906 PM","1.751"
"390","2025-08-23 1:47:28.907 PM","1.751"
"391","2025-08-23 1:47:28.908 PM","1.751"
"392","2025-08-23 1:47:28.909 PM","1.746"
"393","2025-08-23 1:47:28.910 PM","1.746"
"394","2025-08-23 1:47:28.911 PM","1.746"
"395","2025-08-23 1:47:28.912 PM","1.746"
"396","2025-08-23 1:47:28.913 PM","1.746"
"397","2025-08-23 1:47:28.914 PM","1.746"
"398","2025-08-23 1:47:28.915 PM","1.746"
"399","2025-08-23 1:47:28.916 PM","1.741"
"400","2025-08-23 1:47:28.917 PM","1.746"
"401","2025-08-23 1:47:28.918 PM","1.751"
"402","2025-08-23 1:47:28.919 PM","1.673"
"403","2025-08-23 1:47:28.920 PM","1.673"
"404","2025-08-23 1:47:28.921 PM","1.673"
"405","2025-08-23 1:47:28.922 PM","1.673"
"406","2025-08-23 1:47:28.923 PM","1.673"
"407","2025-08-23 1:47:28.924 PM","1.673"
"408","2025-08-23 1:47:28.925 PM","1.673"
"409","2025-08-23 1:47:28.926 PM","1.678"
"410","2025-08-23 1:47:28.927 PM","1.673"
"411","2025-08-23 1:47:28.928 PM","1.673"
"412","2025-08-23 1:47:28.929 PM","1.673"
"413","2025-08-23 1:47:28.930 PM","1.673"
"414","2025-08-23 1:47:28.931 PM","1.668"
"415","2025-08-23 1:47:28.932 PM","1.673"
"416","2025-08-23 1:47:28.933 PM","1.673"
"417","2025-08-23 1:47:28.934 PM","1.673"
"418","2025-08-23 1:47:28.935 PM","1.673"
"419","2025-08-23 1:47:28.936 PM","1.746"
"420","2025-08-23 1:47:28.937 PM","1.746"
"421","2025-08-23 1:47:28.938 PM","1.751"
"422","2025-08-23 1:47:28.939 PM","1.751"
"423","2025-08-23 1:47:28.940 PM","1.751"
"424","2025-08-23 1:47:28.941 PM","1.751"
"425","2025-08-23 1:47:28.942 PM","1.746"
"426","2025-08-23 1:47:28.943 PM","1.746"
"427","2025-08-23 1:47:28.944 PM","1.746"
"428","2025-08-23 1:47:28.945 PM","1.746"
"429","2025-08-23 1:47:28.946 PM","1.746"
"430","2025-08-23 1:47:28.947 PM","1.746"
"431","2025-08-23 1:47:28.948 PM","1.746"
"432","2025-08-23 1:47:28.949 PM","1.741"
"433","2025-08-23 1:47:28.950 PM","1.746"
"434","2025-08-23 1:47:28.951 PM","1.751"
"435","2025-08-23 1:47:28.952 PM","1.673"
"436","2025-08-23 1:47:28.953 PM","1.673"
"437","2025-08-23 1:47:28.954 PM","1.673"
"438","2025-08-23 1:47:28.955 PM","1.673"
"439","2025-08-23 1:47:28.956 PM","1.673"
"440","2025-08-23 1:47:28.957 PM","1.673"
"441","2025-08-23 1:47:28.958 PM","1.673"
"442","2025-08-23 1:47:28.959 PM","1.673"
"443","2025-08-23 1:47:28.960 PM","1.673"
"444","2025-08-23 1:47:28.961 PM","1.673"
"445","2025-08-23 1:47:28.962 PM","1.673"
"446","2025-08-23 1:47:28.963 PM","1.673"
"447","2025-08-23 1:47:28.964 PM","1.673"
"448","2025-08-23 1:47:28.965 PM","1.673"
"449","2025-08-23 1:47:28.966 PM","1.673"
"450","2025-08-23 1:47:28.967 PM","1.673"
"451","2025-08-23 1:47:28.968 PM","1.673"
"452","2025-08-23 1:47:28.969 PM","1.751"
"453","2025-08-23 1:47:28.970 PM","1.751"
"454","2025-08-23 1:47:28.971 PM","1.751"
"455","2025-08-23 1:47:28.972 PM","1.751"
"456","2025-08-23 1:47:28.973 PM","1.751"
"457","2025-08-23 1:47:28.974 PM","1.751"
"458","2025-08-23 1:47:28.975 PM","1.746"
"459","2025-08-23 1:47:28.976 PM","1.746"
"460","2025-08-23 1:47:28.977 PM","1.746"
"461","2025-08-23 1:47:28.978 PM","1.746"
"462","2025-08-23 1:47:28.979 PM","1.746"
"463","2025-08-23 1:47:28.980 PM","1.746"
"464","2025-08-23 1:47:28.981 PM","1.741"
"465","2025-08-23 1:47:28.982 PM","1.741"
"466","2025-08-23 1:47:28.983 PM","1.746"
"467","2025-08-23 1:47:28.984 PM","1.751"
"468","2025-08-23 1:47:28.985 PM","1.673"
"469","2025-08-23 1:47:28.986 PM","1.673"
"470","2025-08-23 1:47:28.987 PM","1.673"
"471","2025-08-23 1:47:28.988 PM","1.678"
"472","2025-08-23 1:47:28.989 PM","1.673"
"473","2025-08-23 1:47:28.990 PM","1.673"
"474","2025-08-23 1:47:28.991 PM","1.678"
"475","2025-08-23 1:47:28.992 PM","1.673"
"476","2025-08-23 1:47:28.993 PM","1.673"
"477","2025-08-23 1:47:28.994 PM","1.673"
"478","2025-08-23 1:47:28.995 PM","1.673"
"479","2025-08-23 1:47:28.996 PM","1.673"
"480","2025-08-23 1:47:28.997 PM","1.673"
"481","2025-08-23 1:47:28.998 PM","1.668"
"482","2025-08-23 1:47:28.999 PM","1.673"
"483","2025-08-23 1:47:29.000 PM","1.673"
"484","2025-08-23 1:47:29.001 PM","1.673"
"485","2025-08-23 1:47:29.002 PM","1.751"
"486","2025-08-23 1:47:29.003 PM","1.751"
"487","2025-08-23 1:47:29.004 PM","1.751"
"488","2025-08-23 1:47:29.005 PM","1.751"
"489","2025-08-23 1:47:29.006 PM","1.751"
"490","2025-08-23 1:47:29.007 PM","1.746"
"491","2025-08-23 1:47:29.008 PM","1.746"
"492","2025-08-23 1:47:29.009 PM","1.746"
"493","2025-08-23 1:47:29.010 PM","1.746"
"494","2025-08-23 1:47:29.011 PM","1.746"
"495","2025-08-23 1:47:29.012 PM","1.741"
"496","2025-08-23 1:47:29.013 PM","1.746"
"497","2025-08-23 1:47:29.014 PM","1.746"
"498","2025-08-23 1:47:29.015 PM","1.746"
"499","2025-08-23 1:47:29.016 PM","1.751"
"500","2025-08-23 1:47:29.017 PM","1.751"
"501","2025-08-23 1:47:29.018 PM","1.751"
"502","2025-08-23 1:47:29.019 PM","1.673"
"503","2025-08-23 1:47:29.020 PM","1.673"
"504","2025-08-23 1:47:29.021 PM","1.673"
"505","2025-08-23 1:47:29.022 PM","1.673"
"506","2025-08-23 1:47:29.023 PM","1.678"
"507","2025-08-23 1:47:29.024 PM","1.673"
"508","2025-08-23 1:47:29.025 PM","1.673"
"509","2025-08-23 1:47:29.026 PM","1.673"
"510","2025-08-23 1:47:29.027 PM","1.673"
"511","2025-08-23 1:47:29.028 PM","1.673"
"512","2025-08-23 1:47:29.029 PM","1.673"
"513","2025-08-23 1:47:29.030 PM","1.673"
"514","2025-08-23 1:47:29.031 PM","1.673"
"515","2025-08-23 1:47:29.032 PM","1.673"
"516","2025-08-23 1:47:29.033 PM","1.673"
"517","2025-08-23 1:47:29.034 PM","1.673"
"518","2025-08-23 1:47:29.035 PM","1.751"
"519","2025-08-23 1:47:29.036 PM","1.751"
"520","2025-08-23 1:47:29.037 PM","1.751"
"521","2025-08-23 1:47:29.038 PM","1.751"
"522","2025-08-23 1:47:29.039 PM","1.751"
"523","2025-08-23 1:47:29.040 PM","1.751"
"524","2025-08-23 1:47:29.041 PM","1.751"
"525","2025-08-23 1:47:29.042 PM","1.751"
"526","2025-08-23 1:47:29.043 PM","1.746"
"527","2025-08-23 1:47:29.044 PM","1.746"
"528","2025-08-23 1:47:29.045 PM","1.746"
"529","2025-08-23 1:47:29.046 PM","1.741"
"530","2025-08-23 1:47:29.047 PM","1.746"
"531","2025-08-23 1:47:29.048 PM","1.746"
"532","2025-08-23 1:47:29.049 PM","1.751"
"533","2025-08-23 1:47:29.050 PM","1.751"
"534","2025-08-23 1:47:29.051 PM","1.751"
"535","2025-08-23 1:47:29.052 PM","1.673"
"536","2025-08-23 1:47:29.053 PM","1.673"
"537","2025-08-23 1:47:29.054 PM","1.678"
"538","2025-08-23 1:47:29.055 PM","1.673"
"539","2025-08-23 1:47:29.056 PM","1.673"
"540","2025-08-23 1:47:29.057 PM","1.673"
"541","2025-08-23 1:47:29.058 PM","1.673"
"542","2025-08-23 1:47:29.059 PM","1.673"
"543","2025-08-23 1:47:29.060 PM","1.673"
"544","2025-08-23 1:47:29.061 PM","1.673"
"545","2025-08-23 1:47:29.062 PM","1.673"
"546","2025-08-23 1:47:29.063 PM","1.673"
"547","2025-08-23 1:47:29.064 PM","1.673"
"548","2025-08-23 1:47:29.065 PM","1.668"
"549","2025-08-23 1:47:29.066 PM","1.673"
"550","2025-08-23 1:47:29.067 PM","1.673"
"551","2025-08-23 1:47:29.068 PM","1.751"
"552","2025-08-23 1:47:29.069 PM","1.751"
"553","2025-08-23 1:47:29.070 PM","1.751"
"554","2025-08-23 1:47:29.071 PM","1.751"
"555","2025-08-23 1:47:29.072 PM","1.751"
"556","2025-08-23 1:47:29.073 PM","1.751"
"557","2025-08-23 1:47:29.074 PM","1.746"
"558","2025-08-23 1:47:29.075 PM","1.746"
"559","2025-08-23 1:47:29.076 PM","1.746"
"560","2025-08-23 1:47:29.077 PM","1.741"
"561","2025-08-23 1:47:29.078 PM","1.741"
"562","2025-08-23 1:47:29.079 PM","1.746"
"563","2025-08-23 1:47:29.080 PM","1.741"
"564","2025-08-23 1:47:29.081 PM","1.741"
"565","2025-08-23 1:47:29.082 PM","1.751"
"566","2025-08-23 1:47:29.083 PM","1.746"
"567","2025-08-23 1:47:29.084 PM","1.751"
"568","2025-08-23 1:47:29.085 PM","1.673"
"569","2025-08-23 1:47:29.086 PM","1.673"
"570","2025-08-23 1:47:29.087 PM","1.673"
"571","2025-08-23 1:47:29.088 PM","1.673"
"572","2025-08-23 1:47:29.089 PM","1.673"
"573","2025-08-23 1:47:29.090 PM","1.673"
"574","2025-08-23 1:47:29.091 PM","1.673"
"575","2025-08-23 1:47:29.092 PM","1.673"
"576","2025-08-23 1:47:29.093 PM","1.673"
"577","2025-08-23 1:47:29.094 PM","1.673"
"578","2025-08-23 1:47:29.095 PM","1.673"
"579","2025-08-23 1:47:29.096 PM","1.673"
"580","2025-08-23 1:47:29.097 PM","1.673"
"581","2025-08-23 1:47:29.098 PM","1.673"
"582","2025-08-23 1:47:29.099 PM","1.673"
"583","2025-08-23 1:47:29.100 PM","1.673"
"584","2025-08-23 1:47:29.101 PM","1.751"
"585","2025-08-23 1:47:29.102 PM","1.751"
"586","2025-08-23 1:47:29.103 PM","1.751"
"587","2025-08-23 1:47:29.104 PM","1.751"
"588","2025-08-23 1:47:29.105 PM","1.751"
"589","2025-08-23 1:47:29.106 PM","1.751"
"590","2025-08-23 1:47:29.107 PM","1.746"
"591","2025-08-23 1:47:29.108 PM","1.746"
"592","2025-08-23 1:47:29.109 PM","1.746"
"593","2025-08-23 1:47:29.110 PM","1.746"
"594","2025-08-23 1:47:29.111 PM","1.746"
"595","2025-08-23 1:47:29.112 PM","1.741"
"596","2025-08-23 1:47:29.113 PM","1.746"
"597","2025-08-23 1:47:29.114 PM","1.741"
"598","2025-08-23 1:47:29.115 PM","1.746"
"599","2025-08-23 1:47:29.116 PM","1.751"
"600","2025-08-23 1:47:29.117 PM","1.751"
"601","2025-08-23 1:47:29.118 PM","1.673"
"602","2025-08-23 1:47:29.119 PM","1.673"
"603","2025-08-23 1:47:29.120 PM","1.678"
"604","2025-08-23 1:47:29.121 PM","1.673"
"605","2025-08-23 1:47:29.122 PM","1.678"
"606","2025-08-23 1:47:29.123 PM","1.678"
"607","2025-08-23 1:47:29.124 PM","1.678"
"608","2025-08-23 1:47:29.125 PM","1.673"
"609","2025-08-23 1:47:29.126 PM","1.673"
"610","2025-08-23 1:47:29.127 PM","1.673"
"611","2025-08-23 1:47:29.128 PM","1.668"
"612","2025-08-23 1:47:29.129 PM","1.673"
"613","2025-08-23 1:47:29.130 PM","1.673"
"614","2025-08-23 1:47:29.131 PM","1.673"
"615","2025-08-23 1:47:29.132 PM","1.668"
"616","2025-08-23 1:47:29.133 PM","1.673"
"617","2025-08-23 1:47:29.134 PM","1.751"
"618","2025-08-23 1:47:29.135 PM","1.751"
"619","2025-08-23 1:47:29.136 PM","1.751"
"620","2025-08-23 1:47:29.137 PM","1.751"
"621","2025-08-23 1:47:29.138 PM","1.751"
"622","2025-08-23 1:47:29.139 PM","1.751"
"623","2025-08-23 1:47:29.140 PM","1.746"
"624","2025-08-23 1:47:29.141 PM","1.746"
"625","2025-08-23 1:47:29.142 PM","1.741"
"626","2025-08-23 1:47:29.143 PM","1.746"
"627","2025-08-23 1:47:29.144 PM","1.746"
"628","2025-08-23 1:47:29.145 PM","1.741"
"629","2025-08-23 1:47:29.146 PM","1.741"
"630","2025-08-23 1:47:29.147 PM","1.736"
"631","2025-08-23 1:47:29.148 PM","1.751"
"632","2025-08-23 1:47:29.149 PM","1.751"
"633","2025-08-23 1:47:29.150 PM","1.751"
"634","2025-08-23 1:47:29.151 PM","1.673"
"635","2025-08-23 1:47:29.152 PM","1.673"
"636","2025-08-23 1:47:29.153 PM","1.678"
"637","2025-08-23 1:47:29.154 PM","1.678"
"638","2025-08-23 1:47:29.155 PM","1.673"
"639","2025-08-23 1:47:29.156 PM","1.673"
"640","2025-08-23 1:47:29.157 PM","1.673"
"641","2025-08-23 1:47:29.158 PM","1.673"
"642","2025-08-23 1:47:29.159 PM","1.673"
"643","2025-08-23 1:47:29.160 PM","1.673"
"644","2025-08-23 1:47:29.161 PM","1.673"
"645","2025-08-23 1:47:29.162 PM","1.673"
"646","2025-08-23 1:47:29.163 PM","1.668"
"647","2025-08-23 1:47:29.164 PM","1.673"
"648","2025-08-23 1:47:29.165 PM","1.673"
"649","2025-08-23 1:47:29.166 PM","1.673"
"650","2025-08-23 1:47:29.167 PM","1.751"
"651","2025-08-23 1:47:29.168 PM","1.746"
"652","2025-08-23 1:47:29.169 PM","1.751"
"653","2025-08-23 1:47:29.170 PM","1.751"
"654","2025-08-23 1:47:29.171 PM","1.751"
"655","2025-08-23 1:47:29.172 PM","1.751"
"656","2025-08-23 1:47:29.173 PM","1.746"
"657","2025-08-23 1:47:29.174 PM","1.746"
"658","2025-08-23 1:47:29.175 PM","1.746"
"659","2025-08-23 1:47:29.176 PM","1.746"
"660","2025-08-23 1:47:29.177 PM","1.741"
"661","2025-08-23 1:47:29.178 PM","1.741"
"662","2025-08-23 1:47:29.179 PM","1.736"
"663","2025-08-23 1:47:29.180 PM","1.751"
"664","2025-08-23 1:47:29.181 PM","1.746"
"665","2025-08-23 1:47:29.182 PM","1.751"
"666","2025-08-23 1:47:29.183 PM","1.751"
"667","2025-08-23 1:47:29.184 PM","1.673"
"668","2025-08-23 1:47:29.185 PM","1.673"
"669","2025-08-23 1:47:29.186 PM","1.673"
"670","2025-08-23 1:47:29.187 PM","1.673"
"671","2025-08-23 1:47:29.188 PM","1.673"
"672","2025-08-23 1:47:29.189 PM","1.673"
"673","2025-08-23 1:47:29.190 PM","1.673"
"674","2025-08-23 1:47:29.191 PM","1.673"
"675","2025-08-23 1:47:29.192 PM","1.673"
"676","2025-08-23 1:47:29.193 PM","1.673"
"677","2025-08-23 1:47:29.194 PM","1.673"
"678","2025-08-23 1:47:29.195 PM","1.673"
"679","2025-08-23 1:47:29.196 PM","1.668"
"680","2025-08-23 1:47:29.197 PM","1.668"
"681","2025-08-23 1:47:29.198 PM","1.673"
"682","2025-08-23 1:47:29.199 PM","1.673"
"683","2025-08-23 1:47:29.200 PM","1.751"
"684","2025-08-23 1:47:29.201 PM","1.751"
"685","2025-08-23 1:47:29.202 PM","1.751"
"686","2025-08-23 1:47:29.203 PM","1.751"
"687","2025-08-23 1:47:29.204 PM","1.751"
"688","2025-08-23 1:47:29.205 PM","1.751"
"689","2025-08-23 1:47:29.206 PM","1.746"
"690","2025-08-23 1:47:29.207 PM","1.746"
"691","2025-08-23 1:47:29.208 PM","1.746"
"692","2025-08-23 1:47:29.209 PM","1.741"
"693","2025-08-23 1:47:29.210 PM","1.741"
"694","2025-08-23 1:47:29.211 PM","1.741"
"695","2025-08-23 1:47:29.212 PM","1.741"
"696","2025-08-23 1:47:29.213 PM","1.756"
"697","2025-08-23 1:47:29.214 PM","1.746"
"698","2025-08-23 1:47:29.215 PM","1.746"
"699","2025-08-23 1:47:29.216 PM","1.751"
"700","2025-08-23 1:47:29.217 PM","1.673"
"701","2025-08-23 1:47:29.218 PM","1.678"
"702","2025-08-23 1:47:29.219 PM","1.673"
"703","2025-08-23 1:47:29.220 PM","1.673"
"704","2025-08-23 1:47:29.221 PM","1.673"
"705","2025-08-23 1:47:29.222 PM","1.673"
"706","2025-08-23 1:47:29.223 PM","1.673"
"707","2025-08-23 1:47:29.224 PM","1.673"
"708","2025-08-23 1:47:29.225 PM","1.673"
"709","2025-08-23 1:47:29.226 PM","1.673"
"710","2025-08-23 1:47:29.227 PM","1.673"
"711","2025-08-23 1:47:29.228 PM","1.668"
"712","2025-08-23 1:47:29.229 PM","1.668"
"713","2025-08-23 1:47:29.230 PM","1.668"
"714","2025-08-23 1:47:29.231 PM","1.673"
"715","2025-08-23 1:47:29.232 PM","1.673"
"716","2025-08-23 1:47:29.233 PM","1.751"
"717","2025-08-23 1:47:29.234 PM","1.751"
"718","2025-08-23 1:47:29.235 PM","1.751"
"719","2025-08-23 1:47:29.236 PM","1.751"
"720","2025-08-23 1:47:29.237 PM","1.751"
"721","2025-08-23 1:47:29.238 PM","1.751"
"722","2025-08-23 1:47:29.239 PM","1.746"
"723","2025-08-23 1:47:29.240 PM","1.746"
"724","2025-08-23 1:47:29.241 PM","1.741"
"725","2025-08-23 1:47:29.242 PM","1.741"
"726","2025-08-23 1:47:29.243 PM","1.741"
"727","2025-08-23 1:47:29.244 PM","1.741"
"728","2025-08-23 1:47:29.245 PM","1.756"
"729","2025-08-23 1:47:29.246 PM","1.756"
"730","2025-08-23 1:47:29.247 PM","1.751"
"731","2025-08-23 1:47:29.248 PM","1.746"
"732","2025-08-23 1:47:29.249 PM","1.751"
"733","2025-08-23 1:47:29.250 PM","1.678"
"734","2025-08-23 1:47:29.251 PM","1.673"
"735","2025-08-23 1:47:29.252 PM","1.673"
"736","2025-08-23 1:47:29.253 PM","1.673"
"737","2025-08-23 1:47:29.254 PM","1.673"
"738","2025-08-23 1:47:29.255 PM","1.673"
"739","2025-08-23 1:47:29.256 PM","1.673"
"740","2025-08-23 1:47:29.257 PM","1.673"
"741","2025-08-23 1:47:29.258 PM","1.673"
"742","2025-08-23 1:47:29.259 PM","1.673"
"743","2025-08-23 1:47:29.260 PM","1.673"
"744","2025-08-23 1:47:29.261 PM","1.673"
"745","2025-08-23 1:47:29.262 PM","1.673"
"746","2025-08-23 1:47:29.263 PM","1.673"
"747","2025-08-23 1:47:29.264 PM","1.673"
"748","2025-08-23 1:47:29.265 PM","1.673"
"749","2025-08-23 1:47:29.266 PM","1.751"
"750","2025-08-23 1:47:29.267 PM","1.751"
"751","2025-08-23 1:47:29.268 PM","1.751"
"752","2025-08-23 1:47:29.269 PM","1.751"
"753","2025-08-23 1:47:29.270 PM","1.751"
"754","2025-08-23 1:47:29.271 PM","1.751"
"755","2025-08-23 1:47:29.272 PM","1.746"
"756","2025-08-23 1:47:29.273 PM","1.746"
"757","2025-08-23 1:47:29.274 PM","1.741"
"758","2025-08-23 1:47:29.275 PM","1.746"
"759","2025-08-23 1:47:29.276 PM","1.741"
"760","2025-08-23 1:47:29.277 PM","1.751"
"761","2025-08-23 1:47:29.278 PM","1.756"
"762","2025-08-23 1:47:29.279 PM","1.756"
"763","2025-08-23 1:47:29.280 PM","1.746"
"764","2025-08-23 1:47:29.281 PM","1.751"
"765","2025-08-23 1:47:29.282 PM","1.751"
"766","2025-08-23 1:47:29.283 PM","1.673"
"767","2025-08-23 1:47:29.284 PM","1.673"
"768","2025-08-23 1:47:29.285 PM","1.678"
"769","2025-08-23 1:47:29.286 PM","1.673"
"770","2025-08-23 1:47:29.287 PM","1.673"
"771","2025-08-23 1:47:29.288 PM","1.673"
"772","2025-08-23 1:47:29.289 PM","1.673"
"773","2025-08-23 1:47:29.290 PM","1.673"
"774","2025-08-23 1:47:29.291 PM","1.673"
"775","2025-08-23 1:47:29.292 PM","1.673"
"776","2025-08-23 1:47:29.293 PM","1.673"
"777","2025-08-23 1:47:29.294 PM","1.668"
"778","2025-08-23 1:47:29.295 PM","1.673"
"779","2025-08-23 1:47:29.296 PM","1.673"
"780","2025-08-23 1:47:29.297 PM","1.673"
"781","2025-08-23 1:47:29.298 PM","1.673"
"782","2025-08-23 1:47:29.299 PM","1.751"
"783","2025-08-23 1:47:29.300 PM","1.751"
"784","2025-08-23 1:47:29.301 PM","1.751"
"785","2025-08-23 1:47:29.302 PM","1.751"
"786","2025-08-23 1:47:29.303 PM","1.751"
"787","2025-08-23 1:47:29.304 PM","1.751"
"788","2025-08-23 1:47:29.305 PM","1.746"
"789","2025-08-23 1:47:29.306 PM","1.741"
"790","2025-08-23 1:47:29.307 PM","1.746"
"791","2025-08-23 1:47:29.308 PM","1.741"
"792","2025-08-23 1:47:29.309 PM","1.746"
"793","2025-08-23 1:47:29.310 PM","1.756"
"794","2025-08-23 1:47:29.311 PM","1.756"
"795","2025-08-23 1:47:29.312 PM","1.756"
"796","2025-08-23 1:47:29.313 PM","1.751"
"797","2025-08-23 1:47:29.314 PM","1.751"
"798","2025-08-23 1:47:29.315 PM","1.751"
"799","2025-08-23 1:47:29.316 PM","1.673"
"800","2025-08-23 1:47:29.317 PM","1.673"
"801","2025-08-23 1:47:29.318 PM","1.673"
"802","2025-08-23 1:47:29.319 PM","1.673"
"803","2025-08-23 1:47:29.320 PM","1.678"
"804","2025-08-23 1:47:29.321 PM","1.673"
"805","2025-08-23 1:47:29.322 PM","1.673"
"806","2025-08-23 1:47:29.323 PM","1.673"
"807","2025-08-23 1:47:29.324 PM","1.673"
"808","2025-08-23 1:47:29.325 PM","1.673"
"809","2025-08-23 1:47:29.326 PM","1.673"
"810","2025-08-23 1:47:29.327 PM","1.668"
"811","2025-08-23 1:47:29.328 PM","1.668"
"812","2025-08-23 1:47:29.329 PM","1.668"
"813","2025-08-23 1:47:29.330 PM","1.673"
"814","2025-08-23 1:47:29.331 PM","1.673"
"815","2025-08-23 1:47:29.332 PM","1.751"
"816","2025-08-23 1:47:29.333 PM","1.746"
"817","2025-08-23 1:47:29.334 PM","1.751"
"818","2025-08-23 1:47:29.335 PM","1.751"
"819","2025-08-23 1:47:29.336 PM","1.751"
"820","2025-08-23 1:47:29.337 PM","1.751"
"821","2025-08-23 1:47:29.338 PM","1.746"
"822","2025-08-23 1:47:29.339 PM","1.741"
"823","2025-08-23 1:47:29.340 PM","1.746"
"824","2025-08-23 1:47:29.341 PM","1.741"
"825","2025-08-23 1:47:29.342 PM","1.756"
"826","2025-08-23 1:47:29.343 PM","1.756"
"827","2025-08-23 1:47:29.344 PM","1.756"
"828","2025-08-23 1:47:29.345 PM","1.761"
"829","2025-08-23 1:47:29.346 PM","1.751"
"830","2025-08-23 1:47:29.347 PM","1.746"
"831","2025-08-23 1:47:29.348 PM","1.746"
"832","2025-08-23 1:47:29.349 PM","1.673"
"833","2025-08-23 1:47:29.350 PM","1.673"
"834","2025-08-23 1:47:29.351 PM","1.673"
"835","2025-08-23 1:47:29.352 PM","1.673"
"836","2025-08-23 1:47:29.353 PM","1.673"
"837","2025-08-23 1:47:29.354 PM","1.678"
"838","2025-08-23 1:47:29.355 PM","1.673"
"839","2025-08-23 1:47:29.356 PM","1.673"
"840","2025-08-23 1:47:29.357 PM","1.673"
"841","2025-08-23 1:47:29.358 PM","1.673"
"842","2025-08-23 1:47:29.359 PM","1.668"
"843","2025-08-23 1:47:29.360 PM","1.668"
"844","2025-08-23 1:47:29.361 PM","1.673"
"845","2025-08-23 1:47:29.362 PM","1.668"
"846","2025-08-23 1:47:29.363 PM","1.673"
"847","2025-08-23 1:47:29.364 PM","1.673"
"848","2025-08-23 1:47:29.365 PM","1.751"
"849","2025-08-23 1:47:29.366 PM","1.751"
"850","2025-08-23 1:47:29.367 PM","1.751"
"851","2025-08-23 1:47:29.368 PM","1.751"
"852","2025-08-23 1:47:29.369 PM","1.751"
"853","2025-08-23 1:47:29.370 PM","1.751"
"854","2025-08-23 1:47:29.371 PM","1.741"
"855","2025-08-23 1:47:29.372 PM","1.746"
"856","2025-08-23 1:47:29.373 PM","1.741"
"857","2025-08-23 1:47:29.374 PM","1.756"
"858","2025-08-23 1:47:29.375 PM","1.756"
"859","2025-08-23 1:47:29.376 PM","1.756"
"860","2025-08-23 1:47:29.377 PM","1.756"
"861","2025-08-23 1:47:29.378 PM","1.746"
"862","2025-08-23 1:47:29.379 PM","1.751"
"863","2025-08-23 1:47:29.380 PM","1.751"
"864","2025-08-23 1:47:29.381 PM","1.751"
"865","2025-08-23 1:47:29.382 PM","1.673"
"866","2025-08-23 1:47:29.383 PM","1.673"
"867","2025-08-23 1:47:29.384 PM","1.673"
"868","2025-08-23 1:47:29.385 PM","1.673"
"869","2025-08-23 1:47:29.386 PM","1.673"
"870","2025-08-23 1:47:29.387 PM","1.673"
"871","2025-08-23 1:47:29.388 PM","1.673"
"872","2025-08-23 1:47:29.389 PM","1.673"
"873","2025-08-23 1:47:29.390 PM","1.668"
"874","2025-08-23 1:47:29.391 PM","1.668"
"875","2025-08-23 1:47:29.392 PM","1.673"
"876","2025-08-23 1:47:29.393 PM","1.673"
"877","2025-08-23 1:47:29.394 PM","1.668"
"878","2025-08-23 1:47:29.395 PM","1.668"
"879","2025-08-23 1:47:29.396 PM","1.673"
"880","2025-08-23 1:47:29.397 PM","1.673"
"881","2025-08-23 1:47:29.398 PM","1.751"
"882","2025-08-23 1:47:29.399 PM","1.751"
"883","2025-08-23 1:47:29.400 PM","1.751"
"884","2025-08-23 1:47:29.401 PM","1.751"
"885","2025-08-23 1:47:29.402 PM","1.751"
"886","2025-08-23 1:47:29.403 PM","1.751"
"887","2025-08-23 1:47:29.404 PM","1.741"
"888","2025-08-23 1:47:29.405 PM","1.741"
"889","2025-08-23 1:47:29.406 PM","1.736"
"890","2025-08-23 1:47:29.407 PM","1.756"
"891","2025-08-23 1:47:29.408 PM","1.756"
"892","2025-08-23 1:47:29.409 PM","1.761"
"893","2025-08-23 1:47:29.410 PM","1.761"
"894","2025-08-23 1:47:29.411 PM","1.746"
"895","2025-08-23 1:47:29.412 PM","1.746"
"896","2025-08-23 1:47:29.413 PM","1.751"
"897","2025-08-23 1:47:29.414 PM","1.751"
"898","2025-08-23 1:47:29.415 PM","1.673"
"899","2025-08-23 1:47:29.416 PM","1.673"
"900","2025-08-23 1:47:29.417 PM","1.673"
"901","2025-08-23 1:47:29.418 PM","1.673"
"902","2025-08-23 1:47:29.419 PM","1.673"
"903","2025-08-23 1:47:29.420 PM","1.673"
"904","2025-08-23 1:47:29.421 PM","1.673"
"905","2025-08-23 1:47:29.422 PM","1.668"
"906","2025-08-23 1:47:29.423 PM","1.673"
"907","2025-08-23 1:47:29.424 PM","1.673"
"908","2025-08-23 1:47:29.425 PM","1.673"
"909","2025-08-23 1:47:29.426 PM","1.673"
"910","2025-08-23 1:47:29.427 PM","1.673"
"911","2025-08-23 1:47:29.428 PM","1.673"
"912","2025-08-23 1:47:29.429 PM","1.673"
"913","2025-08-23 1:47:29.430 PM","1.673"
"914","2025-08-23 1:47:29.431 PM","1.751"
"915","2025-08-23 1:47:29.432 PM","1.751"
"916","2025-08-23 1:47:29.433 PM","1.751"
"917","2025-08-23 1:47:29.434 PM","1.751"
"918","2025-08-23 1:47:29.435 PM","1.751"
"919","2025-08-23 1:47:29.436 PM","1.751"
"920","2025-08-23 1:47:29.437 PM","1.746"
"921","2025-08-23 1:47:29.438 PM","1.741"
"922","2025-08-23 1:47:29.439 PM","1.756"
"923","2025-08-23 1:47:29.440 PM","1.756"
"924","2025-08-23 1:47:29.441 PM","1.761"
"925","2025-08-23 1:47:29.442 PM","1.761"
"926","2025-08-23 1:47:29.443 PM","1.746"
"927","2025-08-23 1:47:29.444 PM","1.751"
