"Device: USB-205"
"Serial Number: 22B4008"
"Channel Count: 1"
"Sample Count: 10584"
"Start Time: 2025-08-23 3:35:31.356 PM"
"Scan Rate: 1000"
"Sample","Date/Time","AI0 (V)"
"0","2025-08-23 3:35:31.356 PM","1.746"
"1","2025-08-23 3:35:31.357 PM","1.751"
"2","2025-08-23 3:35:31.358 PM","1.751"
"3","2025-08-23 3:35:31.359 PM","1.751"
"4","2025-08-23 3:35:31.360 PM","1.751"
"5","2025-08-23 3:35:31.361 PM","1.751"
"6","2025-08-23 3:35:31.362 PM","1.751"
"7","2025-08-23 3:35:31.363 PM","1.751"
"8","2025-08-23 3:35:31.364 PM","1.751"
"9","2025-08-23 3:35:31.365 PM","1.746"
"10","2025-08-23 3:35:31.366 PM","1.746"
"11","2025-08-23 3:35:31.367 PM","1.746"
"12","2025-08-23 3:35:31.368 PM","1.746"
"13","2025-08-23 3:35:31.369 PM","1.746"
"14","2025-08-23 3:35:31.370 PM","1.746"
"15","2025-08-23 3:35:31.371 PM","1.751"
"16","2025-08-23 3:35:31.372 PM","1.976"
"17","2025-08-23 3:35:31.373 PM","1.976"
"18","2025-08-23 3:35:31.374 PM","1.976"
"19","2025-08-23 3:35:31.375 PM","1.976"
"20","2025-08-23 3:35:31.376 PM","1.976"
"21","2025-08-23 3:35:31.377 PM","1.976"
"22","2025-08-23 3:35:31.378 PM","1.971"
"23","2025-08-23 3:35:31.379 PM","1.966"
"24","2025-08-23 3:35:31.380 PM","1.966"
"25","2025-08-23 3:35:31.381 PM","1.966"
"26","2025-08-23 3:35:31.382 PM","1.966"
"27","2025-08-23 3:35:31.383 PM","1.966"
"28","2025-08-23 3:35:31.384 PM","1.966"
"29","2025-08-23 3:35:31.385 PM","1.976"
"30","2025-08-23 3:35:31.386 PM","1.976"
"31","2025-08-23 3:35:31.387 PM","1.971"
"32","2025-08-23 3:35:31.388 PM","1.976"
"33","2025-08-23 3:35:31.389 PM","1.897"
"34","2025-08-23 3:35:31.390 PM","1.897"
"35","2025-08-23 3:35:31.391 PM","1.897"
"36","2025-08-23 3:35:31.392 PM","1.897"
"37","2025-08-23 3:35:31.393 PM","1.897"
"38","2025-08-23 3:35:31.394 PM","1.897"
"39","2025-08-23 3:35:31.395 PM","1.897"
"40","2025-08-23 3:35:31.396 PM","1.893"
"41","2025-08-23 3:35:31.397 PM","1.893"
"42","2025-08-23 3:35:31.398 PM","1.893"
"43","2025-08-23 3:35:31.399 PM","1.893"
"44","2025-08-23 3:35:31.400 PM","1.893"
"45","2025-08-23 3:35:31.401 PM","1.893"
"46","2025-08-23 3:35:31.402 PM","1.893"
"47","2025-08-23 3:35:31.403 PM","1.897"
"48","2025-08-23 3:35:31.404 PM","1.893"
"49","2025-08-23 3:35:31.405 PM","1.751"
"50","2025-08-23 3:35:31.406 PM","1.751"
"51","2025-08-23 3:35:31.407 PM","1.751"
"52","2025-08-23 3:35:31.408 PM","1.746"
"53","2025-08-23 3:35:31.409 PM","1.751"
"54","2025-08-23 3:35:31.410 PM","1.751"
"55","2025-08-23 3:35:31.411 PM","1.746"
"56","2025-08-23 3:35:31.412 PM","1.746"
"57","2025-08-23 3:35:31.413 PM","1.741"
"58","2025-08-23 3:35:31.414 PM","1.741"
"59","2025-08-23 3:35:31.415 PM","1.741"
"60","2025-08-23 3:35:31.416 PM","1.741"
"61","2025-08-23 3:35:31.417 PM","1.751"
"62","2025-08-23 3:35:31.418 PM","1.756"
"63","2025-08-23 3:35:31.419 PM","1.751"
"64","2025-08-23 3:35:31.420 PM","1.751"
"65","2025-08-23 3:35:31.421 PM","1.751"
"66","2025-08-23 3:35:31.422 PM","1.976"
"67","2025-08-23 3:35:31.423 PM","1.976"
"68","2025-08-23 3:35:31.424 PM","1.976"
"69","2025-08-23 3:35:31.425 PM","1.976"
"70","2025-08-23 3:35:31.426 PM","1.971"
"71","2025-08-23 3:35:31.427 PM","1.971"
"72","2025-08-23 3:35:31.428 PM","1.971"
"73","2025-08-23 3:35:31.429 PM","1.971"
"74","2025-08-23 3:35:31.430 PM","1.971"
"75","2025-08-23 3:35:31.431 PM","1.971"
"76","2025-08-23 3:35:31.432 PM","1.971"
"77","2025-08-23 3:35:31.433 PM","1.971"
"78","2025-08-23 3:35:31.434 PM","1.971"
"79","2025-08-23 3:35:31.435 PM","1.971"
"80","2025-08-23 3:35:31.436 PM","1.971"
"81","2025-08-23 3:35:31.437 PM","1.971"
"82","2025-08-23 3:35:31.438 PM","1.897"
"83","2025-08-23 3:35:31.439 PM","1.897"
"84","2025-08-23 3:35:31.440 PM","1.897"
"85","2025-08-23 3:35:31.441 PM","1.897"
"86","2025-08-23 3:35:31.442 PM","1.897"
"87","2025-08-23 3:35:31.443 PM","1.897"
"88","2025-08-23 3:35:31.444 PM","1.893"
"89","2025-08-23 3:35:31.445 PM","1.893"
"90","2025-08-23 3:35:31.446 PM","1.888"
"91","2025-08-23 3:35:31.447 PM","1.888"
"92","2025-08-23 3:35:31.448 PM","1.888"
"93","2025-08-23 3:35:31.449 PM","1.893"
"94","2025-08-23 3:35:31.450 PM","1.897"
"95","2025-08-23 3:35:31.451 PM","1.902"
"96","2025-08-23 3:35:31.452 PM","1.893"
"97","2025-08-23 3:35:31.453 PM","1.897"
"98","2025-08-23 3:35:31.454 PM","1.897"
"99","2025-08-23 3:35:31.455 PM","1.731"
"100","2025-08-23 3:35:31.456 PM","1.731"
"101","2025-08-23 3:35:31.457 PM","1.731"
"102","2025-08-23 3:35:31.458 PM","1.731"
"103","2025-08-23 3:35:31.459 PM","1.731"
"104","2025-08-23 3:35:31.460 PM","1.731"
"105","2025-08-23 3:35:31.461 PM","1.731"
"106","2025-08-23 3:35:31.462 PM","1.726"
"107","2025-08-23 3:35:31.463 PM","1.731"
"108","2025-08-23 3:35:31.464 PM","1.731"
"109","2025-08-23 3:35:31.465 PM","1.731"
"110","2025-08-23 3:35:31.466 PM","1.731"
"111","2025-08-23 3:35:31.467 PM","1.726"
"112","2025-08-23 3:35:31.468 PM","1.731"
"113","2025-08-23 3:35:31.469 PM","1.726"
"114","2025-08-23 3:35:31.470 PM","1.731"
"115","2025-08-23 3:35:31.471 PM","1.956"
"116","2025-08-23 3:35:31.472 PM","1.956"
"117","2025-08-23 3:35:31.473 PM","1.956"
"118","2025-08-23 3:35:31.474 PM","1.956"
"119","2025-08-23 3:35:31.475 PM","1.956"
"120","2025-08-23 3:35:31.476 PM","1.956"
"121","2025-08-23 3:35:31.477 PM","1.951"
"122","2025-08-23 3:35:31.478 PM","1.951"
"123","2025-08-23 3:35:31.479 PM","1.951"
"124","2025-08-23 3:35:31.480 PM","1.946"
"125","2025-08-23 3:35:31.481 PM","1.946"
"126","2025-08-23 3:35:31.482 PM","1.956"
"127","2025-08-23 3:35:31.483 PM","1.961"
"128","2025-08-23 3:35:31.484 PM","1.961"
"129","2025-08-23 3:35:31.485 PM","1.956"
"130","2025-08-23 3:35:31.486 PM","1.956"
"131","2025-08-23 3:35:31.487 PM","1.956"
"132","2025-08-23 3:35:31.488 PM","1.897"
"133","2025-08-23 3:35:31.489 PM","1.897"
"134","2025-08-23 3:35:31.490 PM","1.897"
"135","2025-08-23 3:35:31.491 PM","1.897"
"136","2025-08-23 3:35:31.492 PM","1.897"
"137","2025-08-23 3:35:31.493 PM","1.897"
"138","2025-08-23 3:35:31.494 PM","1.897"
"139","2025-08-23 3:35:31.495 PM","1.897"
"140","2025-08-23 3:35:31.496 PM","1.893"
"141","2025-08-23 3:35:31.497 PM","1.893"
"142","2025-08-23 3:35:31.498 PM","1.893"
"143","2025-08-23 3:35:31.499 PM","1.893"
"144","2025-08-23 3:35:31.500 PM","1.893"
"145","2025-08-23 3:35:31.501 PM","1.893"
"146","2025-08-23 3:35:31.502 PM","1.893"
"147","2025-08-23 3:35:31.503 PM","1.897"
"148","2025-08-23 3:35:31.504 PM","1.731"
"149","2025-08-23 3:35:31.505 PM","1.731"
"150","2025-08-23 3:35:31.506 PM","1.736"
"151","2025-08-23 3:35:31.507 PM","1.731"
"152","2025-08-23 3:35:31.508 PM","1.731"
"153","2025-08-23 3:35:31.509 PM","1.731"
"154","2025-08-23 3:35:31.510 PM","1.726"
"155","2025-08-23 3:35:31.511 PM","1.726"
"156","2025-08-23 3:35:31.512 PM","1.726"
"157","2025-08-23 3:35:31.513 PM","1.717"
"158","2025-08-23 3:35:31.514 PM","1.731"
"159","2025-08-23 3:35:31.515 PM","1.736"
"160","2025-08-23 3:35:31.516 PM","1.736"
"161","2025-08-23 3:35:31.517 PM","1.736"
"162","2025-08-23 3:35:31.518 PM","1.731"
"163","2025-08-23 3:35:31.519 PM","1.731"
"164","2025-08-23 3:35:31.520 PM","1.731"
"165","2025-08-23 3:35:31.521 PM","1.956"
"166","2025-08-23 3:35:31.522 PM","1.956"
"167","2025-08-23 3:35:31.523 PM","1.956"
"168","2025-08-23 3:35:31.524 PM","1.956"
"169","2025-08-23 3:35:31.525 PM","1.956"
"170","2025-08-23 3:35:31.526 PM","1.956"
"171","2025-08-23 3:35:31.527 PM","1.956"
"172","2025-08-23 3:35:31.528 PM","1.956"
"173","2025-08-23 3:35:31.529 PM","1.956"
"174","2025-08-23 3:35:31.530 PM","1.956"
"175","2025-08-23 3:35:31.531 PM","1.956"
"176","2025-08-23 3:35:31.532 PM","1.956"
"177","2025-08-23 3:35:31.533 PM","1.956"
"178","2025-08-23 3:35:31.534 PM","1.951"
"179","2025-08-23 3:35:31.535 PM","1.956"
"180","2025-08-23 3:35:31.536 PM","1.956"
"181","2025-08-23 3:35:31.537 PM","1.912"
"182","2025-08-23 3:35:31.538 PM","1.917"
"183","2025-08-23 3:35:31.539 PM","1.912"
"184","2025-08-23 3:35:31.540 PM","1.912"
"185","2025-08-23 3:35:31.541 PM","1.912"
"186","2025-08-23 3:35:31.542 PM","1.917"
"187","2025-08-23 3:35:31.543 PM","1.907"
"188","2025-08-23 3:35:31.544 PM","1.907"
"189","2025-08-23 3:35:31.545 PM","1.902"
"190","2025-08-23 3:35:31.546 PM","1.917"
"191","2025-08-23 3:35:31.547 PM","1.917"
"192","2025-08-23 3:35:31.548 PM","1.917"
"193","2025-08-23 3:35:31.549 PM","1.922"
"194","2025-08-23 3:35:31.550 PM","1.941"
"195","2025-08-23 3:35:31.551 PM","1.912"
"196","2025-08-23 3:35:31.552 PM","1.917"
"197","2025-08-23 3:35:31.553 PM","1.912"
"198","2025-08-23 3:35:31.554 PM","1.731"
"199","2025-08-23 3:35:31.555 PM","1.731"
"200","2025-08-23 3:35:31.556 PM","1.731"
"201","2025-08-23 3:35:31.557 PM","1.731"
"202","2025-08-23 3:35:31.558 PM","1.736"
"203","2025-08-23 3:35:31.559 PM","1.731"
"204","2025-08-23 3:35:31.560 PM","1.731"
"205","2025-08-23 3:35:31.561 PM","1.731"
"206","2025-08-23 3:35:31.562 PM","1.731"
"207","2025-08-23 3:35:31.563 PM","1.731"
"208","2025-08-23 3:35:31.564 PM","1.731"
"209","2025-08-23 3:35:31.565 PM","1.726"
"210","2025-08-23 3:35:31.566 PM","1.731"
"211","2025-08-23 3:35:31.567 PM","1.726"
"212","2025-08-23 3:35:31.568 PM","1.731"
"213","2025-08-23 3:35:31.569 PM","1.731"
"214","2025-08-23 3:35:31.570 PM","1.961"
"215","2025-08-23 3:35:31.571 PM","1.956"
"216","2025-08-23 3:35:31.572 PM","1.956"
"217","2025-08-23 3:35:31.573 PM","1.956"
"218","2025-08-23 3:35:31.574 PM","1.956"
"219","2025-08-23 3:35:31.575 PM","1.956"
"220","2025-08-23 3:35:31.576 PM","1.951"
"221","2025-08-23 3:35:31.577 PM","1.946"
"222","2025-08-23 3:35:31.578 PM","1.951"
"223","2025-08-23 3:35:31.579 PM","1.956"
"224","2025-08-23 3:35:31.580 PM","1.961"
"225","2025-08-23 3:35:31.581 PM","1.961"
"226","2025-08-23 3:35:31.582 PM","1.961"
"227","2025-08-23 3:35:31.583 PM","1.956"
"228","2025-08-23 3:35:31.584 PM","1.956"
"229","2025-08-23 3:35:31.585 PM","1.956"
"230","2025-08-23 3:35:31.586 PM","1.956"
"231","2025-08-23 3:35:31.587 PM","1.917"
"232","2025-08-23 3:35:31.588 PM","1.917"
"233","2025-08-23 3:35:31.589 PM","1.912"
"234","2025-08-23 3:35:31.590 PM","1.917"
"235","2025-08-23 3:35:31.591 PM","1.917"
"236","2025-08-23 3:35:31.592 PM","1.912"
"237","2025-08-23 3:35:31.593 PM","1.912"
"238","2025-08-23 3:35:31.594 PM","1.912"
"239","2025-08-23 3:35:31.595 PM","1.912"
"240","2025-08-23 3:35:31.596 PM","1.912"
"241","2025-08-23 3:35:31.597 PM","1.912"
"242","2025-08-23 3:35:31.598 PM","1.912"
"243","2025-08-23 3:35:31.599 PM","1.912"
"244","2025-08-23 3:35:31.600 PM","1.912"
"245","2025-08-23 3:35:31.601 PM","1.912"
"246","2025-08-23 3:35:31.602 PM","1.917"
"247","2025-08-23 3:35:31.603 PM","1.731"
"248","2025-08-23 3:35:31.604 PM","1.731"
"249","2025-08-23 3:35:31.605 PM","1.731"
"250","2025-08-23 3:35:31.606 PM","1.731"
"251","2025-08-23 3:35:31.607 PM","1.731"
"252","2025-08-23 3:35:31.608 PM","1.731"
"253","2025-08-23 3:35:31.609 PM","1.726"
"254","2025-08-23 3:35:31.610 PM","1.717"
"255","2025-08-23 3:35:31.611 PM","1.736"
"256","2025-08-23 3:35:31.612 PM","1.736"
"257","2025-08-23 3:35:31.613 PM","1.741"
"258","2025-08-23 3:35:31.614 PM","1.741"
"259","2025-08-23 3:35:31.615 PM","1.731"
"260","2025-08-23 3:35:31.616 PM","1.731"
"261","2025-08-23 3:35:31.617 PM","1.731"
"262","2025-08-23 3:35:31.618 PM","1.731"
"263","2025-08-23 3:35:31.619 PM","1.731"
"264","2025-08-23 3:35:31.620 PM","1.956"
"265","2025-08-23 3:35:31.621 PM","1.956"
"266","2025-08-23 3:35:31.622 PM","1.961"
"267","2025-08-23 3:35:31.623 PM","1.956"
"268","2025-08-23 3:35:31.624 PM","1.956"
"269","2025-08-23 3:35:31.625 PM","1.956"
"270","2025-08-23 3:35:31.626 PM","1.956"
"271","2025-08-23 3:35:31.627 PM","1.956"
"272","2025-08-23 3:35:31.628 PM","1.956"
"273","2025-08-23 3:35:31.629 PM","1.956"
"274","2025-08-23 3:35:31.630 PM","1.951"
"275","2025-08-23 3:35:31.631 PM","1.951"
"276","2025-08-23 3:35:31.632 PM","1.956"
"277","2025-08-23 3:35:31.633 PM","1.956"
"278","2025-08-23 3:35:31.634 PM","1.956"
"279","2025-08-23 3:35:31.635 PM","1.956"
"280","2025-08-23 3:35:31.636 PM","1.956"
"281","2025-08-23 3:35:31.637 PM","1.937"
"282","2025-08-23 3:35:31.638 PM","1.937"
"283","2025-08-23 3:35:31.639 PM","1.937"
"284","2025-08-23 3:35:31.640 PM","1.937"
"285","2025-08-23 3:35:31.641 PM","1.937"
"286","2025-08-23 3:35:31.642 PM","1.922"
"287","2025-08-23 3:35:31.643 PM","1.937"
"288","2025-08-23 3:35:31.644 PM","1.941"
"289","2025-08-23 3:35:31.645 PM","1.941"
"290","2025-08-23 3:35:31.646 PM","1.941"
"291","2025-08-23 3:35:31.647 PM","1.951"
"292","2025-08-23 3:35:31.648 PM","1.937"
"293","2025-08-23 3:35:31.649 PM","1.937"
"294","2025-08-23 3:35:31.650 PM","1.937"
"295","2025-08-23 3:35:31.651 PM","1.937"
"296","2025-08-23 3:35:31.652 PM","1.937"
"297","2025-08-23 3:35:31.653 PM","1.731"
"298","2025-08-23 3:35:31.654 PM","1.731"
"299","2025-08-23 3:35:31.655 PM","1.731"
"300","2025-08-23 3:35:31.656 PM","1.731"
"301","2025-08-23 3:35:31.657 PM","1.731"
"302","2025-08-23 3:35:31.658 PM","1.736"
"303","2025-08-23 3:35:31.659 PM","1.731"
"304","2025-08-23 3:35:31.660 PM","1.731"
"305","2025-08-23 3:35:31.661 PM","1.731"
"306","2025-08-23 3:35:31.662 PM","1.731"
"307","2025-08-23 3:35:31.663 PM","1.731"
"308","2025-08-23 3:35:31.664 PM","1.726"
"309","2025-08-23 3:35:31.665 PM","1.726"
"310","2025-08-23 3:35:31.666 PM","1.731"
"311","2025-08-23 3:35:31.667 PM","1.731"
"312","2025-08-23 3:35:31.668 PM","1.731"
"313","2025-08-23 3:35:31.669 PM","1.731"
"314","2025-08-23 3:35:31.670 PM","1.937"
"315","2025-08-23 3:35:31.671 PM","1.937"
"316","2025-08-23 3:35:31.672 PM","1.937"
"317","2025-08-23 3:35:31.673 PM","1.937"
"318","2025-08-23 3:35:31.674 PM","1.937"
"319","2025-08-23 3:35:31.675 PM","1.932"
"320","2025-08-23 3:35:31.676 PM","1.937"
"321","2025-08-23 3:35:31.677 PM","1.937"
"322","2025-08-23 3:35:31.678 PM","1.941"
"323","2025-08-23 3:35:31.679 PM","1.941"
"324","2025-08-23 3:35:31.680 PM","1.937"
"325","2025-08-23 3:35:31.681 PM","1.937"
"326","2025-08-23 3:35:31.682 PM","1.932"
"327","2025-08-23 3:35:31.683 PM","1.937"
"328","2025-08-23 3:35:31.684 PM","1.937"
"329","2025-08-23 3:35:31.685 PM","1.937"
"330","2025-08-23 3:35:31.686 PM","1.937"
"331","2025-08-23 3:35:31.687 PM","1.932"
"332","2025-08-23 3:35:31.688 PM","1.937"
"333","2025-08-23 3:35:31.689 PM","1.937"
"334","2025-08-23 3:35:31.690 PM","1.937"
"335","2025-08-23 3:35:31.691 PM","1.937"
"336","2025-08-23 3:35:31.692 PM","1.937"
"337","2025-08-23 3:35:31.693 PM","1.932"
"338","2025-08-23 3:35:31.694 PM","1.937"
"339","2025-08-23 3:35:31.695 PM","1.932"
"340","2025-08-23 3:35:31.696 PM","1.932"
"341","2025-08-23 3:35:31.697 PM","1.937"
"342","2025-08-23 3:35:31.698 PM","1.932"
"343","2025-08-23 3:35:31.699 PM","1.932"
"344","2025-08-23 3:35:31.700 PM","1.932"
"345","2025-08-23 3:35:31.701 PM","1.932"
"346","2025-08-23 3:35:31.702 PM","1.731"
"347","2025-08-23 3:35:31.703 PM","1.731"
"348","2025-08-23 3:35:31.704 PM","1.731"
"349","2025-08-23 3:35:31.705 PM","1.731"
"350","2025-08-23 3:35:31.706 PM","1.731"
"351","2025-08-23 3:35:31.707 PM","1.731"
"352","2025-08-23 3:35:31.708 PM","1.731"
"353","2025-08-23 3:35:31.709 PM","1.736"
"354","2025-08-23 3:35:31.710 PM","1.736"
"355","2025-08-23 3:35:31.711 PM","1.741"
"356","2025-08-23 3:35:31.712 PM","1.731"
"357","2025-08-23 3:35:31.713 PM","1.731"
"358","2025-08-23 3:35:31.714 PM","1.731"
"359","2025-08-23 3:35:31.715 PM","1.731"
"360","2025-08-23 3:35:31.716 PM","1.731"
"361","2025-08-23 3:35:31.717 PM","1.731"
"362","2025-08-23 3:35:31.718 PM","1.731"
"363","2025-08-23 3:35:31.719 PM","1.941"
"364","2025-08-23 3:35:31.720 PM","1.937"
"365","2025-08-23 3:35:31.721 PM","1.937"
"366","2025-08-23 3:35:31.722 PM","1.937"
"367","2025-08-23 3:35:31.723 PM","1.937"
"368","2025-08-23 3:35:31.724 PM","1.937"
"369","2025-08-23 3:35:31.725 PM","1.937"
"370","2025-08-23 3:35:31.726 PM","1.941"
"371","2025-08-23 3:35:31.727 PM","1.937"
"372","2025-08-23 3:35:31.728 PM","1.937"
"373","2025-08-23 3:35:31.729 PM","1.937"
"374","2025-08-23 3:35:31.730 PM","1.932"
"375","2025-08-23 3:35:31.731 PM","1.937"
"376","2025-08-23 3:35:31.732 PM","1.932"
"377","2025-08-23 3:35:31.733 PM","1.932"
"378","2025-08-23 3:35:31.734 PM","1.937"
"379","2025-08-23 3:35:31.735 PM","1.937"
"380","2025-08-23 3:35:31.736 PM","1.956"
"381","2025-08-23 3:35:31.737 PM","1.956"
"382","2025-08-23 3:35:31.738 PM","1.956"
"383","2025-08-23 3:35:31.739 PM","1.956"
"384","2025-08-23 3:35:31.740 PM","1.956"
"385","2025-08-23 3:35:31.741 PM","1.956"
"386","2025-08-23 3:35:31.742 PM","1.961"
"387","2025-08-23 3:35:31.743 PM","1.961"
"388","2025-08-23 3:35:31.744 PM","1.966"
"389","2025-08-23 3:35:31.745 PM","1.956"
"390","2025-08-23 3:35:31.746 PM","1.956"
"391","2025-08-23 3:35:31.747 PM","1.956"
"392","2025-08-23 3:35:31.748 PM","1.956"
"393","2025-08-23 3:35:31.749 PM","1.956"
"394","2025-08-23 3:35:31.750 PM","1.956"
"395","2025-08-23 3:35:31.751 PM","1.956"
"396","2025-08-23 3:35:31.752 PM","1.731"
"397","2025-08-23 3:35:31.753 PM","1.736"
"398","2025-08-23 3:35:31.754 PM","1.731"
"399","2025-08-23 3:35:31.755 PM","1.731"
"400","2025-08-23 3:35:31.756 PM","1.731"
"401","2025-08-23 3:35:31.757 PM","1.731"
"402","2025-08-23 3:35:31.758 PM","1.731"
"403","2025-08-23 3:35:31.759 PM","1.731"
"404","2025-08-23 3:35:31.760 PM","1.726"
"405","2025-08-23 3:35:31.761 PM","1.726"
"406","2025-08-23 3:35:31.762 PM","1.726"
"407","2025-08-23 3:35:31.763 PM","1.731"
"408","2025-08-23 3:35:31.764 PM","1.731"
"409","2025-08-23 3:35:31.765 PM","1.726"
"410","2025-08-23 3:35:31.766 PM","1.731"
"411","2025-08-23 3:35:31.767 PM","1.731"
"412","2025-08-23 3:35:31.768 PM","1.731"
"413","2025-08-23 3:35:31.769 PM","1.917"
"414","2025-08-23 3:35:31.770 PM","1.912"
"415","2025-08-23 3:35:31.771 PM","1.912"
"416","2025-08-23 3:35:31.772 PM","1.912"
"417","2025-08-23 3:35:31.773 PM","1.912"
"418","2025-08-23 3:35:31.774 PM","1.917"
"419","2025-08-23 3:35:31.775 PM","1.922"
"420","2025-08-23 3:35:31.776 PM","1.922"
"421","2025-08-23 3:35:31.777 PM","1.912"
"422","2025-08-23 3:35:31.778 PM","1.912"
"423","2025-08-23 3:35:31.779 PM","1.912"
"424","2025-08-23 3:35:31.780 PM","1.912"
"425","2025-08-23 3:35:31.781 PM","1.912"
"426","2025-08-23 3:35:31.782 PM","1.917"
"427","2025-08-23 3:35:31.783 PM","1.912"
"428","2025-08-23 3:35:31.784 PM","1.912"
"429","2025-08-23 3:35:31.785 PM","1.956"
"430","2025-08-23 3:35:31.786 PM","1.956"
"431","2025-08-23 3:35:31.787 PM","1.956"
"432","2025-08-23 3:35:31.788 PM","1.956"
"433","2025-08-23 3:35:31.789 PM","1.956"
"434","2025-08-23 3:35:31.790 PM","1.956"
"435","2025-08-23 3:35:31.791 PM","1.956"
"436","2025-08-23 3:35:31.792 PM","1.956"
"437","2025-08-23 3:35:31.793 PM","1.956"
"438","2025-08-23 3:35:31.794 PM","1.951"
"439","2025-08-23 3:35:31.795 PM","1.951"
"440","2025-08-23 3:35:31.796 PM","1.951"
"441","2025-08-23 3:35:31.797 PM","1.951"
"442","2025-08-23 3:35:31.798 PM","1.951"
"443","2025-08-23 3:35:31.799 PM","1.956"
"444","2025-08-23 3:35:31.800 PM","1.956"
"445","2025-08-23 3:35:31.801 PM","1.731"
"446","2025-08-23 3:35:31.802 PM","1.736"
"447","2025-08-23 3:35:31.803 PM","1.731"
"448","2025-08-23 3:35:31.804 PM","1.731"
"449","2025-08-23 3:35:31.805 PM","1.731"
"450","2025-08-23 3:35:31.806 PM","1.731"
"451","2025-08-23 3:35:31.807 PM","1.736"
"452","2025-08-23 3:35:31.808 PM","1.736"
"453","2025-08-23 3:35:31.809 PM","1.731"
"454","2025-08-23 3:35:31.810 PM","1.731"
"455","2025-08-23 3:35:31.811 PM","1.731"
"456","2025-08-23 3:35:31.812 PM","1.731"
"457","2025-08-23 3:35:31.813 PM","1.731"
"458","2025-08-23 3:35:31.814 PM","1.731"
"459","2025-08-23 3:35:31.815 PM","1.731"
"460","2025-08-23 3:35:31.816 PM","1.731"
"461","2025-08-23 3:35:31.817 PM","1.731"
"462","2025-08-23 3:35:31.818 PM","1.912"
"463","2025-08-23 3:35:31.819 PM","1.912"
"464","2025-08-23 3:35:31.820 PM","1.912"
"465","2025-08-23 3:35:31.821 PM","1.917"
"466","2025-08-23 3:35:31.822 PM","1.917"
"467","2025-08-23 3:35:31.823 PM","1.912"
"468","2025-08-23 3:35:31.824 PM","1.917"
"469","2025-08-23 3:35:31.825 PM","1.907"
"470","2025-08-23 3:35:31.826 PM","1.912"
"471","2025-08-23 3:35:31.827 PM","1.912"
"472","2025-08-23 3:35:31.828 PM","1.912"
"473","2025-08-23 3:35:31.829 PM","1.907"
"474","2025-08-23 3:35:31.830 PM","1.907"
"475","2025-08-23 3:35:31.831 PM","1.912"
"476","2025-08-23 3:35:31.832 PM","1.912"
"477","2025-08-23 3:35:31.833 PM","1.917"
"478","2025-08-23 3:35:31.834 PM","1.912"
"479","2025-08-23 3:35:31.835 PM","1.971"
"480","2025-08-23 3:35:31.836 PM","1.976"
"481","2025-08-23 3:35:31.837 PM","1.971"
"482","2025-08-23 3:35:31.838 PM","1.976"
"483","2025-08-23 3:35:31.839 PM","1.976"
"484","2025-08-23 3:35:31.840 PM","1.980"
"485","2025-08-23 3:35:31.841 PM","1.980"
"486","2025-08-23 3:35:31.842 PM","1.971"
"487","2025-08-23 3:35:31.843 PM","1.971"
"488","2025-08-23 3:35:31.844 PM","1.971"
"489","2025-08-23 3:35:31.845 PM","1.971"
"490","2025-08-23 3:35:31.846 PM","1.971"
"491","2025-08-23 3:35:31.847 PM","1.971"
"492","2025-08-23 3:35:31.848 PM","1.971"
"493","2025-08-23 3:35:31.849 PM","1.976"
"494","2025-08-23 3:35:31.850 PM","1.971"
"495","2025-08-23 3:35:31.851 PM","1.731"
"496","2025-08-23 3:35:31.852 PM","1.731"
"497","2025-08-23 3:35:31.853 PM","1.731"
"498","2025-08-23 3:35:31.854 PM","1.731"
"499","2025-08-23 3:35:31.855 PM","1.731"
"500","2025-08-23 3:35:31.856 PM","1.731"
"501","2025-08-23 3:35:31.857 PM","1.726"
"502","2025-08-23 3:35:31.858 PM","1.731"
"503","2025-08-23 3:35:31.859 PM","1.731"
"504","2025-08-23 3:35:31.860 PM","1.726"
"505","2025-08-23 3:35:31.861 PM","1.731"
"506","2025-08-23 3:35:31.862 PM","1.726"
"507","2025-08-23 3:35:31.863 PM","1.726"
"508","2025-08-23 3:35:31.864 PM","1.726"
"509","2025-08-23 3:35:31.865 PM","1.731"
"510","2025-08-23 3:35:31.866 PM","1.731"
"511","2025-08-23 3:35:31.867 PM","1.731"
"512","2025-08-23 3:35:31.868 PM","1.897"
"513","2025-08-23 3:35:31.869 PM","1.897"
"514","2025-08-23 3:35:31.870 PM","1.893"
"515","2025-08-23 3:35:31.871 PM","1.897"
"516","2025-08-23 3:35:31.872 PM","1.897"
"517","2025-08-23 3:35:31.873 PM","1.902"
"518","2025-08-23 3:35:31.874 PM","1.897"
"519","2025-08-23 3:35:31.875 PM","1.897"
"520","2025-08-23 3:35:31.876 PM","1.893"
"521","2025-08-23 3:35:31.877 PM","1.897"
"522","2025-08-23 3:35:31.878 PM","1.893"
"523","2025-08-23 3:35:31.879 PM","1.893"
"524","2025-08-23 3:35:31.880 PM","1.893"
"525","2025-08-23 3:35:31.881 PM","1.893"
"526","2025-08-23 3:35:31.882 PM","1.897"
"527","2025-08-23 3:35:31.883 PM","1.893"
"528","2025-08-23 3:35:31.884 PM","1.971"
"529","2025-08-23 3:35:31.885 PM","1.971"
"530","2025-08-23 3:35:31.886 PM","1.971"
"531","2025-08-23 3:35:31.887 PM","1.976"
"532","2025-08-23 3:35:31.888 PM","1.971"
"533","2025-08-23 3:35:31.889 PM","1.976"
"534","2025-08-23 3:35:31.890 PM","1.971"
"535","2025-08-23 3:35:31.891 PM","1.966"
"536","2025-08-23 3:35:31.892 PM","1.971"
"537","2025-08-23 3:35:31.893 PM","1.966"
"538","2025-08-23 3:35:31.894 PM","1.971"
"539","2025-08-23 3:35:31.895 PM","1.971"
"540","2025-08-23 3:35:31.896 PM","1.966"
"541","2025-08-23 3:35:31.897 PM","1.966"
"542","2025-08-23 3:35:31.898 PM","1.971"
"543","2025-08-23 3:35:31.899 PM","1.971"
"544","2025-08-23 3:35:31.900 PM","1.726"
"545","2025-08-23 3:35:31.901 PM","1.731"
"546","2025-08-23 3:35:31.902 PM","1.731"
"547","2025-08-23 3:35:31.903 PM","1.731"
"548","2025-08-23 3:35:31.904 PM","1.736"
"549","2025-08-23 3:35:31.905 PM","1.731"
"550","2025-08-23 3:35:31.906 PM","1.766"
"551","2025-08-23 3:35:31.907 PM","1.731"
"552","2025-08-23 3:35:31.908 PM","1.731"
"553","2025-08-23 3:35:31.909 PM","1.731"
"554","2025-08-23 3:35:31.910 PM","1.731"
"555","2025-08-23 3:35:31.911 PM","1.726"
"556","2025-08-23 3:35:31.912 PM","1.731"
"557","2025-08-23 3:35:31.913 PM","1.726"
"558","2025-08-23 3:35:31.914 PM","1.731"
"559","2025-08-23 3:35:31.915 PM","1.731"
"560","2025-08-23 3:35:31.916 PM","1.731"
"561","2025-08-23 3:35:31.917 PM","1.897"
"562","2025-08-23 3:35:31.918 PM","1.897"
"563","2025-08-23 3:35:31.919 PM","1.893"
"564","2025-08-23 3:35:31.920 PM","1.893"
"565","2025-08-23 3:35:31.921 PM","1.897"
"566","2025-08-23 3:35:31.922 PM","1.897"
"567","2025-08-23 3:35:31.923 PM","1.893"
"568","2025-08-23 3:35:31.924 PM","1.897"
"569","2025-08-23 3:35:31.925 PM","1.893"
"570","2025-08-23 3:35:31.926 PM","1.893"
"571","2025-08-23 3:35:31.927 PM","1.893"
"572","2025-08-23 3:35:31.928 PM","1.893"
"573","2025-08-23 3:35:31.929 PM","1.893"
"574","2025-08-23 3:35:31.930 PM","1.893"
"575","2025-08-23 3:35:31.931 PM","1.893"
"576","2025-08-23 3:35:31.932 PM","1.897"
"577","2025-08-23 3:35:31.933 PM","1.897"
"578","2025-08-23 3:35:31.934 PM","1.971"
"579","2025-08-23 3:35:31.935 PM","1.976"
"580","2025-08-23 3:35:31.936 PM","1.976"
"581","2025-08-23 3:35:31.937 PM","1.971"
"582","2025-08-23 3:35:31.938 PM","1.971"
"583","2025-08-23 3:35:31.939 PM","1.976"
"584","2025-08-23 3:35:31.940 PM","1.971"
"585","2025-08-23 3:35:31.941 PM","1.971"
"586","2025-08-23 3:35:31.942 PM","1.976"
"587","2025-08-23 3:35:31.943 PM","1.971"
"588","2025-08-23 3:35:31.944 PM","1.971"
"589","2025-08-23 3:35:31.945 PM","1.971"
"590","2025-08-23 3:35:31.946 PM","1.971"
"591","2025-08-23 3:35:31.947 PM","1.971"
"592","2025-08-23 3:35:31.948 PM","1.971"
"593","2025-08-23 3:35:31.949 PM","1.976"
"594","2025-08-23 3:35:31.950 PM","1.731"
"595","2025-08-23 3:35:31.951 PM","1.731"
"596","2025-08-23 3:35:31.952 PM","1.731"
"597","2025-08-23 3:35:31.953 PM","1.731"
"598","2025-08-23 3:35:31.954 PM","1.736"
"599","2025-08-23 3:35:31.955 PM","1.731"
"600","2025-08-23 3:35:31.956 PM","1.731"
"601","2025-08-23 3:35:31.957 PM","1.731"
"602","2025-08-23 3:35:31.958 PM","1.726"
"603","2025-08-23 3:35:31.959 PM","1.726"
"604","2025-08-23 3:35:31.960 PM","1.726"
"605","2025-08-23 3:35:31.961 PM","1.726"
"606","2025-08-23 3:35:31.962 PM","1.726"
"607","2025-08-23 3:35:31.963 PM","1.726"
"608","2025-08-23 3:35:31.964 PM","1.731"
"609","2025-08-23 3:35:31.965 PM","1.731"
"610","2025-08-23 3:35:31.966 PM","1.731"
"611","2025-08-23 3:35:31.967 PM","1.878"
"612","2025-08-23 3:35:31.968 PM","1.878"
"613","2025-08-23 3:35:31.969 PM","1.878"
"614","2025-08-23 3:35:31.970 PM","1.878"
"615","2025-08-23 3:35:31.971 PM","1.878"
"616","2025-08-23 3:35:31.972 PM","1.878"
"617","2025-08-23 3:35:31.973 PM","1.878"
"618","2025-08-23 3:35:31.974 PM","1.878"
"619","2025-08-23 3:35:31.975 PM","1.873"
"620","2025-08-23 3:35:31.976 PM","1.878"
"621","2025-08-23 3:35:31.977 PM","1.878"
"622","2025-08-23 3:35:31.978 PM","1.878"
"623","2025-08-23 3:35:31.979 PM","1.878"
"624","2025-08-23 3:35:31.980 PM","1.878"
"625","2025-08-23 3:35:31.981 PM","1.878"
"626","2025-08-23 3:35:31.982 PM","1.878"
"627","2025-08-23 3:35:31.983 PM","1.990"
"628","2025-08-23 3:35:31.984 PM","1.990"
"629","2025-08-23 3:35:31.985 PM","1.990"
"630","2025-08-23 3:35:31.986 PM","1.990"
"631","2025-08-23 3:35:31.987 PM","1.990"
"632","2025-08-23 3:35:31.988 PM","1.990"
"633","2025-08-23 3:35:31.989 PM","1.990"
"634","2025-08-23 3:35:31.990 PM","1.990"
"635","2025-08-23 3:35:31.991 PM","1.990"
"636","2025-08-23 3:35:31.992 PM","1.985"
"637","2025-08-23 3:35:31.993 PM","1.985"
"638","2025-08-23 3:35:31.994 PM","1.985"
"639","2025-08-23 3:35:31.995 PM","1.985"
"640","2025-08-23 3:35:31.996 PM","1.985"
"641","2025-08-23 3:35:31.997 PM","1.990"
"642","2025-08-23 3:35:31.998 PM","1.990"
"643","2025-08-23 3:35:31.999 PM","1.990"
"644","2025-08-23 3:35:32.000 PM","1.731"
"645","2025-08-23 3:35:32.001 PM","1.731"
"646","2025-08-23 3:35:32.002 PM","1.731"
"647","2025-08-23 3:35:32.003 PM","1.731"
"648","2025-08-23 3:35:32.004 PM","1.731"
"649","2025-08-23 3:35:32.005 PM","1.731"
"650","2025-08-23 3:35:32.006 PM","1.731"
"651","2025-08-23 3:35:32.007 PM","1.731"
"652","2025-08-23 3:35:32.008 PM","1.731"
"653","2025-08-23 3:35:32.009 PM","1.726"
"654","2025-08-23 3:35:32.010 PM","1.731"
"655","2025-08-23 3:35:32.011 PM","1.726"
"656","2025-08-23 3:35:32.012 PM","1.731"
"657","2025-08-23 3:35:32.013 PM","1.731"
"658","2025-08-23 3:35:32.014 PM","1.731"
"659","2025-08-23 3:35:32.015 PM","1.731"
"660","2025-08-23 3:35:32.016 PM","1.878"
"661","2025-08-23 3:35:32.017 PM","1.878"
"662","2025-08-23 3:35:32.018 PM","1.883"
"663","2025-08-23 3:35:32.019 PM","1.878"
"664","2025-08-23 3:35:32.020 PM","1.878"
"665","2025-08-23 3:35:32.021 PM","1.878"
"666","2025-08-23 3:35:32.022 PM","1.878"
"667","2025-08-23 3:35:32.023 PM","1.873"
"668","2025-08-23 3:35:32.024 PM","1.873"
"669","2025-08-23 3:35:32.025 PM","1.873"
"670","2025-08-23 3:35:32.026 PM","1.873"
"671","2025-08-23 3:35:32.027 PM","1.873"
"672","2025-08-23 3:35:32.028 PM","1.873"
"673","2025-08-23 3:35:32.029 PM","1.868"
"674","2025-08-23 3:35:32.030 PM","1.873"
"675","2025-08-23 3:35:32.031 PM","1.878"
"676","2025-08-23 3:35:32.032 PM","1.883"
"677","2025-08-23 3:35:32.033 PM","1.990"
"678","2025-08-23 3:35:32.034 PM","1.990"
"679","2025-08-23 3:35:32.035 PM","1.990"
"680","2025-08-23 3:35:32.036 PM","1.990"
"681","2025-08-23 3:35:32.037 PM","1.990"
"682","2025-08-23 3:35:32.038 PM","1.990"
"683","2025-08-23 3:35:32.039 PM","1.990"
"684","2025-08-23 3:35:32.040 PM","1.990"
"685","2025-08-23 3:35:32.041 PM","1.990"
"686","2025-08-23 3:35:32.042 PM","1.990"
"687","2025-08-23 3:35:32.043 PM","1.990"
"688","2025-08-23 3:35:32.044 PM","1.990"
"689","2025-08-23 3:35:32.045 PM","1.985"
"690","2025-08-23 3:35:32.046 PM","1.990"
"691","2025-08-23 3:35:32.047 PM","1.985"
"692","2025-08-23 3:35:32.048 PM","1.990"
"693","2025-08-23 3:35:32.049 PM","1.731"
"694","2025-08-23 3:35:32.050 PM","1.731"
"695","2025-08-23 3:35:32.051 PM","1.731"
"696","2025-08-23 3:35:32.052 PM","1.731"
"697","2025-08-23 3:35:32.053 PM","1.731"
"698","2025-08-23 3:35:32.054 PM","1.731"
"699","2025-08-23 3:35:32.055 PM","1.726"
"700","2025-08-23 3:35:32.056 PM","1.726"
"701","2025-08-23 3:35:32.057 PM","1.726"
"702","2025-08-23 3:35:32.058 PM","1.726"
"703","2025-08-23 3:35:32.059 PM","1.726"
"704","2025-08-23 3:35:32.060 PM","1.726"
"705","2025-08-23 3:35:32.061 PM","1.717"
"706","2025-08-23 3:35:32.062 PM","1.726"
"707","2025-08-23 3:35:32.063 PM","1.731"
"708","2025-08-23 3:35:32.064 PM","1.731"
"709","2025-08-23 3:35:32.065 PM","1.731"
"710","2025-08-23 3:35:32.066 PM","1.878"
"711","2025-08-23 3:35:32.067 PM","1.878"
"712","2025-08-23 3:35:32.068 PM","1.883"
"713","2025-08-23 3:35:32.069 PM","1.878"
"714","2025-08-23 3:35:32.070 PM","1.878"
"715","2025-08-23 3:35:32.071 PM","1.878"
"716","2025-08-23 3:35:32.072 PM","1.878"
"717","2025-08-23 3:35:32.073 PM","1.878"
"718","2025-08-23 3:35:32.074 PM","1.878"
"719","2025-08-23 3:35:32.075 PM","1.878"
"720","2025-08-23 3:35:32.076 PM","1.878"
"721","2025-08-23 3:35:32.077 PM","1.878"
"722","2025-08-23 3:35:32.078 PM","1.873"
"723","2025-08-23 3:35:32.079 PM","1.878"
"724","2025-08-23 3:35:32.080 PM","1.878"
"725","2025-08-23 3:35:32.081 PM","1.878"
"726","2025-08-23 3:35:32.082 PM","1.990"
"727","2025-08-23 3:35:32.083 PM","1.990"
"728","2025-08-23 3:35:32.084 PM","1.990"
"729","2025-08-23 3:35:32.085 PM","1.990"
"730","2025-08-23 3:35:32.086 PM","1.990"
"731","2025-08-23 3:35:32.087 PM","1.990"
"732","2025-08-23 3:35:32.088 PM","1.985"
"733","2025-08-23 3:35:32.089 PM","1.985"
"734","2025-08-23 3:35:32.090 PM","1.985"
"735","2025-08-23 3:35:32.091 PM","1.985"
"736","2025-08-23 3:35:32.092 PM","1.985"
"737","2025-08-23 3:35:32.093 PM","1.985"
"738","2025-08-23 3:35:32.094 PM","1.980"
"739","2025-08-23 3:35:32.095 PM","1.985"
"740","2025-08-23 3:35:32.096 PM","1.990"
"741","2025-08-23 3:35:32.097 PM","1.990"
"742","2025-08-23 3:35:32.098 PM","1.990"
"743","2025-08-23 3:35:32.099 PM","1.731"
"744","2025-08-23 3:35:32.100 PM","1.731"
"745","2025-08-23 3:35:32.101 PM","1.731"
"746","2025-08-23 3:35:32.102 PM","1.731"
"747","2025-08-23 3:35:32.103 PM","1.731"
"748","2025-08-23 3:35:32.104 PM","1.731"
"749","2025-08-23 3:35:32.105 PM","1.731"
"750","2025-08-23 3:35:32.106 PM","1.731"
"751","2025-08-23 3:35:32.107 PM","1.731"
"752","2025-08-23 3:35:32.108 PM","1.731"
"753","2025-08-23 3:35:32.109 PM","1.731"
"754","2025-08-23 3:35:32.110 PM","1.731"
"755","2025-08-23 3:35:32.111 PM","1.731"
"756","2025-08-23 3:35:32.112 PM","1.731"
"757","2025-08-23 3:35:32.113 PM","1.731"
"758","2025-08-23 3:35:32.114 PM","1.731"
"759","2025-08-23 3:35:32.115 PM","1.858"
"760","2025-08-23 3:35:32.116 PM","1.863"
"761","2025-08-23 3:35:32.117 PM","1.858"
"762","2025-08-23 3:35:32.118 PM","1.863"
"763","2025-08-23 3:35:32.119 PM","1.863"
"764","2025-08-23 3:35:32.120 PM","1.863"
"765","2025-08-23 3:35:32.121 PM","1.858"
"766","2025-08-23 3:35:32.122 PM","1.858"
"767","2025-08-23 3:35:32.123 PM","1.853"
"768","2025-08-23 3:35:32.124 PM","1.853"
"769","2025-08-23 3:35:32.125 PM","1.853"
"770","2025-08-23 3:35:32.126 PM","1.849"
"771","2025-08-23 3:35:32.127 PM","1.853"
"772","2025-08-23 3:35:32.128 PM","1.849"
"773","2025-08-23 3:35:32.129 PM","1.858"
"774","2025-08-23 3:35:32.130 PM","1.863"
"775","2025-08-23 3:35:32.131 PM","1.863"
"776","2025-08-23 3:35:32.132 PM","1.990"
"777","2025-08-23 3:35:32.133 PM","1.990"
"778","2025-08-23 3:35:32.134 PM","1.990"
"779","2025-08-23 3:35:32.135 PM","1.990"
"780","2025-08-23 3:35:32.136 PM","1.990"
"781","2025-08-23 3:35:32.137 PM","1.990"
"782","2025-08-23 3:35:32.138 PM","1.990"
"783","2025-08-23 3:35:32.139 PM","1.990"
"784","2025-08-23 3:35:32.140 PM","1.990"
"785","2025-08-23 3:35:32.141 PM","1.990"
"786","2025-08-23 3:35:32.142 PM","1.985"
"787","2025-08-23 3:35:32.143 PM","1.990"
"788","2025-08-23 3:35:32.144 PM","1.990"
"789","2025-08-23 3:35:32.145 PM","1.990"
"790","2025-08-23 3:35:32.146 PM","1.990"
"791","2025-08-23 3:35:32.147 PM","1.990"
"792","2025-08-23 3:35:32.148 PM","1.751"
"793","2025-08-23 3:35:32.149 PM","1.751"
"794","2025-08-23 3:35:32.150 PM","1.751"
"795","2025-08-23 3:35:32.151 PM","1.751"
"796","2025-08-23 3:35:32.152 PM","1.751"
"797","2025-08-23 3:35:32.153 PM","1.751"
"798","2025-08-23 3:35:32.154 PM","1.746"
"799","2025-08-23 3:35:32.155 PM","1.746"
"800","2025-08-23 3:35:32.156 PM","1.746"
"801","2025-08-23 3:35:32.157 PM","1.741"
"802","2025-08-23 3:35:32.158 PM","1.746"
"803","2025-08-23 3:35:32.159 PM","1.746"
"804","2025-08-23 3:35:32.160 PM","1.736"
"805","2025-08-23 3:35:32.161 PM","1.741"
"806","2025-08-23 3:35:32.162 PM","1.746"
"807","2025-08-23 3:35:32.163 PM","1.746"
"808","2025-08-23 3:35:32.164 PM","1.751"
"809","2025-08-23 3:35:32.165 PM","1.863"
"810","2025-08-23 3:35:32.166 PM","1.858"
"811","2025-08-23 3:35:32.167 PM","1.863"
"812","2025-08-23 3:35:32.168 PM","1.858"
"813","2025-08-23 3:35:32.169 PM","1.863"
"814","2025-08-23 3:35:32.170 PM","1.863"
"815","2025-08-23 3:35:32.171 PM","1.858"
"816","2025-08-23 3:35:32.172 PM","1.858"
"817","2025-08-23 3:35:32.173 PM","1.858"
"818","2025-08-23 3:35:32.174 PM","1.858"
"819","2025-08-23 3:35:32.175 PM","1.858"
"820","2025-08-23 3:35:32.176 PM","1.858"
"821","2025-08-23 3:35:32.177 PM","1.858"
"822","2025-08-23 3:35:32.178 PM","1.858"
"823","2025-08-23 3:35:32.179 PM","1.858"
"824","2025-08-23 3:35:32.180 PM","1.863"
"825","2025-08-23 3:35:32.181 PM","1.990"
"826","2025-08-23 3:35:32.182 PM","1.990"
"827","2025-08-23 3:35:32.183 PM","1.995"
"828","2025-08-23 3:35:32.184 PM","1.990"
"829","2025-08-23 3:35:32.185 PM","1.990"
"830","2025-08-23 3:35:32.186 PM","1.990"
"831","2025-08-23 3:35:32.187 PM","1.985"
"832","2025-08-23 3:35:32.188 PM","1.985"
"833","2025-08-23 3:35:32.189 PM","1.980"
"834","2025-08-23 3:35:32.190 PM","1.985"
"835","2025-08-23 3:35:32.191 PM","1.980"
"836","2025-08-23 3:35:32.192 PM","1.985"
"837","2025-08-23 3:35:32.193 PM","1.980"
"838","2025-08-23 3:35:32.194 PM","1.990"
"839","2025-08-23 3:35:32.195 PM","1.990"
"840","2025-08-23 3:35:32.196 PM","1.990"
"841","2025-08-23 3:35:32.197 PM","1.990"
"842","2025-08-23 3:35:32.198 PM","1.746"
"843","2025-08-23 3:35:32.199 PM","1.751"
"844","2025-08-23 3:35:32.200 PM","1.751"
"845","2025-08-23 3:35:32.201 PM","1.751"
"846","2025-08-23 3:35:32.202 PM","1.751"
"847","2025-08-23 3:35:32.203 PM","1.751"
"848","2025-08-23 3:35:32.204 PM","1.751"
"849","2025-08-23 3:35:32.205 PM","1.751"
"850","2025-08-23 3:35:32.206 PM","1.751"
"851","2025-08-23 3:35:32.207 PM","1.746"
"852","2025-08-23 3:35:32.208 PM","1.746"
"853","2025-08-23 3:35:32.209 PM","1.746"
"854","2025-08-23 3:35:32.210 PM","1.746"
"855","2025-08-23 3:35:32.211 PM","1.746"
"856","2025-08-23 3:35:32.212 PM","1.746"
"857","2025-08-23 3:35:32.213 PM","1.751"
"858","2025-08-23 3:35:32.214 PM","1.858"
"859","2025-08-23 3:35:32.215 PM","1.863"
"860","2025-08-23 3:35:32.216 PM","1.863"
"861","2025-08-23 3:35:32.217 PM","1.858"
"862","2025-08-23 3:35:32.218 PM","1.858"
"863","2025-08-23 3:35:32.219 PM","1.858"
"864","2025-08-23 3:35:32.220 PM","1.858"
"865","2025-08-23 3:35:32.221 PM","1.858"
"866","2025-08-23 3:35:32.222 PM","1.853"
"867","2025-08-23 3:35:32.223 PM","1.853"
"868","2025-08-23 3:35:32.224 PM","1.853"
"869","2025-08-23 3:35:32.225 PM","1.849"
"870","2025-08-23 3:35:32.226 PM","1.858"
"871","2025-08-23 3:35:32.227 PM","1.863"
"872","2025-08-23 3:35:32.228 PM","1.858"
"873","2025-08-23 3:35:32.229 PM","1.858"
"874","2025-08-23 3:35:32.230 PM","1.863"
"875","2025-08-23 3:35:32.231 PM","2.010"
"876","2025-08-23 3:35:32.232 PM","2.010"
"877","2025-08-23 3:35:32.233 PM","2.010"
"878","2025-08-23 3:35:32.234 PM","2.010"
"879","2025-08-23 3:35:32.235 PM","2.010"
"880","2025-08-23 3:35:32.236 PM","2.005"
"881","2025-08-23 3:35:32.237 PM","2.005"
"882","2025-08-23 3:35:32.238 PM","2.010"
"883","2025-08-23 3:35:32.239 PM","2.005"
"884","2025-08-23 3:35:32.240 PM","2.005"
"885","2025-08-23 3:35:32.241 PM","2.005"
"886","2025-08-23 3:35:32.242 PM","2.005"
"887","2025-08-23 3:35:32.243 PM","2.005"
"888","2025-08-23 3:35:32.244 PM","2.005"
"889","2025-08-23 3:35:32.245 PM","2.010"
"890","2025-08-23 3:35:32.246 PM","2.010"
"891","2025-08-23 3:35:32.247 PM","1.751"
"892","2025-08-23 3:35:32.248 PM","1.751"
"893","2025-08-23 3:35:32.249 PM","1.751"
"894","2025-08-23 3:35:32.250 PM","1.751"
"895","2025-08-23 3:35:32.251 PM","1.751"
"896","2025-08-23 3:35:32.252 PM","1.751"
"897","2025-08-23 3:35:32.253 PM","1.746"
"898","2025-08-23 3:35:32.254 PM","1.746"
"899","2025-08-23 3:35:32.255 PM","1.741"
"900","2025-08-23 3:35:32.256 PM","1.741"
"901","2025-08-23 3:35:32.257 PM","1.741"
"902","2025-08-23 3:35:32.258 PM","1.741"
"903","2025-08-23 3:35:32.259 PM","1.751"
"904","2025-08-23 3:35:32.260 PM","1.751"
"905","2025-08-23 3:35:32.261 PM","1.751"
"906","2025-08-23 3:35:32.262 PM","1.746"
"907","2025-08-23 3:35:32.263 PM","1.751"
"908","2025-08-23 3:35:32.264 PM","1.844"
"909","2025-08-23 3:35:32.265 PM","1.839"
"910","2025-08-23 3:35:32.266 PM","1.844"
"911","2025-08-23 3:35:32.267 PM","1.844"
"912","2025-08-23 3:35:32.268 PM","1.844"
"913","2025-08-23 3:35:32.269 PM","1.844"
"914","2025-08-23 3:35:32.270 PM","1.839"
"915","2025-08-23 3:35:32.271 PM","1.844"
"916","2025-08-23 3:35:32.272 PM","1.839"
"917","2025-08-23 3:35:32.273 PM","1.844"
"918","2025-08-23 3:35:32.274 PM","1.839"
"919","2025-08-23 3:35:32.275 PM","1.839"
"920","2025-08-23 3:35:32.276 PM","1.839"
"921","2025-08-23 3:35:32.277 PM","1.844"
"922","2025-08-23 3:35:32.278 PM","1.839"
"923","2025-08-23 3:35:32.279 PM","1.844"
"924","2025-08-23 3:35:32.280 PM","2.010"
"925","2025-08-23 3:35:32.281 PM","2.010"
"926","2025-08-23 3:35:32.282 PM","2.010"
"927","2025-08-23 3:35:32.283 PM","2.010"
