"Device: USB-205"
"Serial Number: 22B4008"
"Channel Count: 1"
"Sample Count: 10794"
"Start Time: 2025-08-23 3:32:34.225 PM"
"Scan Rate: 1000"
"Sample","Date/Time","AI0 (V)"
"0","2025-08-23 3:32:34.225 PM","1.858"
"1","2025-08-23 3:32:34.226 PM","1.858"
"2","2025-08-23 3:32:34.227 PM","1.858"
"3","2025-08-23 3:32:34.228 PM","1.858"
"4","2025-08-23 3:32:34.229 PM","1.858"
"5","2025-08-23 3:32:34.230 PM","1.858"
"6","2025-08-23 3:32:34.231 PM","1.858"
"7","2025-08-23 3:32:34.232 PM","1.785"
"8","2025-08-23 3:32:34.233 PM","1.785"
"9","2025-08-23 3:32:34.234 PM","1.785"
"10","2025-08-23 3:32:34.235 PM","1.785"
"11","2025-08-23 3:32:34.236 PM","1.790"
"12","2025-08-23 3:32:34.237 PM","1.785"
"13","2025-08-23 3:32:34.238 PM","1.785"
"14","2025-08-23 3:32:34.239 PM","1.785"
"15","2025-08-23 3:32:34.240 PM","1.780"
"16","2025-08-23 3:32:34.241 PM","1.780"
"17","2025-08-23 3:32:34.242 PM","1.785"
"18","2025-08-23 3:32:34.243 PM","1.780"
"19","2025-08-23 3:32:34.244 PM","1.780"
"20","2025-08-23 3:32:34.245 PM","1.780"
"21","2025-08-23 3:32:34.246 PM","1.785"
"22","2025-08-23 3:32:34.247 PM","1.785"
"23","2025-08-23 3:32:34.248 PM","1.785"
"24","2025-08-23 3:32:34.249 PM","1.863"
"25","2025-08-23 3:32:34.250 PM","1.858"
"26","2025-08-23 3:32:34.251 PM","1.863"
"27","2025-08-23 3:32:34.252 PM","1.863"
"28","2025-08-23 3:32:34.253 PM","1.858"
"29","2025-08-23 3:32:34.254 PM","1.863"
"30","2025-08-23 3:32:34.255 PM","1.868"
"31","2025-08-23 3:32:34.256 PM","1.858"
"32","2025-08-23 3:32:34.257 PM","1.858"
"33","2025-08-23 3:32:34.258 PM","1.858"
"34","2025-08-23 3:32:34.259 PM","1.858"
"35","2025-08-23 3:32:34.260 PM","1.858"
"36","2025-08-23 3:32:34.261 PM","1.858"
"37","2025-08-23 3:32:34.262 PM","1.858"
"38","2025-08-23 3:32:34.263 PM","1.858"
"39","2025-08-23 3:32:34.264 PM","1.858"
"40","2025-08-23 3:32:34.265 PM","1.785"
"41","2025-08-23 3:32:34.266 PM","1.785"
"42","2025-08-23 3:32:34.267 PM","1.785"
"43","2025-08-23 3:32:34.268 PM","1.785"
"44","2025-08-23 3:32:34.269 PM","1.785"
"45","2025-08-23 3:32:34.270 PM","1.785"
"46","2025-08-23 3:32:34.271 PM","1.785"
"47","2025-08-23 3:32:34.272 PM","1.785"
"48","2025-08-23 3:32:34.273 PM","1.785"
"49","2025-08-23 3:32:34.274 PM","1.780"
"50","2025-08-23 3:32:34.275 PM","1.780"
"51","2025-08-23 3:32:34.276 PM","1.780"
"52","2025-08-23 3:32:34.277 PM","1.780"
"53","2025-08-23 3:32:34.278 PM","1.780"
"54","2025-08-23 3:32:34.279 PM","1.785"
"55","2025-08-23 3:32:34.280 PM","1.785"
"56","2025-08-23 3:32:34.281 PM","1.785"
"57","2025-08-23 3:32:34.282 PM","1.858"
"58","2025-08-23 3:32:34.283 PM","1.863"
"59","2025-08-23 3:32:34.284 PM","1.863"
"60","2025-08-23 3:32:34.285 PM","1.858"
"61","2025-08-23 3:32:34.286 PM","1.863"
"62","2025-08-23 3:32:34.287 PM","1.868"
"63","2025-08-23 3:32:34.288 PM","1.858"
"64","2025-08-23 3:32:34.289 PM","1.858"
"65","2025-08-23 3:32:34.290 PM","1.858"
"66","2025-08-23 3:32:34.291 PM","1.858"
"67","2025-08-23 3:32:34.292 PM","1.858"
"68","2025-08-23 3:32:34.293 PM","1.858"
"69","2025-08-23 3:32:34.294 PM","1.858"
"70","2025-08-23 3:32:34.295 PM","1.858"
"71","2025-08-23 3:32:34.296 PM","1.858"
"72","2025-08-23 3:32:34.297 PM","1.858"
"73","2025-08-23 3:32:34.298 PM","1.785"
"74","2025-08-23 3:32:34.299 PM","1.785"
"75","2025-08-23 3:32:34.300 PM","1.785"
"76","2025-08-23 3:32:34.301 PM","1.785"
"77","2025-08-23 3:32:34.302 PM","1.785"
"78","2025-08-23 3:32:34.303 PM","1.785"
"79","2025-08-23 3:32:34.304 PM","1.780"
"80","2025-08-23 3:32:34.305 PM","1.785"
"81","2025-08-23 3:32:34.306 PM","1.780"
"82","2025-08-23 3:32:34.307 PM","1.785"
"83","2025-08-23 3:32:34.308 PM","1.785"
"84","2025-08-23 3:32:34.309 PM","1.780"
"85","2025-08-23 3:32:34.310 PM","1.780"
"86","2025-08-23 3:32:34.311 PM","1.780"
"87","2025-08-23 3:32:34.312 PM","1.785"
"88","2025-08-23 3:32:34.313 PM","1.785"
"89","2025-08-23 3:32:34.314 PM","1.785"
"90","2025-08-23 3:32:34.315 PM","1.858"
"91","2025-08-23 3:32:34.316 PM","1.858"
"92","2025-08-23 3:32:34.317 PM","1.863"
"93","2025-08-23 3:32:34.318 PM","1.863"
"94","2025-08-23 3:32:34.319 PM","1.858"
"95","2025-08-23 3:32:34.320 PM","1.844"
"96","2025-08-23 3:32:34.321 PM","1.863"
"97","2025-08-23 3:32:34.322 PM","1.858"
"98","2025-08-23 3:32:34.323 PM","1.858"
"99","2025-08-23 3:32:34.324 PM","1.858"
"100","2025-08-23 3:32:34.325 PM","1.858"
"101","2025-08-23 3:32:34.326 PM","1.858"
"102","2025-08-23 3:32:34.327 PM","1.858"
"103","2025-08-23 3:32:34.328 PM","1.858"
"104","2025-08-23 3:32:34.329 PM","1.858"
"105","2025-08-23 3:32:34.330 PM","1.858"
"106","2025-08-23 3:32:34.331 PM","1.785"
"107","2025-08-23 3:32:34.332 PM","1.785"
"108","2025-08-23 3:32:34.333 PM","1.785"
"109","2025-08-23 3:32:34.334 PM","1.790"
"110","2025-08-23 3:32:34.335 PM","1.785"
"111","2025-08-23 3:32:34.336 PM","1.785"
"112","2025-08-23 3:32:34.337 PM","1.780"
"113","2025-08-23 3:32:34.338 PM","1.785"
"114","2025-08-23 3:32:34.339 PM","1.785"
"115","2025-08-23 3:32:34.340 PM","1.780"
"116","2025-08-23 3:32:34.341 PM","1.780"
"117","2025-08-23 3:32:34.342 PM","1.780"
"118","2025-08-23 3:32:34.343 PM","1.780"
"119","2025-08-23 3:32:34.344 PM","1.780"
"120","2025-08-23 3:32:34.345 PM","1.785"
"121","2025-08-23 3:32:34.346 PM","1.785"
"122","2025-08-23 3:32:34.347 PM","1.785"
"123","2025-08-23 3:32:34.348 PM","1.858"
"124","2025-08-23 3:32:34.349 PM","1.863"
"125","2025-08-23 3:32:34.350 PM","1.863"
"126","2025-08-23 3:32:34.351 PM","1.863"
"127","2025-08-23 3:32:34.352 PM","1.858"
"128","2025-08-23 3:32:34.353 PM","1.858"
"129","2025-08-23 3:32:34.354 PM","1.858"
"130","2025-08-23 3:32:34.355 PM","1.858"
"131","2025-08-23 3:32:34.356 PM","1.858"
"132","2025-08-23 3:32:34.357 PM","1.858"
"133","2025-08-23 3:32:34.358 PM","1.858"
"134","2025-08-23 3:32:34.359 PM","1.858"
"135","2025-08-23 3:32:34.360 PM","1.858"
"136","2025-08-23 3:32:34.361 PM","1.858"
"137","2025-08-23 3:32:34.362 PM","1.858"
"138","2025-08-23 3:32:34.363 PM","1.858"
"139","2025-08-23 3:32:34.364 PM","1.785"
"140","2025-08-23 3:32:34.365 PM","1.785"
"141","2025-08-23 3:32:34.366 PM","1.785"
"142","2025-08-23 3:32:34.367 PM","1.785"
"143","2025-08-23 3:32:34.368 PM","1.785"
"144","2025-08-23 3:32:34.369 PM","1.785"
"145","2025-08-23 3:32:34.370 PM","1.780"
"146","2025-08-23 3:32:34.371 PM","1.780"
"147","2025-08-23 3:32:34.372 PM","1.785"
"148","2025-08-23 3:32:34.373 PM","1.780"
"149","2025-08-23 3:32:34.374 PM","1.780"
"150","2025-08-23 3:32:34.375 PM","1.780"
"151","2025-08-23 3:32:34.376 PM","1.780"
"152","2025-08-23 3:32:34.377 PM","1.775"
"153","2025-08-23 3:32:34.378 PM","1.785"
"154","2025-08-23 3:32:34.379 PM","1.785"
"155","2025-08-23 3:32:34.380 PM","1.785"
"156","2025-08-23 3:32:34.381 PM","1.863"
"157","2025-08-23 3:32:34.382 PM","1.858"
"158","2025-08-23 3:32:34.383 PM","1.858"
"159","2025-08-23 3:32:34.384 PM","1.858"
"160","2025-08-23 3:32:34.385 PM","1.863"
"161","2025-08-23 3:32:34.386 PM","1.863"
"162","2025-08-23 3:32:34.387 PM","1.858"
"163","2025-08-23 3:32:34.388 PM","1.858"
"164","2025-08-23 3:32:34.389 PM","1.858"
"165","2025-08-23 3:32:34.390 PM","1.858"
"166","2025-08-23 3:32:34.391 PM","1.858"
"167","2025-08-23 3:32:34.392 PM","1.858"
"168","2025-08-23 3:32:34.393 PM","1.858"
"169","2025-08-23 3:32:34.394 PM","1.858"
"170","2025-08-23 3:32:34.395 PM","1.858"
"171","2025-08-23 3:32:34.396 PM","1.858"
"172","2025-08-23 3:32:34.397 PM","1.785"
"173","2025-08-23 3:32:34.398 PM","1.785"
"174","2025-08-23 3:32:34.399 PM","1.785"
"175","2025-08-23 3:32:34.400 PM","1.785"
"176","2025-08-23 3:32:34.401 PM","1.785"
"177","2025-08-23 3:32:34.402 PM","1.785"
"178","2025-08-23 3:32:34.403 PM","1.785"
"179","2025-08-23 3:32:34.404 PM","1.780"
"180","2025-08-23 3:32:34.405 PM","1.785"
"181","2025-08-23 3:32:34.406 PM","1.780"
"182","2025-08-23 3:32:34.407 PM","1.780"
"183","2025-08-23 3:32:34.408 PM","1.780"
"184","2025-08-23 3:32:34.409 PM","1.780"
"185","2025-08-23 3:32:34.410 PM","1.780"
"186","2025-08-23 3:32:34.411 PM","1.785"
"187","2025-08-23 3:32:34.412 PM","1.785"
"188","2025-08-23 3:32:34.413 PM","1.785"
"189","2025-08-23 3:32:34.414 PM","1.844"
"190","2025-08-23 3:32:34.415 PM","1.844"
"191","2025-08-23 3:32:34.416 PM","1.844"
"192","2025-08-23 3:32:34.417 PM","1.844"
"193","2025-08-23 3:32:34.418 PM","1.844"
"194","2025-08-23 3:32:34.419 PM","1.844"
"195","2025-08-23 3:32:34.420 PM","1.844"
"196","2025-08-23 3:32:34.421 PM","1.844"
"197","2025-08-23 3:32:34.422 PM","1.839"
"198","2025-08-23 3:32:34.423 PM","1.839"
"199","2025-08-23 3:32:34.424 PM","1.839"
"200","2025-08-23 3:32:34.425 PM","1.839"
"201","2025-08-23 3:32:34.426 PM","1.844"
"202","2025-08-23 3:32:34.427 PM","1.839"
"203","2025-08-23 3:32:34.428 PM","1.839"
"204","2025-08-23 3:32:34.429 PM","1.844"
"205","2025-08-23 3:32:34.430 PM","1.790"
"206","2025-08-23 3:32:34.431 PM","1.785"
"207","2025-08-23 3:32:34.432 PM","1.785"
"208","2025-08-23 3:32:34.433 PM","1.785"
"209","2025-08-23 3:32:34.434 PM","1.785"
"210","2025-08-23 3:32:34.435 PM","1.785"
"211","2025-08-23 3:32:34.436 PM","1.785"
"212","2025-08-23 3:32:34.437 PM","1.780"
"213","2025-08-23 3:32:34.438 PM","1.780"
"214","2025-08-23 3:32:34.439 PM","1.785"
"215","2025-08-23 3:32:34.440 PM","1.780"
"216","2025-08-23 3:32:34.441 PM","1.780"
"217","2025-08-23 3:32:34.442 PM","1.780"
"218","2025-08-23 3:32:34.443 PM","1.780"
"219","2025-08-23 3:32:34.444 PM","1.785"
"220","2025-08-23 3:32:34.445 PM","1.785"
"221","2025-08-23 3:32:34.446 PM","1.785"
"222","2025-08-23 3:32:34.447 PM","1.844"
"223","2025-08-23 3:32:34.448 PM","1.844"
"224","2025-08-23 3:32:34.449 PM","1.844"
"225","2025-08-23 3:32:34.450 PM","1.844"
"226","2025-08-23 3:32:34.451 PM","1.844"
"227","2025-08-23 3:32:34.452 PM","1.844"
"228","2025-08-23 3:32:34.453 PM","1.844"
"229","2025-08-23 3:32:34.454 PM","1.844"
"230","2025-08-23 3:32:34.455 PM","1.844"
"231","2025-08-23 3:32:34.456 PM","1.844"
"232","2025-08-23 3:32:34.457 PM","1.839"
"233","2025-08-23 3:32:34.458 PM","1.839"
"234","2025-08-23 3:32:34.459 PM","1.844"
"235","2025-08-23 3:32:34.460 PM","1.839"
"236","2025-08-23 3:32:34.461 PM","1.839"
"237","2025-08-23 3:32:34.462 PM","1.844"
"238","2025-08-23 3:32:34.463 PM","1.785"
"239","2025-08-23 3:32:34.464 PM","1.785"
"240","2025-08-23 3:32:34.465 PM","1.785"
"241","2025-08-23 3:32:34.466 PM","1.785"
"242","2025-08-23 3:32:34.467 PM","1.785"
"243","2025-08-23 3:32:34.468 PM","1.790"
"244","2025-08-23 3:32:34.469 PM","1.780"
"245","2025-08-23 3:32:34.470 PM","1.780"
"246","2025-08-23 3:32:34.471 PM","1.780"
"247","2025-08-23 3:32:34.472 PM","1.780"
"248","2025-08-23 3:32:34.473 PM","1.780"
"249","2025-08-23 3:32:34.474 PM","1.780"
"250","2025-08-23 3:32:34.475 PM","1.780"
"251","2025-08-23 3:32:34.476 PM","1.775"
"252","2025-08-23 3:32:34.477 PM","1.785"
"253","2025-08-23 3:32:34.478 PM","1.785"
"254","2025-08-23 3:32:34.479 PM","1.785"
"255","2025-08-23 3:32:34.480 PM","1.844"
"256","2025-08-23 3:32:34.481 PM","1.844"
"257","2025-08-23 3:32:34.482 PM","1.844"
"258","2025-08-23 3:32:34.483 PM","1.844"
"259","2025-08-23 3:32:34.484 PM","1.844"
"260","2025-08-23 3:32:34.485 PM","1.844"
"261","2025-08-23 3:32:34.486 PM","1.844"
"262","2025-08-23 3:32:34.487 PM","1.844"
"263","2025-08-23 3:32:34.488 PM","1.844"
"264","2025-08-23 3:32:34.489 PM","1.844"
"265","2025-08-23 3:32:34.490 PM","1.839"
"266","2025-08-23 3:32:34.491 PM","1.844"
"267","2025-08-23 3:32:34.492 PM","1.839"
"268","2025-08-23 3:32:34.493 PM","1.839"
"269","2025-08-23 3:32:34.494 PM","1.844"
"270","2025-08-23 3:32:34.495 PM","1.844"
"271","2025-08-23 3:32:34.496 PM","1.785"
"272","2025-08-23 3:32:34.497 PM","1.785"
"273","2025-08-23 3:32:34.498 PM","1.785"
"274","2025-08-23 3:32:34.499 PM","1.785"
"275","2025-08-23 3:32:34.500 PM","1.785"
"276","2025-08-23 3:32:34.501 PM","1.785"
"277","2025-08-23 3:32:34.502 PM","1.780"
"278","2025-08-23 3:32:34.503 PM","1.780"
"279","2025-08-23 3:32:34.504 PM","1.780"
"280","2025-08-23 3:32:34.505 PM","1.780"
"281","2025-08-23 3:32:34.506 PM","1.780"
"282","2025-08-23 3:32:34.507 PM","1.775"
"283","2025-08-23 3:32:34.508 PM","1.775"
"284","2025-08-23 3:32:34.509 PM","1.775"
"285","2025-08-23 3:32:34.510 PM","1.780"
"286","2025-08-23 3:32:34.511 PM","1.785"
"287","2025-08-23 3:32:34.512 PM","1.785"
"288","2025-08-23 3:32:34.513 PM","1.844"
"289","2025-08-23 3:32:34.514 PM","1.844"
"290","2025-08-23 3:32:34.515 PM","1.844"
"291","2025-08-23 3:32:34.516 PM","1.844"
"292","2025-08-23 3:32:34.517 PM","1.844"
"293","2025-08-23 3:32:34.518 PM","1.844"
"294","2025-08-23 3:32:34.519 PM","1.844"
"295","2025-08-23 3:32:34.520 PM","1.839"
"296","2025-08-23 3:32:34.521 PM","1.844"
"297","2025-08-23 3:32:34.522 PM","1.839"
"298","2025-08-23 3:32:34.523 PM","1.839"
"299","2025-08-23 3:32:34.524 PM","1.844"
"300","2025-08-23 3:32:34.525 PM","1.839"
"301","2025-08-23 3:32:34.526 PM","1.839"
"302","2025-08-23 3:32:34.527 PM","1.844"
"303","2025-08-23 3:32:34.528 PM","1.844"
"304","2025-08-23 3:32:34.529 PM","1.785"
"305","2025-08-23 3:32:34.530 PM","1.785"
"306","2025-08-23 3:32:34.531 PM","1.785"
"307","2025-08-23 3:32:34.532 PM","1.785"
"308","2025-08-23 3:32:34.533 PM","1.790"
"309","2025-08-23 3:32:34.534 PM","1.785"
"310","2025-08-23 3:32:34.535 PM","1.780"
"311","2025-08-23 3:32:34.536 PM","1.780"
"312","2025-08-23 3:32:34.537 PM","1.780"
"313","2025-08-23 3:32:34.538 PM","1.780"
"314","2025-08-23 3:32:34.539 PM","1.780"
"315","2025-08-23 3:32:34.540 PM","1.780"
"316","2025-08-23 3:32:34.541 PM","1.780"
"317","2025-08-23 3:32:34.542 PM","1.775"
"318","2025-08-23 3:32:34.543 PM","1.785"
"319","2025-08-23 3:32:34.544 PM","1.785"
"320","2025-08-23 3:32:34.545 PM","1.785"
"321","2025-08-23 3:32:34.546 PM","1.844"
"322","2025-08-23 3:32:34.547 PM","1.844"
"323","2025-08-23 3:32:34.548 PM","1.844"
"324","2025-08-23 3:32:34.549 PM","1.844"
"325","2025-08-23 3:32:34.550 PM","1.844"
"326","2025-08-23 3:32:34.551 PM","1.844"
"327","2025-08-23 3:32:34.552 PM","1.844"
"328","2025-08-23 3:32:34.553 PM","1.844"
"329","2025-08-23 3:32:34.554 PM","1.844"
"330","2025-08-23 3:32:34.555 PM","1.839"
"331","2025-08-23 3:32:34.556 PM","1.839"
"332","2025-08-23 3:32:34.557 PM","1.839"
"333","2025-08-23 3:32:34.558 PM","1.844"
"334","2025-08-23 3:32:34.559 PM","1.844"
"335","2025-08-23 3:32:34.560 PM","1.839"
"336","2025-08-23 3:32:34.561 PM","1.844"
"337","2025-08-23 3:32:34.562 PM","1.785"
"338","2025-08-23 3:32:34.563 PM","1.785"
"339","2025-08-23 3:32:34.564 PM","1.785"
"340","2025-08-23 3:32:34.565 PM","1.785"
"341","2025-08-23 3:32:34.566 PM","1.785"
"342","2025-08-23 3:32:34.567 PM","1.785"
"343","2025-08-23 3:32:34.568 PM","1.780"
"344","2025-08-23 3:32:34.569 PM","1.780"
"345","2025-08-23 3:32:34.570 PM","1.780"
"346","2025-08-23 3:32:34.571 PM","1.780"
"347","2025-08-23 3:32:34.572 PM","1.775"
"348","2025-08-23 3:32:34.573 PM","1.775"
"349","2025-08-23 3:32:34.574 PM","1.775"
"350","2025-08-23 3:32:34.575 PM","1.775"
"351","2025-08-23 3:32:34.576 PM","1.785"
"352","2025-08-23 3:32:34.577 PM","1.785"
"353","2025-08-23 3:32:34.578 PM","1.785"
"354","2025-08-23 3:32:34.579 PM","1.844"
"355","2025-08-23 3:32:34.580 PM","1.844"
"356","2025-08-23 3:32:34.581 PM","1.844"
"357","2025-08-23 3:32:34.582 PM","1.844"
"358","2025-08-23 3:32:34.583 PM","1.844"
"359","2025-08-23 3:32:34.584 PM","1.844"
"360","2025-08-23 3:32:34.585 PM","1.844"
"361","2025-08-23 3:32:34.586 PM","1.844"
"362","2025-08-23 3:32:34.587 PM","1.844"
"363","2025-08-23 3:32:34.588 PM","1.839"
"364","2025-08-23 3:32:34.589 PM","1.844"
"365","2025-08-23 3:32:34.590 PM","1.844"
"366","2025-08-23 3:32:34.591 PM","1.839"
"367","2025-08-23 3:32:34.592 PM","1.839"
"368","2025-08-23 3:32:34.593 PM","1.844"
"369","2025-08-23 3:32:34.594 PM","1.839"
"370","2025-08-23 3:32:34.595 PM","1.805"
"371","2025-08-23 3:32:34.596 PM","1.805"
"372","2025-08-23 3:32:34.597 PM","1.805"
"373","2025-08-23 3:32:34.598 PM","1.800"
"374","2025-08-23 3:32:34.599 PM","1.805"
"375","2025-08-23 3:32:34.600 PM","1.805"
"376","2025-08-23 3:32:34.601 PM","1.800"
"377","2025-08-23 3:32:34.602 PM","1.800"
"378","2025-08-23 3:32:34.603 PM","1.795"
"379","2025-08-23 3:32:34.604 PM","1.795"
"380","2025-08-23 3:32:34.605 PM","1.795"
"381","2025-08-23 3:32:34.606 PM","1.795"
"382","2025-08-23 3:32:34.607 PM","1.795"
"383","2025-08-23 3:32:34.608 PM","1.805"
"384","2025-08-23 3:32:34.609 PM","1.800"
"385","2025-08-23 3:32:34.610 PM","1.805"
"386","2025-08-23 3:32:34.611 PM","1.805"
"387","2025-08-23 3:32:34.612 PM","1.844"
"388","2025-08-23 3:32:34.613 PM","1.844"
"389","2025-08-23 3:32:34.614 PM","1.844"
"390","2025-08-23 3:32:34.615 PM","1.844"
"391","2025-08-23 3:32:34.616 PM","1.844"
"392","2025-08-23 3:32:34.617 PM","1.844"
"393","2025-08-23 3:32:34.618 PM","1.844"
"394","2025-08-23 3:32:34.619 PM","1.844"
"395","2025-08-23 3:32:34.620 PM","1.839"
"396","2025-08-23 3:32:34.621 PM","1.839"
"397","2025-08-23 3:32:34.622 PM","1.839"
"398","2025-08-23 3:32:34.623 PM","1.839"
"399","2025-08-23 3:32:34.624 PM","1.839"
"400","2025-08-23 3:32:34.625 PM","1.839"
"401","2025-08-23 3:32:34.626 PM","1.844"
"402","2025-08-23 3:32:34.627 PM","1.844"
"403","2025-08-23 3:32:34.628 PM","1.805"
"404","2025-08-23 3:32:34.629 PM","1.805"
"405","2025-08-23 3:32:34.630 PM","1.800"
"406","2025-08-23 3:32:34.631 PM","1.805"
"407","2025-08-23 3:32:34.632 PM","1.805"
"408","2025-08-23 3:32:34.633 PM","1.805"
"409","2025-08-23 3:32:34.634 PM","1.800"
"410","2025-08-23 3:32:34.635 PM","1.800"
"411","2025-08-23 3:32:34.636 PM","1.800"
"412","2025-08-23 3:32:34.637 PM","1.795"
"413","2025-08-23 3:32:34.638 PM","1.795"
"414","2025-08-23 3:32:34.639 PM","1.790"
"415","2025-08-23 3:32:34.640 PM","1.800"
"416","2025-08-23 3:32:34.641 PM","1.805"
"417","2025-08-23 3:32:34.642 PM","1.800"
"418","2025-08-23 3:32:34.643 PM","1.800"
"419","2025-08-23 3:32:34.644 PM","1.800"
"420","2025-08-23 3:32:34.645 PM","1.844"
"421","2025-08-23 3:32:34.646 PM","1.844"
"422","2025-08-23 3:32:34.647 PM","1.844"
"423","2025-08-23 3:32:34.648 PM","1.839"
"424","2025-08-23 3:32:34.649 PM","1.844"
"425","2025-08-23 3:32:34.650 PM","1.844"
"426","2025-08-23 3:32:34.651 PM","1.844"
"427","2025-08-23 3:32:34.652 PM","1.844"
"428","2025-08-23 3:32:34.653 PM","1.839"
"429","2025-08-23 3:32:34.654 PM","1.844"
"430","2025-08-23 3:32:34.655 PM","1.839"
"431","2025-08-23 3:32:34.656 PM","1.844"
"432","2025-08-23 3:32:34.657 PM","1.839"
"433","2025-08-23 3:32:34.658 PM","1.839"
"434","2025-08-23 3:32:34.659 PM","1.839"
"435","2025-08-23 3:32:34.660 PM","1.844"
"436","2025-08-23 3:32:34.661 PM","1.805"
"437","2025-08-23 3:32:34.662 PM","1.805"
"438","2025-08-23 3:32:34.663 PM","1.805"
"439","2025-08-23 3:32:34.664 PM","1.800"
"440","2025-08-23 3:32:34.665 PM","1.805"
"441","2025-08-23 3:32:34.666 PM","1.805"
"442","2025-08-23 3:32:34.667 PM","1.800"
"443","2025-08-23 3:32:34.668 PM","1.800"
"444","2025-08-23 3:32:34.669 PM","1.795"
"445","2025-08-23 3:32:34.670 PM","1.795"
"446","2025-08-23 3:32:34.671 PM","1.795"
"447","2025-08-23 3:32:34.672 PM","1.790"
"448","2025-08-23 3:32:34.673 PM","1.805"
"449","2025-08-23 3:32:34.674 PM","1.805"
"450","2025-08-23 3:32:34.675 PM","1.800"
"451","2025-08-23 3:32:34.676 PM","1.800"
"452","2025-08-23 3:32:34.677 PM","1.800"
"453","2025-08-23 3:32:34.678 PM","1.844"
"454","2025-08-23 3:32:34.679 PM","1.844"
"455","2025-08-23 3:32:34.680 PM","1.844"
"456","2025-08-23 3:32:34.681 PM","1.844"
"457","2025-08-23 3:32:34.682 PM","1.844"
"458","2025-08-23 3:32:34.683 PM","1.844"
"459","2025-08-23 3:32:34.684 PM","1.844"
"460","2025-08-23 3:32:34.685 PM","1.844"
"461","2025-08-23 3:32:34.686 PM","1.844"
"462","2025-08-23 3:32:34.687 PM","1.839"
"463","2025-08-23 3:32:34.688 PM","1.839"
"464","2025-08-23 3:32:34.689 PM","1.839"
"465","2025-08-23 3:32:34.690 PM","1.839"
"466","2025-08-23 3:32:34.691 PM","1.839"
"467","2025-08-23 3:32:34.692 PM","1.839"
"468","2025-08-23 3:32:34.693 PM","1.844"
"469","2025-08-23 3:32:34.694 PM","1.805"
"470","2025-08-23 3:32:34.695 PM","1.805"
"471","2025-08-23 3:32:34.696 PM","1.805"
"472","2025-08-23 3:32:34.697 PM","1.805"
"473","2025-08-23 3:32:34.698 PM","1.805"
"474","2025-08-23 3:32:34.699 PM","1.805"
"475","2025-08-23 3:32:34.700 PM","1.800"
"476","2025-08-23 3:32:34.701 PM","1.800"
"477","2025-08-23 3:32:34.702 PM","1.795"
"478","2025-08-23 3:32:34.703 PM","1.795"
"479","2025-08-23 3:32:34.704 PM","1.790"
"480","2025-08-23 3:32:34.705 PM","1.805"
"481","2025-08-23 3:32:34.706 PM","1.805"
"482","2025-08-23 3:32:34.707 PM","1.805"
"483","2025-08-23 3:32:34.708 PM","1.805"
"484","2025-08-23 3:32:34.709 PM","1.805"
"485","2025-08-23 3:32:34.710 PM","1.805"
"486","2025-08-23 3:32:34.711 PM","1.819"
"487","2025-08-23 3:32:34.712 PM","1.819"
"488","2025-08-23 3:32:34.713 PM","1.819"
"489","2025-08-23 3:32:34.714 PM","1.829"
"490","2025-08-23 3:32:34.715 PM","1.819"
"491","2025-08-23 3:32:34.716 PM","1.819"
"492","2025-08-23 3:32:34.717 PM","1.819"
"493","2025-08-23 3:32:34.718 PM","1.819"
"494","2025-08-23 3:32:34.719 PM","1.819"
"495","2025-08-23 3:32:34.720 PM","1.819"
"496","2025-08-23 3:32:34.721 PM","1.819"
"497","2025-08-23 3:32:34.722 PM","1.814"
"498","2025-08-23 3:32:34.723 PM","1.819"
"499","2025-08-23 3:32:34.724 PM","1.814"
"500","2025-08-23 3:32:34.725 PM","1.819"
"501","2025-08-23 3:32:34.726 PM","1.819"
"502","2025-08-23 3:32:34.727 PM","1.805"
"503","2025-08-23 3:32:34.728 PM","1.800"
"504","2025-08-23 3:32:34.729 PM","1.805"
"505","2025-08-23 3:32:34.730 PM","1.805"
"506","2025-08-23 3:32:34.731 PM","1.805"
"507","2025-08-23 3:32:34.732 PM","1.805"
"508","2025-08-23 3:32:34.733 PM","1.800"
"509","2025-08-23 3:32:34.734 PM","1.795"
"510","2025-08-23 3:32:34.735 PM","1.800"
"511","2025-08-23 3:32:34.736 PM","1.795"
"512","2025-08-23 3:32:34.737 PM","1.805"
"513","2025-08-23 3:32:34.738 PM","1.805"
"514","2025-08-23 3:32:34.739 PM","1.805"
"515","2025-08-23 3:32:34.740 PM","1.810"
"516","2025-08-23 3:32:34.741 PM","1.800"
"517","2025-08-23 3:32:34.742 PM","1.805"
"518","2025-08-23 3:32:34.743 PM","1.810"
"519","2025-08-23 3:32:34.744 PM","1.819"
"520","2025-08-23 3:32:34.745 PM","1.819"
"521","2025-08-23 3:32:34.746 PM","1.819"
"522","2025-08-23 3:32:34.747 PM","1.819"
"523","2025-08-23 3:32:34.748 PM","1.819"
"524","2025-08-23 3:32:34.749 PM","1.819"
"525","2025-08-23 3:32:34.750 PM","1.819"
"526","2025-08-23 3:32:34.751 PM","1.819"
"527","2025-08-23 3:32:34.752 PM","1.819"
"528","2025-08-23 3:32:34.753 PM","1.819"
"529","2025-08-23 3:32:34.754 PM","1.819"
"530","2025-08-23 3:32:34.755 PM","1.819"
"531","2025-08-23 3:32:34.756 PM","1.819"
"532","2025-08-23 3:32:34.757 PM","1.814"
"533","2025-08-23 3:32:34.758 PM","1.819"
"534","2025-08-23 3:32:34.759 PM","1.819"
"535","2025-08-23 3:32:34.760 PM","1.800"
"536","2025-08-23 3:32:34.761 PM","1.800"
"537","2025-08-23 3:32:34.762 PM","1.805"
"538","2025-08-23 3:32:34.763 PM","1.805"
"539","2025-08-23 3:32:34.764 PM","1.805"
"540","2025-08-23 3:32:34.765 PM","1.800"
"541","2025-08-23 3:32:34.766 PM","1.800"
"542","2025-08-23 3:32:34.767 PM","1.800"
"543","2025-08-23 3:32:34.768 PM","1.795"
"544","2025-08-23 3:32:34.769 PM","1.795"
"545","2025-08-23 3:32:34.770 PM","1.805"
"546","2025-08-23 3:32:34.771 PM","1.805"
"547","2025-08-23 3:32:34.772 PM","1.810"
"548","2025-08-23 3:32:34.773 PM","1.810"
"549","2025-08-23 3:32:34.774 PM","1.800"
"550","2025-08-23 3:32:34.775 PM","1.800"
"551","2025-08-23 3:32:34.776 PM","1.800"
"552","2025-08-23 3:32:34.777 PM","1.819"
"553","2025-08-23 3:32:34.778 PM","1.819"
"554","2025-08-23 3:32:34.779 PM","1.819"
"555","2025-08-23 3:32:34.780 PM","1.819"
"556","2025-08-23 3:32:34.781 PM","1.819"
"557","2025-08-23 3:32:34.782 PM","1.819"
"558","2025-08-23 3:32:34.783 PM","1.819"
"559","2025-08-23 3:32:34.784 PM","1.819"
"560","2025-08-23 3:32:34.785 PM","1.819"
"561","2025-08-23 3:32:34.786 PM","1.819"
"562","2025-08-23 3:32:34.787 PM","1.814"
"563","2025-08-23 3:32:34.788 PM","1.819"
"564","2025-08-23 3:32:34.789 PM","1.819"
"565","2025-08-23 3:32:34.790 PM","1.819"
"566","2025-08-23 3:32:34.791 PM","1.819"
"567","2025-08-23 3:32:34.792 PM","1.819"
"568","2025-08-23 3:32:34.793 PM","1.800"
"569","2025-08-23 3:32:34.794 PM","1.805"
"570","2025-08-23 3:32:34.795 PM","1.805"
"571","2025-08-23 3:32:34.796 PM","1.805"
"572","2025-08-23 3:32:34.797 PM","1.800"
"573","2025-08-23 3:32:34.798 PM","1.805"
"574","2025-08-23 3:32:34.799 PM","1.795"
"575","2025-08-23 3:32:34.800 PM","1.795"
"576","2025-08-23 3:32:34.801 PM","1.795"
"577","2025-08-23 3:32:34.802 PM","1.805"
"578","2025-08-23 3:32:34.803 PM","1.805"
"579","2025-08-23 3:32:34.804 PM","1.810"
"580","2025-08-23 3:32:34.805 PM","1.810"
"581","2025-08-23 3:32:34.806 PM","1.800"
"582","2025-08-23 3:32:34.807 PM","1.800"
"583","2025-08-23 3:32:34.808 PM","1.800"
"584","2025-08-23 3:32:34.809 PM","1.805"
"585","2025-08-23 3:32:34.810 PM","1.819"
"586","2025-08-23 3:32:34.811 PM","1.829"
"587","2025-08-23 3:32:34.812 PM","1.819"
"588","2025-08-23 3:32:34.813 PM","1.819"
"589","2025-08-23 3:32:34.814 PM","1.819"
"590","2025-08-23 3:32:34.815 PM","1.829"
"591","2025-08-23 3:32:34.816 PM","1.819"
"592","2025-08-23 3:32:34.817 PM","1.819"
"593","2025-08-23 3:32:34.818 PM","1.819"
"594","2025-08-23 3:32:34.819 PM","1.819"
"595","2025-08-23 3:32:34.820 PM","1.814"
"596","2025-08-23 3:32:34.821 PM","1.814"
"597","2025-08-23 3:32:34.822 PM","1.814"
"598","2025-08-23 3:32:34.823 PM","1.814"
"599","2025-08-23 3:32:34.824 PM","1.819"
"600","2025-08-23 3:32:34.825 PM","1.819"
"601","2025-08-23 3:32:34.826 PM","1.805"
"602","2025-08-23 3:32:34.827 PM","1.805"
"603","2025-08-23 3:32:34.828 PM","1.800"
"604","2025-08-23 3:32:34.829 PM","1.805"
"605","2025-08-23 3:32:34.830 PM","1.805"
"606","2025-08-23 3:32:34.831 PM","1.800"
"607","2025-08-23 3:32:34.832 PM","1.800"
"608","2025-08-23 3:32:34.833 PM","1.790"
"609","2025-08-23 3:32:34.834 PM","1.805"
"610","2025-08-23 3:32:34.835 PM","1.805"
"611","2025-08-23 3:32:34.836 PM","1.805"
"612","2025-08-23 3:32:34.837 PM","1.810"
"613","2025-08-23 3:32:34.838 PM","1.800"
"614","2025-08-23 3:32:34.839 PM","1.800"
"615","2025-08-23 3:32:34.840 PM","1.805"
"616","2025-08-23 3:32:34.841 PM","1.805"
"617","2025-08-23 3:32:34.842 PM","1.805"
"618","2025-08-23 3:32:34.843 PM","1.819"
"619","2025-08-23 3:32:34.844 PM","1.819"
"620","2025-08-23 3:32:34.845 PM","1.819"
"621","2025-08-23 3:32:34.846 PM","1.829"
"622","2025-08-23 3:32:34.847 PM","1.829"
"623","2025-08-23 3:32:34.848 PM","1.819"
"624","2025-08-23 3:32:34.849 PM","1.819"
"625","2025-08-23 3:32:34.850 PM","1.814"
"626","2025-08-23 3:32:34.851 PM","1.819"
"627","2025-08-23 3:32:34.852 PM","1.819"
"628","2025-08-23 3:32:34.853 PM","1.819"
"629","2025-08-23 3:32:34.854 PM","1.814"
"630","2025-08-23 3:32:34.855 PM","1.814"
"631","2025-08-23 3:32:34.856 PM","1.819"
"632","2025-08-23 3:32:34.857 PM","1.819"
"633","2025-08-23 3:32:34.858 PM","1.819"
"634","2025-08-23 3:32:34.859 PM","1.819"
"635","2025-08-23 3:32:34.860 PM","1.819"
"636","2025-08-23 3:32:34.861 PM","1.819"
"637","2025-08-23 3:32:34.862 PM","1.819"
"638","2025-08-23 3:32:34.863 PM","1.819"
"639","2025-08-23 3:32:34.864 PM","1.829"
"640","2025-08-23 3:32:34.865 PM","1.810"
"641","2025-08-23 3:32:34.866 PM","1.814"
"642","2025-08-23 3:32:34.867 PM","1.829"
"643","2025-08-23 3:32:34.868 PM","1.829"
"644","2025-08-23 3:32:34.869 PM","1.829"
"645","2025-08-23 3:32:34.870 PM","1.829"
"646","2025-08-23 3:32:34.871 PM","1.819"
"647","2025-08-23 3:32:34.872 PM","1.819"
"648","2025-08-23 3:32:34.873 PM","1.819"
"649","2025-08-23 3:32:34.874 PM","1.819"
"650","2025-08-23 3:32:34.875 PM","1.819"
"651","2025-08-23 3:32:34.876 PM","1.819"
"652","2025-08-23 3:32:34.877 PM","1.819"
"653","2025-08-23 3:32:34.878 PM","1.819"
"654","2025-08-23 3:32:34.879 PM","1.819"
"655","2025-08-23 3:32:34.880 PM","1.819"
"656","2025-08-23 3:32:34.881 PM","1.819"
"657","2025-08-23 3:32:34.882 PM","1.819"
"658","2025-08-23 3:32:34.883 PM","1.819"
"659","2025-08-23 3:32:34.884 PM","1.819"
"660","2025-08-23 3:32:34.885 PM","1.814"
"661","2025-08-23 3:32:34.886 PM","1.819"
"662","2025-08-23 3:32:34.887 PM","1.819"
"663","2025-08-23 3:32:34.888 PM","1.819"
"664","2025-08-23 3:32:34.889 PM","1.814"
"665","2025-08-23 3:32:34.890 PM","1.819"
"666","2025-08-23 3:32:34.891 PM","1.819"
"667","2025-08-23 3:32:34.892 PM","1.819"
"668","2025-08-23 3:32:34.893 PM","1.819"
"669","2025-08-23 3:32:34.894 PM","1.819"
"670","2025-08-23 3:32:34.895 PM","1.819"
"671","2025-08-23 3:32:34.896 PM","1.819"
"672","2025-08-23 3:32:34.897 PM","1.829"
"673","2025-08-23 3:32:34.898 PM","1.810"
"674","2025-08-23 3:32:34.899 PM","1.819"
"675","2025-08-23 3:32:34.900 PM","1.829"
"676","2025-08-23 3:32:34.901 PM","1.829"
"677","2025-08-23 3:32:34.902 PM","1.834"
"678","2025-08-23 3:32:34.903 PM","1.819"
"679","2025-08-23 3:32:34.904 PM","1.814"
"680","2025-08-23 3:32:34.905 PM","1.819"
"681","2025-08-23 3:32:34.906 PM","1.819"
"682","2025-08-23 3:32:34.907 PM","1.819"
"683","2025-08-23 3:32:34.908 PM","1.819"
"684","2025-08-23 3:32:34.909 PM","1.819"
"685","2025-08-23 3:32:34.910 PM","1.819"
"686","2025-08-23 3:32:34.911 PM","1.819"
"687","2025-08-23 3:32:34.912 PM","1.829"
"688","2025-08-23 3:32:34.913 PM","1.819"
"689","2025-08-23 3:32:34.914 PM","1.819"
"690","2025-08-23 3:32:34.915 PM","1.814"
"691","2025-08-23 3:32:34.916 PM","1.819"
"692","2025-08-23 3:32:34.917 PM","1.819"
"693","2025-08-23 3:32:34.918 PM","1.819"
"694","2025-08-23 3:32:34.919 PM","1.814"
"695","2025-08-23 3:32:34.920 PM","1.814"
"696","2025-08-23 3:32:34.921 PM","1.814"
"697","2025-08-23 3:32:34.922 PM","1.814"
"698","2025-08-23 3:32:34.923 PM","1.819"
"699","2025-08-23 3:32:34.924 PM","1.819"
"700","2025-08-23 3:32:34.925 PM","1.819"
"701","2025-08-23 3:32:34.926 PM","1.819"
"702","2025-08-23 3:32:34.927 PM","1.819"
"703","2025-08-23 3:32:34.928 PM","1.819"
"704","2025-08-23 3:32:34.929 PM","1.819"
"705","2025-08-23 3:32:34.930 PM","1.819"
"706","2025-08-23 3:32:34.931 PM","1.829"
"707","2025-08-23 3:32:34.932 PM","1.829"
"708","2025-08-23 3:32:34.933 PM","1.829"
"709","2025-08-23 3:32:34.934 PM","1.829"
"710","2025-08-23 3:32:34.935 PM","1.819"
"711","2025-08-23 3:32:34.936 PM","1.819"
"712","2025-08-23 3:32:34.937 PM","1.819"
"713","2025-08-23 3:32:34.938 PM","1.819"
"714","2025-08-23 3:32:34.939 PM","1.819"
"715","2025-08-23 3:32:34.940 PM","1.819"
"716","2025-08-23 3:32:34.941 PM","1.819"
"717","2025-08-23 3:32:34.942 PM","1.819"
"718","2025-08-23 3:32:34.943 PM","1.819"
"719","2025-08-23 3:32:34.944 PM","1.819"
"720","2025-08-23 3:32:34.945 PM","1.819"
"721","2025-08-23 3:32:34.946 PM","1.819"
"722","2025-08-23 3:32:34.947 PM","1.819"
"723","2025-08-23 3:32:34.948 PM","1.819"
"724","2025-08-23 3:32:34.949 PM","1.819"
"725","2025-08-23 3:32:34.950 PM","1.819"
"726","2025-08-23 3:32:34.951 PM","1.814"
"727","2025-08-23 3:32:34.952 PM","1.814"
"728","2025-08-23 3:32:34.953 PM","1.819"
"729","2025-08-23 3:32:34.954 PM","1.819"
"730","2025-08-23 3:32:34.955 PM","1.814"
"731","2025-08-23 3:32:34.956 PM","1.819"
"732","2025-08-23 3:32:34.957 PM","1.819"
"733","2025-08-23 3:32:34.958 PM","1.819"
"734","2025-08-23 3:32:34.959 PM","1.819"
"735","2025-08-23 3:32:34.960 PM","1.819"
"736","2025-08-23 3:32:34.961 PM","1.819"
"737","2025-08-23 3:32:34.962 PM","1.819"
"738","2025-08-23 3:32:34.963 PM","1.819"
"739","2025-08-23 3:32:34.964 PM","1.829"
"740","2025-08-23 3:32:34.965 PM","1.829"
"741","2025-08-23 3:32:34.966 PM","1.829"
"742","2025-08-23 3:32:34.967 PM","1.834"
"743","2025-08-23 3:32:34.968 PM","1.819"
"744","2025-08-23 3:32:34.969 PM","1.819"
"745","2025-08-23 3:32:34.970 PM","1.819"
"746","2025-08-23 3:32:34.971 PM","1.819"
"747","2025-08-23 3:32:34.972 PM","1.819"
"748","2025-08-23 3:32:34.973 PM","1.819"
"749","2025-08-23 3:32:34.974 PM","1.819"
"750","2025-08-23 3:32:34.975 PM","1.819"
"751","2025-08-23 3:32:34.976 PM","1.819"
"752","2025-08-23 3:32:34.977 PM","1.819"
"753","2025-08-23 3:32:34.978 PM","1.829"
"754","2025-08-23 3:32:34.979 PM","1.819"
"755","2025-08-23 3:32:34.980 PM","1.819"
"756","2025-08-23 3:32:34.981 PM","1.819"
"757","2025-08-23 3:32:34.982 PM","1.814"
"758","2025-08-23 3:32:34.983 PM","1.819"
"759","2025-08-23 3:32:34.984 PM","1.814"
"760","2025-08-23 3:32:34.985 PM","1.819"
"761","2025-08-23 3:32:34.986 PM","1.819"
"762","2025-08-23 3:32:34.987 PM","1.814"
"763","2025-08-23 3:32:34.988 PM","1.814"
"764","2025-08-23 3:32:34.989 PM","1.819"
"765","2025-08-23 3:32:34.990 PM","1.819"
"766","2025-08-23 3:32:34.991 PM","1.819"
"767","2025-08-23 3:32:34.992 PM","1.819"
"768","2025-08-23 3:32:34.993 PM","1.819"
"769","2025-08-23 3:32:34.994 PM","1.819"
"770","2025-08-23 3:32:34.995 PM","1.819"
"771","2025-08-23 3:32:34.996 PM","1.829"
"772","2025-08-23 3:32:34.997 PM","1.834"
"773","2025-08-23 3:32:34.998 PM","1.829"
"774","2025-08-23 3:32:34.999 PM","1.834"
"775","2025-08-23 3:32:35.000 PM","1.819"
"776","2025-08-23 3:32:35.001 PM","1.819"
"777","2025-08-23 3:32:35.002 PM","1.819"
"778","2025-08-23 3:32:35.003 PM","1.819"
"779","2025-08-23 3:32:35.004 PM","1.819"
"780","2025-08-23 3:32:35.005 PM","1.819"
"781","2025-08-23 3:32:35.006 PM","1.819"
"782","2025-08-23 3:32:35.007 PM","1.819"
"783","2025-08-23 3:32:35.008 PM","1.805"
"784","2025-08-23 3:32:35.009 PM","1.805"
"785","2025-08-23 3:32:35.010 PM","1.805"
"786","2025-08-23 3:32:35.011 PM","1.805"
"787","2025-08-23 3:32:35.012 PM","1.800"
"788","2025-08-23 3:32:35.013 PM","1.800"
"789","2025-08-23 3:32:35.014 PM","1.800"
"790","2025-08-23 3:32:35.015 PM","1.800"
"791","2025-08-23 3:32:35.016 PM","1.800"
"792","2025-08-23 3:32:35.017 PM","1.800"
"793","2025-08-23 3:32:35.018 PM","1.800"
"794","2025-08-23 3:32:35.019 PM","1.800"
"795","2025-08-23 3:32:35.020 PM","1.800"
"796","2025-08-23 3:32:35.021 PM","1.800"
"797","2025-08-23 3:32:35.022 PM","1.800"
"798","2025-08-23 3:32:35.023 PM","1.805"
"799","2025-08-23 3:32:35.024 PM","1.805"
"800","2025-08-23 3:32:35.025 PM","1.829"
"801","2025-08-23 3:32:35.026 PM","1.819"
"802","2025-08-23 3:32:35.027 PM","1.819"
"803","2025-08-23 3:32:35.028 PM","1.819"
"804","2025-08-23 3:32:35.029 PM","1.829"
"805","2025-08-23 3:32:35.030 PM","1.829"
"806","2025-08-23 3:32:35.031 PM","1.829"
"807","2025-08-23 3:32:35.032 PM","1.819"
"808","2025-08-23 3:32:35.033 PM","1.819"
"809","2025-08-23 3:32:35.034 PM","1.819"
"810","2025-08-23 3:32:35.035 PM","1.819"
"811","2025-08-23 3:32:35.036 PM","1.819"
"812","2025-08-23 3:32:35.037 PM","1.819"
"813","2025-08-23 3:32:35.038 PM","1.819"
"814","2025-08-23 3:32:35.039 PM","1.819"
"815","2025-08-23 3:32:35.040 PM","1.819"
"816","2025-08-23 3:32:35.041 PM","1.805"
"817","2025-08-23 3:32:35.042 PM","1.805"
"818","2025-08-23 3:32:35.043 PM","1.805"
"819","2025-08-23 3:32:35.044 PM","1.805"
"820","2025-08-23 3:32:35.045 PM","1.800"
"821","2025-08-23 3:32:35.046 PM","1.805"
"822","2025-08-23 3:32:35.047 PM","1.805"
"823","2025-08-23 3:32:35.048 PM","1.800"
"824","2025-08-23 3:32:35.049 PM","1.800"
"825","2025-08-23 3:32:35.050 PM","1.800"
"826","2025-08-23 3:32:35.051 PM","1.800"
"827","2025-08-23 3:32:35.052 PM","1.800"
"828","2025-08-23 3:32:35.053 PM","1.800"
"829","2025-08-23 3:32:35.054 PM","1.795"
"830","2025-08-23 3:32:35.055 PM","1.800"
"831","2025-08-23 3:32:35.056 PM","1.805"
"832","2025-08-23 3:32:35.057 PM","1.800"
"833","2025-08-23 3:32:35.058 PM","1.819"
"834","2025-08-23 3:32:35.059 PM","1.819"
"835","2025-08-23 3:32:35.060 PM","1.819"
"836","2025-08-23 3:32:35.061 PM","1.819"
"837","2025-08-23 3:32:35.062 PM","1.819"
"838","2025-08-23 3:32:35.063 PM","1.834"
"839","2025-08-23 3:32:35.064 PM","1.829"
"840","2025-08-23 3:32:35.065 PM","1.819"
"841","2025-08-23 3:32:35.066 PM","1.819"
"842","2025-08-23 3:32:35.067 PM","1.819"
"843","2025-08-23 3:32:35.068 PM","1.819"
"844","2025-08-23 3:32:35.069 PM","1.819"
"845","2025-08-23 3:32:35.070 PM","1.819"
"846","2025-08-23 3:32:35.071 PM","1.819"
"847","2025-08-23 3:32:35.072 PM","1.814"
"848","2025-08-23 3:32:35.073 PM","1.819"
"849","2025-08-23 3:32:35.074 PM","1.805"
"850","2025-08-23 3:32:35.075 PM","1.805"
"851","2025-08-23 3:32:35.076 PM","1.805"
"852","2025-08-23 3:32:35.077 PM","1.805"
"853","2025-08-23 3:32:35.078 PM","1.805"
"854","2025-08-23 3:32:35.079 PM","1.805"
"855","2025-08-23 3:32:35.080 PM","1.805"
"856","2025-08-23 3:32:35.081 PM","1.800"
"857","2025-08-23 3:32:35.082 PM","1.800"
"858","2025-08-23 3:32:35.083 PM","1.800"
"859","2025-08-23 3:32:35.084 PM","1.800"
"860","2025-08-23 3:32:35.085 PM","1.800"
"861","2025-08-23 3:32:35.086 PM","1.795"
"862","2025-08-23 3:32:35.087 PM","1.795"
"863","2025-08-23 3:32:35.088 PM","1.800"
"864","2025-08-23 3:32:35.089 PM","1.805"
"865","2025-08-23 3:32:35.090 PM","1.805"
"866","2025-08-23 3:32:35.091 PM","1.819"
"867","2025-08-23 3:32:35.092 PM","1.819"
"868","2025-08-23 3:32:35.093 PM","1.819"
"869","2025-08-23 3:32:35.094 PM","1.819"
"870","2025-08-23 3:32:35.095 PM","1.819"
"871","2025-08-23 3:32:35.096 PM","1.834"
"872","2025-08-23 3:32:35.097 PM","1.819"
"873","2025-08-23 3:32:35.098 PM","1.819"
"874","2025-08-23 3:32:35.099 PM","1.819"
"875","2025-08-23 3:32:35.100 PM","1.819"
"876","2025-08-23 3:32:35.101 PM","1.819"
"877","2025-08-23 3:32:35.102 PM","1.819"
"878","2025-08-23 3:32:35.103 PM","1.819"
"879","2025-08-23 3:32:35.104 PM","1.814"
"880","2025-08-23 3:32:35.105 PM","1.819"
"881","2025-08-23 3:32:35.106 PM","1.819"
"882","2025-08-23 3:32:35.107 PM","1.805"
"883","2025-08-23 3:32:35.108 PM","1.805"
"884","2025-08-23 3:32:35.109 PM","1.805"
"885","2025-08-23 3:32:35.110 PM","1.805"
"886","2025-08-23 3:32:35.111 PM","1.805"
"887","2025-08-23 3:32:35.112 PM","1.805"
"888","2025-08-23 3:32:35.113 PM","1.800"
"889","2025-08-23 3:32:35.114 PM","1.800"
"890","2025-08-23 3:32:35.115 PM","1.800"
"891","2025-08-23 3:32:35.116 PM","1.800"
"892","2025-08-23 3:32:35.117 PM","1.800"
"893","2025-08-23 3:32:35.118 PM","1.800"
"894","2025-08-23 3:32:35.119 PM","1.795"
"895","2025-08-23 3:32:35.120 PM","1.800"
"896","2025-08-23 3:32:35.121 PM","1.805"
"897","2025-08-23 3:32:35.122 PM","1.800"
"898","2025-08-23 3:32:35.123 PM","1.800"
"899","2025-08-23 3:32:35.124 PM","1.819"
"900","2025-08-23 3:32:35.125 PM","1.819"
"901","2025-08-23 3:32:35.126 PM","1.829"
"902","2025-08-23 3:32:35.127 PM","1.819"
"903","2025-08-23 3:32:35.128 PM","1.819"
"904","2025-08-23 3:32:35.129 PM","1.819"
"905","2025-08-23 3:32:35.130 PM","1.819"
"906","2025-08-23 3:32:35.131 PM","1.819"
"907","2025-08-23 3:32:35.132 PM","1.819"
"908","2025-08-23 3:32:35.133 PM","1.819"
"909","2025-08-23 3:32:35.134 PM","1.814"
"910","2025-08-23 3:32:35.135 PM","1.814"
"911","2025-08-23 3:32:35.136 PM","1.814"
"912","2025-08-23 3:32:35.137 PM","1.819"
"913","2025-08-23 3:32:35.138 PM","1.819"
"914","2025-08-23 3:32:35.139 PM","1.819"
"915","2025-08-23 3:32:35.140 PM","1.805"
"916","2025-08-23 3:32:35.141 PM","1.805"
"917","2025-08-23 3:32:35.142 PM","1.805"
"918","2025-08-23 3:32:35.143 PM","1.805"
"919","2025-08-23 3:32:35.144 PM","1.805"
"920","2025-08-23 3:32:35.145 PM","1.805"
"921","2025-08-23 3:32:35.146 PM","1.800"
"922","2025-08-23 3:32:35.147 PM","1.800"
"923","2025-08-23 3:32:35.148 PM","1.800"
"924","2025-08-23 3:32:35.149 PM","1.800"
"925","2025-08-23 3:32:35.150 PM","1.800"
"926","2025-08-23 3:32:35.151 PM","1.795"
"927","2025-08-23 3:32:35.152 PM","1.800"
