"Device: USB-205"
"Serial Number: 22B4008"
"Channel Count: 1"
"Sample Count: 11928"
"Start Time: 2025-08-23 8:07:53.119 PM"
"Scan Rate: 1000"
"Sample","Date/Time","AI0 (V)"
"0","2025-08-23 8:07:53.119 PM","1.639"
"1","2025-08-23 8:07:53.120 PM","1.639"
"2","2025-08-23 8:07:53.121 PM","1.629"
"3","2025-08-23 8:07:53.122 PM","1.629"
"4","2025-08-23 8:07:53.123 PM","1.629"
"5","2025-08-23 8:07:53.124 PM","1.639"
"6","2025-08-23 8:07:53.125 PM","1.639"
"7","2025-08-23 8:07:53.126 PM","1.643"
"8","2025-08-23 8:07:53.127 PM","1.643"
"9","2025-08-23 8:07:53.128 PM","1.634"
"10","2025-08-23 8:07:53.129 PM","1.634"
"11","2025-08-23 8:07:53.130 PM","1.634"
"12","2025-08-23 8:07:53.131 PM","1.634"
"13","2025-08-23 8:07:53.132 PM","1.639"
"14","2025-08-23 8:07:53.133 PM","1.639"
"15","2025-08-23 8:07:53.134 PM","1.639"
"16","2025-08-23 8:07:53.135 PM","1.639"
"17","2025-08-23 8:07:53.136 PM","1.639"
"18","2025-08-23 8:07:53.137 PM","1.639"
"19","2025-08-23 8:07:53.138 PM","1.639"
"20","2025-08-23 8:07:53.139 PM","1.634"
"21","2025-08-23 8:07:53.140 PM","1.634"
"22","2025-08-23 8:07:53.141 PM","1.634"
"23","2025-08-23 8:07:53.142 PM","1.639"
"24","2025-08-23 8:07:53.143 PM","1.634"
"25","2025-08-23 8:07:53.144 PM","1.634"
"26","2025-08-23 8:07:53.145 PM","1.634"
"27","2025-08-23 8:07:53.146 PM","1.639"
"28","2025-08-23 8:07:53.147 PM","1.634"
"29","2025-08-23 8:07:53.148 PM","1.653"
"30","2025-08-23 8:07:53.149 PM","1.653"
"31","2025-08-23 8:07:53.150 PM","1.653"
"32","2025-08-23 8:07:53.151 PM","1.658"
"33","2025-08-23 8:07:53.152 PM","1.653"
"34","2025-08-23 8:07:53.153 PM","1.653"
"35","2025-08-23 8:07:53.154 PM","1.648"
"36","2025-08-23 8:07:53.155 PM","1.648"
"37","2025-08-23 8:07:53.156 PM","1.658"
"38","2025-08-23 8:07:53.157 PM","1.658"
"39","2025-08-23 8:07:53.158 PM","1.663"
"40","2025-08-23 8:07:53.159 PM","1.663"
"41","2025-08-23 8:07:53.160 PM","1.673"
"42","2025-08-23 8:07:53.161 PM","1.653"
"43","2025-08-23 8:07:53.162 PM","1.653"
"44","2025-08-23 8:07:53.163 PM","1.653"
"45","2025-08-23 8:07:53.164 PM","1.653"
"46","2025-08-23 8:07:53.165 PM","1.639"
"47","2025-08-23 8:07:53.166 PM","1.639"
"48","2025-08-23 8:07:53.167 PM","1.639"
"49","2025-08-23 8:07:53.168 PM","1.639"
"50","2025-08-23 8:07:53.169 PM","1.639"
"51","2025-08-23 8:07:53.170 PM","1.639"
"52","2025-08-23 8:07:53.171 PM","1.639"
"53","2025-08-23 8:07:53.172 PM","1.634"
"54","2025-08-23 8:07:53.173 PM","1.634"
"55","2025-08-23 8:07:53.174 PM","1.634"
"56","2025-08-23 8:07:53.175 PM","1.634"
"57","2025-08-23 8:07:53.176 PM","1.634"
"58","2025-08-23 8:07:53.177 PM","1.634"
"59","2025-08-23 8:07:53.178 PM","1.634"
"60","2025-08-23 8:07:53.179 PM","1.634"
"61","2025-08-23 8:07:53.180 PM","1.634"
"62","2025-08-23 8:07:53.181 PM","1.634"
"63","2025-08-23 8:07:53.182 PM","1.639"
"64","2025-08-23 8:07:53.183 PM","1.639"
"65","2025-08-23 8:07:53.184 PM","1.634"
"66","2025-08-23 8:07:53.185 PM","1.634"
"67","2025-08-23 8:07:53.186 PM","1.639"
"68","2025-08-23 8:07:53.187 PM","1.629"
"69","2025-08-23 8:07:53.188 PM","1.634"
"70","2025-08-23 8:07:53.189 PM","1.639"
"71","2025-08-23 8:07:53.190 PM","1.639"
"72","2025-08-23 8:07:53.191 PM","1.643"
"73","2025-08-23 8:07:53.192 PM","1.643"
"74","2025-08-23 8:07:53.193 PM","1.634"
"75","2025-08-23 8:07:53.194 PM","1.634"
"76","2025-08-23 8:07:53.195 PM","1.634"
"77","2025-08-23 8:07:53.196 PM","1.634"
"78","2025-08-23 8:07:53.197 PM","1.639"
"79","2025-08-23 8:07:53.198 PM","1.653"
"80","2025-08-23 8:07:53.199 PM","1.653"
"81","2025-08-23 8:07:53.200 PM","1.658"
"82","2025-08-23 8:07:53.201 PM","1.658"
"83","2025-08-23 8:07:53.202 PM","1.653"
"84","2025-08-23 8:07:53.203 PM","1.653"
"85","2025-08-23 8:07:53.204 PM","1.653"
"86","2025-08-23 8:07:53.205 PM","1.653"
"87","2025-08-23 8:07:53.206 PM","1.653"
"88","2025-08-23 8:07:53.207 PM","1.653"
"89","2025-08-23 8:07:53.208 PM","1.653"
"90","2025-08-23 8:07:53.209 PM","1.648"
"91","2025-08-23 8:07:53.210 PM","1.648"
"92","2025-08-23 8:07:53.211 PM","1.653"
"93","2025-08-23 8:07:53.212 PM","1.653"
"94","2025-08-23 8:07:53.213 PM","1.653"
"95","2025-08-23 8:07:53.214 PM","1.639"
"96","2025-08-23 8:07:53.215 PM","1.634"
"97","2025-08-23 8:07:53.216 PM","1.639"
"98","2025-08-23 8:07:53.217 PM","1.639"
"99","2025-08-23 8:07:53.218 PM","1.634"
"100","2025-08-23 8:07:53.219 PM","1.639"
"101","2025-08-23 8:07:53.220 PM","1.629"
"102","2025-08-23 8:07:53.221 PM","1.639"
"103","2025-08-23 8:07:53.222 PM","1.639"
"104","2025-08-23 8:07:53.223 PM","1.643"
"105","2025-08-23 8:07:53.224 PM","1.643"
"106","2025-08-23 8:07:53.225 PM","1.639"
"107","2025-08-23 8:07:53.226 PM","1.639"
"108","2025-08-23 8:07:53.227 PM","1.634"
"109","2025-08-23 8:07:53.228 PM","1.634"
"110","2025-08-23 8:07:53.229 PM","1.639"
"111","2025-08-23 8:07:53.230 PM","1.639"
"112","2025-08-23 8:07:53.231 PM","1.634"
"113","2025-08-23 8:07:53.232 PM","1.639"
"114","2025-08-23 8:07:53.233 PM","1.639"
"115","2025-08-23 8:07:53.234 PM","1.639"
"116","2025-08-23 8:07:53.235 PM","1.639"
"117","2025-08-23 8:07:53.236 PM","1.634"
"118","2025-08-23 8:07:53.237 PM","1.634"
"119","2025-08-23 8:07:53.238 PM","1.634"
"120","2025-08-23 8:07:53.239 PM","1.634"
"121","2025-08-23 8:07:53.240 PM","1.634"
"122","2025-08-23 8:07:53.241 PM","1.634"
"123","2025-08-23 8:07:53.242 PM","1.634"
"124","2025-08-23 8:07:53.243 PM","1.634"
"125","2025-08-23 8:07:53.244 PM","1.634"
"126","2025-08-23 8:07:53.245 PM","1.634"
"127","2025-08-23 8:07:53.246 PM","1.639"
"128","2025-08-23 8:07:53.247 PM","1.658"
"129","2025-08-23 8:07:53.248 PM","1.658"
"130","2025-08-23 8:07:53.249 PM","1.653"
"131","2025-08-23 8:07:53.250 PM","1.658"
"132","2025-08-23 8:07:53.251 PM","1.658"
"133","2025-08-23 8:07:53.252 PM","1.658"
"134","2025-08-23 8:07:53.253 PM","1.648"
"135","2025-08-23 8:07:53.254 PM","1.663"
"136","2025-08-23 8:07:53.255 PM","1.663"
"137","2025-08-23 8:07:53.256 PM","1.663"
"138","2025-08-23 8:07:53.257 PM","1.663"
"139","2025-08-23 8:07:53.258 PM","1.653"
"140","2025-08-23 8:07:53.259 PM","1.653"
"141","2025-08-23 8:07:53.260 PM","1.653"
"142","2025-08-23 8:07:53.261 PM","1.653"
"143","2025-08-23 8:07:53.262 PM","1.658"
"144","2025-08-23 8:07:53.263 PM","1.658"
"145","2025-08-23 8:07:53.264 PM","1.634"
"146","2025-08-23 8:07:53.265 PM","1.639"
"147","2025-08-23 8:07:53.266 PM","1.634"
"148","2025-08-23 8:07:53.267 PM","1.634"
"149","2025-08-23 8:07:53.268 PM","1.634"
"150","2025-08-23 8:07:53.269 PM","1.639"
"151","2025-08-23 8:07:53.270 PM","1.639"
"152","2025-08-23 8:07:53.271 PM","1.634"
"153","2025-08-23 8:07:53.272 PM","1.634"
"154","2025-08-23 8:07:53.273 PM","1.634"
"155","2025-08-23 8:07:53.274 PM","1.634"
"156","2025-08-23 8:07:53.275 PM","1.634"
"157","2025-08-23 8:07:53.276 PM","1.634"
"158","2025-08-23 8:07:53.277 PM","1.634"
"159","2025-08-23 8:07:53.278 PM","1.634"
"160","2025-08-23 8:07:53.279 PM","1.639"
"161","2025-08-23 8:07:53.280 PM","1.639"
"162","2025-08-23 8:07:53.281 PM","1.639"
"163","2025-08-23 8:07:53.282 PM","1.639"
"164","2025-08-23 8:07:53.283 PM","1.639"
"165","2025-08-23 8:07:53.284 PM","1.639"
"166","2025-08-23 8:07:53.285 PM","1.639"
"167","2025-08-23 8:07:53.286 PM","1.643"
"168","2025-08-23 8:07:53.287 PM","1.643"
"169","2025-08-23 8:07:53.288 PM","1.643"
"170","2025-08-23 8:07:53.289 PM","1.643"
"171","2025-08-23 8:07:53.290 PM","1.634"
"172","2025-08-23 8:07:53.291 PM","1.634"
"173","2025-08-23 8:07:53.292 PM","1.634"
"174","2025-08-23 8:07:53.293 PM","1.634"
"175","2025-08-23 8:07:53.294 PM","1.634"
"176","2025-08-23 8:07:53.295 PM","1.634"
"177","2025-08-23 8:07:53.296 PM","1.639"
"178","2025-08-23 8:07:53.297 PM","1.653"
"179","2025-08-23 8:07:53.298 PM","1.653"
"180","2025-08-23 8:07:53.299 PM","1.658"
"181","2025-08-23 8:07:53.300 PM","1.653"
"182","2025-08-23 8:07:53.301 PM","1.658"
"183","2025-08-23 8:07:53.302 PM","1.653"
"184","2025-08-23 8:07:53.303 PM","1.653"
"185","2025-08-23 8:07:53.304 PM","1.653"
"186","2025-08-23 8:07:53.305 PM","1.653"
"187","2025-08-23 8:07:53.306 PM","1.653"
"188","2025-08-23 8:07:53.307 PM","1.653"
"189","2025-08-23 8:07:53.308 PM","1.653"
"190","2025-08-23 8:07:53.309 PM","1.653"
"191","2025-08-23 8:07:53.310 PM","1.653"
"192","2025-08-23 8:07:53.311 PM","1.653"
"193","2025-08-23 8:07:53.312 PM","1.653"
"194","2025-08-23 8:07:53.313 PM","1.639"
"195","2025-08-23 8:07:53.314 PM","1.634"
"196","2025-08-23 8:07:53.315 PM","1.634"
"197","2025-08-23 8:07:53.316 PM","1.639"
"198","2025-08-23 8:07:53.317 PM","1.639"
"199","2025-08-23 8:07:53.318 PM","1.639"
"200","2025-08-23 8:07:53.319 PM","1.639"
"201","2025-08-23 8:07:53.320 PM","1.643"
"202","2025-08-23 8:07:53.321 PM","1.643"
"203","2025-08-23 8:07:53.322 PM","1.658"
"204","2025-08-23 8:07:53.323 PM","1.634"
"205","2025-08-23 8:07:53.324 PM","1.634"
"206","2025-08-23 8:07:53.325 PM","1.634"
"207","2025-08-23 8:07:53.326 PM","1.634"
"208","2025-08-23 8:07:53.327 PM","1.634"
"209","2025-08-23 8:07:53.328 PM","1.634"
"210","2025-08-23 8:07:53.329 PM","1.634"
"211","2025-08-23 8:07:53.330 PM","1.653"
"212","2025-08-23 8:07:53.331 PM","1.653"
"213","2025-08-23 8:07:53.332 PM","1.653"
"214","2025-08-23 8:07:53.333 PM","1.653"
"215","2025-08-23 8:07:53.334 PM","1.653"
"216","2025-08-23 8:07:53.335 PM","1.653"
"217","2025-08-23 8:07:53.336 PM","1.653"
"218","2025-08-23 8:07:53.337 PM","1.653"
"219","2025-08-23 8:07:53.338 PM","1.653"
"220","2025-08-23 8:07:53.339 PM","1.653"
"221","2025-08-23 8:07:53.340 PM","1.648"
"222","2025-08-23 8:07:53.341 PM","1.648"
"223","2025-08-23 8:07:53.342 PM","1.653"
"224","2025-08-23 8:07:53.343 PM","1.653"
"225","2025-08-23 8:07:53.344 PM","1.653"
"226","2025-08-23 8:07:53.345 PM","1.653"
"227","2025-08-23 8:07:53.346 PM","1.653"
"228","2025-08-23 8:07:53.347 PM","1.653"
"229","2025-08-23 8:07:53.348 PM","1.658"
"230","2025-08-23 8:07:53.349 PM","1.653"
"231","2025-08-23 8:07:53.350 PM","1.653"
"232","2025-08-23 8:07:53.351 PM","1.653"
"233","2025-08-23 8:07:53.352 PM","1.663"
"234","2025-08-23 8:07:53.353 PM","1.663"
"235","2025-08-23 8:07:53.354 PM","1.663"
"236","2025-08-23 8:07:53.355 PM","1.653"
"237","2025-08-23 8:07:53.356 PM","1.653"
"238","2025-08-23 8:07:53.357 PM","1.653"
"239","2025-08-23 8:07:53.358 PM","1.653"
"240","2025-08-23 8:07:53.359 PM","1.653"
"241","2025-08-23 8:07:53.360 PM","1.653"
"242","2025-08-23 8:07:53.361 PM","1.653"
"243","2025-08-23 8:07:53.362 PM","1.653"
"244","2025-08-23 8:07:53.363 PM","1.639"
"245","2025-08-23 8:07:53.364 PM","1.634"
"246","2025-08-23 8:07:53.365 PM","1.639"
"247","2025-08-23 8:07:53.366 PM","1.639"
"248","2025-08-23 8:07:53.367 PM","1.639"
"249","2025-08-23 8:07:53.368 PM","1.639"
"250","2025-08-23 8:07:53.369 PM","1.634"
"251","2025-08-23 8:07:53.370 PM","1.634"
"252","2025-08-23 8:07:53.371 PM","1.634"
"253","2025-08-23 8:07:53.372 PM","1.634"
"254","2025-08-23 8:07:53.373 PM","1.634"
"255","2025-08-23 8:07:53.374 PM","1.634"
"256","2025-08-23 8:07:53.375 PM","1.634"
"257","2025-08-23 8:07:53.376 PM","1.634"
"258","2025-08-23 8:07:53.377 PM","1.634"
"259","2025-08-23 8:07:53.378 PM","1.639"
"260","2025-08-23 8:07:53.379 PM","1.653"
"261","2025-08-23 8:07:53.380 PM","1.658"
"262","2025-08-23 8:07:53.381 PM","1.658"
"263","2025-08-23 8:07:53.382 PM","1.653"
"264","2025-08-23 8:07:53.383 PM","1.653"
"265","2025-08-23 8:07:53.384 PM","1.653"
"266","2025-08-23 8:07:53.385 PM","1.663"
"267","2025-08-23 8:07:53.386 PM","1.663"
"268","2025-08-23 8:07:53.387 PM","1.683"
"269","2025-08-23 8:07:53.388 PM","1.653"
"270","2025-08-23 8:07:53.389 PM","1.653"
"271","2025-08-23 8:07:53.390 PM","1.653"
"272","2025-08-23 8:07:53.391 PM","1.653"
"273","2025-08-23 8:07:53.392 PM","1.653"
"274","2025-08-23 8:07:53.393 PM","1.653"
"275","2025-08-23 8:07:53.394 PM","1.653"
"276","2025-08-23 8:07:53.395 PM","1.653"
"277","2025-08-23 8:07:53.396 PM","1.653"
"278","2025-08-23 8:07:53.397 PM","1.653"
"279","2025-08-23 8:07:53.398 PM","1.653"
"280","2025-08-23 8:07:53.399 PM","1.658"
"281","2025-08-23 8:07:53.400 PM","1.653"
"282","2025-08-23 8:07:53.401 PM","1.653"
"283","2025-08-23 8:07:53.402 PM","1.653"
"284","2025-08-23 8:07:53.403 PM","1.653"
"285","2025-08-23 8:07:53.404 PM","1.653"
"286","2025-08-23 8:07:53.405 PM","1.653"
"287","2025-08-23 8:07:53.406 PM","1.648"
"288","2025-08-23 8:07:53.407 PM","1.653"
"289","2025-08-23 8:07:53.408 PM","1.653"
"290","2025-08-23 8:07:53.409 PM","1.648"
"291","2025-08-23 8:07:53.410 PM","1.653"
"292","2025-08-23 8:07:53.411 PM","1.653"
"293","2025-08-23 8:07:53.412 PM","1.639"
"294","2025-08-23 8:07:53.413 PM","1.639"
"295","2025-08-23 8:07:53.414 PM","1.634"
"296","2025-08-23 8:07:53.415 PM","1.639"
"297","2025-08-23 8:07:53.416 PM","1.639"
"298","2025-08-23 8:07:53.417 PM","1.639"
"299","2025-08-23 8:07:53.418 PM","1.643"
"300","2025-08-23 8:07:53.419 PM","1.643"
"301","2025-08-23 8:07:53.420 PM","1.634"
"302","2025-08-23 8:07:53.421 PM","1.634"
"303","2025-08-23 8:07:53.422 PM","1.634"
"304","2025-08-23 8:07:53.423 PM","1.634"
"305","2025-08-23 8:07:53.424 PM","1.634"
"306","2025-08-23 8:07:53.425 PM","1.639"
"307","2025-08-23 8:07:53.426 PM","1.634"
"308","2025-08-23 8:07:53.427 PM","1.634"
"309","2025-08-23 8:07:53.428 PM","1.639"
"310","2025-08-23 8:07:53.429 PM","1.658"
"311","2025-08-23 8:07:53.430 PM","1.653"
"312","2025-08-23 8:07:53.431 PM","1.653"
"313","2025-08-23 8:07:53.432 PM","1.653"
"314","2025-08-23 8:07:53.433 PM","1.658"
"315","2025-08-23 8:07:53.434 PM","1.653"
"316","2025-08-23 8:07:53.435 PM","1.653"
"317","2025-08-23 8:07:53.436 PM","1.653"
"318","2025-08-23 8:07:53.437 PM","1.653"
"319","2025-08-23 8:07:53.438 PM","1.648"
"320","2025-08-23 8:07:53.439 PM","1.653"
"321","2025-08-23 8:07:53.440 PM","1.648"
"322","2025-08-23 8:07:53.441 PM","1.648"
"323","2025-08-23 8:07:53.442 PM","1.648"
"324","2025-08-23 8:07:53.443 PM","1.653"
"325","2025-08-23 8:07:53.444 PM","1.658"
"326","2025-08-23 8:07:53.445 PM","1.658"
"327","2025-08-23 8:07:53.446 PM","1.653"
"328","2025-08-23 8:07:53.447 PM","1.653"
"329","2025-08-23 8:07:53.448 PM","1.653"
"330","2025-08-23 8:07:53.449 PM","1.653"
"331","2025-08-23 8:07:53.450 PM","1.658"
"332","2025-08-23 8:07:53.451 PM","1.663"
"333","2025-08-23 8:07:53.452 PM","1.653"
"334","2025-08-23 8:07:53.453 PM","1.653"
"335","2025-08-23 8:07:53.454 PM","1.653"
"336","2025-08-23 8:07:53.455 PM","1.653"
"337","2025-08-23 8:07:53.456 PM","1.653"
"338","2025-08-23 8:07:53.457 PM","1.653"
"339","2025-08-23 8:07:53.458 PM","1.653"
"340","2025-08-23 8:07:53.459 PM","1.653"
"341","2025-08-23 8:07:53.460 PM","1.653"
"342","2025-08-23 8:07:53.461 PM","1.653"
"343","2025-08-23 8:07:53.462 PM","1.639"
"344","2025-08-23 8:07:53.463 PM","1.639"
"345","2025-08-23 8:07:53.464 PM","1.639"
"346","2025-08-23 8:07:53.465 PM","1.639"
"347","2025-08-23 8:07:53.466 PM","1.639"
"348","2025-08-23 8:07:53.467 PM","1.639"
"349","2025-08-23 8:07:53.468 PM","1.634"
"350","2025-08-23 8:07:53.469 PM","1.634"
"351","2025-08-23 8:07:53.470 PM","1.634"
"352","2025-08-23 8:07:53.471 PM","1.634"
"353","2025-08-23 8:07:53.472 PM","1.634"
"354","2025-08-23 8:07:53.473 PM","1.634"
"355","2025-08-23 8:07:53.474 PM","1.634"
"356","2025-08-23 8:07:53.475 PM","1.629"
"357","2025-08-23 8:07:53.476 PM","1.639"
"358","2025-08-23 8:07:53.477 PM","1.634"
"359","2025-08-23 8:07:53.478 PM","1.653"
"360","2025-08-23 8:07:53.479 PM","1.653"
"361","2025-08-23 8:07:53.480 PM","1.658"
"362","2025-08-23 8:07:53.481 PM","1.653"
"363","2025-08-23 8:07:53.482 PM","1.653"
"364","2025-08-23 8:07:53.483 PM","1.653"
"365","2025-08-23 8:07:53.484 PM","1.663"
"366","2025-08-23 8:07:53.485 PM","1.653"
"367","2025-08-23 8:07:53.486 PM","1.653"
"368","2025-08-23 8:07:53.487 PM","1.653"
"369","2025-08-23 8:07:53.488 PM","1.653"
"370","2025-08-23 8:07:53.489 PM","1.653"
"371","2025-08-23 8:07:53.490 PM","1.653"
"372","2025-08-23 8:07:53.491 PM","1.653"
"373","2025-08-23 8:07:53.492 PM","1.653"
"374","2025-08-23 8:07:53.493 PM","1.653"
"375","2025-08-23 8:07:53.494 PM","1.658"
"376","2025-08-23 8:07:53.495 PM","1.653"
"377","2025-08-23 8:07:53.496 PM","1.653"
"378","2025-08-23 8:07:53.497 PM","1.653"
"379","2025-08-23 8:07:53.498 PM","1.658"
"380","2025-08-23 8:07:53.499 PM","1.658"
"381","2025-08-23 8:07:53.500 PM","1.653"
"382","2025-08-23 8:07:53.501 PM","1.653"
"383","2025-08-23 8:07:53.502 PM","1.653"
"384","2025-08-23 8:07:53.503 PM","1.653"
"385","2025-08-23 8:07:53.504 PM","1.648"
"386","2025-08-23 8:07:53.505 PM","1.648"
"387","2025-08-23 8:07:53.506 PM","1.653"
"388","2025-08-23 8:07:53.507 PM","1.648"
"389","2025-08-23 8:07:53.508 PM","1.648"
"390","2025-08-23 8:07:53.509 PM","1.653"
"391","2025-08-23 8:07:53.510 PM","1.653"
"392","2025-08-23 8:07:53.511 PM","1.639"
"393","2025-08-23 8:07:53.512 PM","1.634"
"394","2025-08-23 8:07:53.513 PM","1.639"
"395","2025-08-23 8:07:53.514 PM","1.639"
"396","2025-08-23 8:07:53.515 PM","1.639"
"397","2025-08-23 8:07:53.516 PM","1.634"
"398","2025-08-23 8:07:53.517 PM","1.639"
"399","2025-08-23 8:07:53.518 PM","1.634"
"400","2025-08-23 8:07:53.519 PM","1.639"
"401","2025-08-23 8:07:53.520 PM","1.634"
"402","2025-08-23 8:07:53.521 PM","1.634"
"403","2025-08-23 8:07:53.522 PM","1.634"
"404","2025-08-23 8:07:53.523 PM","1.634"
"405","2025-08-23 8:07:53.524 PM","1.634"
"406","2025-08-23 8:07:53.525 PM","1.634"
"407","2025-08-23 8:07:53.526 PM","1.634"
"408","2025-08-23 8:07:53.527 PM","1.639"
"409","2025-08-23 8:07:53.528 PM","1.653"
"410","2025-08-23 8:07:53.529 PM","1.653"
"411","2025-08-23 8:07:53.530 PM","1.653"
"412","2025-08-23 8:07:53.531 PM","1.653"
"413","2025-08-23 8:07:53.532 PM","1.653"
"414","2025-08-23 8:07:53.533 PM","1.658"
"415","2025-08-23 8:07:53.534 PM","1.653"
"416","2025-08-23 8:07:53.535 PM","1.653"
"417","2025-08-23 8:07:53.536 PM","1.648"
"418","2025-08-23 8:07:53.537 PM","1.653"
"419","2025-08-23 8:07:53.538 PM","1.648"
"420","2025-08-23 8:07:53.539 PM","1.653"
"421","2025-08-23 8:07:53.540 PM","1.648"
"422","2025-08-23 8:07:53.541 PM","1.648"
"423","2025-08-23 8:07:53.542 PM","1.653"
"424","2025-08-23 8:07:53.543 PM","1.653"
"425","2025-08-23 8:07:53.544 PM","1.653"
"426","2025-08-23 8:07:53.545 PM","1.658"
"427","2025-08-23 8:07:53.546 PM","1.653"
"428","2025-08-23 8:07:53.547 PM","1.653"
"429","2025-08-23 8:07:53.548 PM","1.653"
"430","2025-08-23 8:07:53.549 PM","1.653"
"431","2025-08-23 8:07:53.550 PM","1.658"
"432","2025-08-23 8:07:53.551 PM","1.653"
"433","2025-08-23 8:07:53.552 PM","1.653"
"434","2025-08-23 8:07:53.553 PM","1.653"
"435","2025-08-23 8:07:53.554 PM","1.653"
"436","2025-08-23 8:07:53.555 PM","1.653"
"437","2025-08-23 8:07:53.556 PM","1.653"
"438","2025-08-23 8:07:53.557 PM","1.653"
"439","2025-08-23 8:07:53.558 PM","1.653"
"440","2025-08-23 8:07:53.559 PM","1.653"
"441","2025-08-23 8:07:53.560 PM","1.653"
"442","2025-08-23 8:07:53.561 PM","1.634"
"443","2025-08-23 8:07:53.562 PM","1.634"
"444","2025-08-23 8:07:53.563 PM","1.639"
"445","2025-08-23 8:07:53.564 PM","1.639"
"446","2025-08-23 8:07:53.565 PM","1.639"
"447","2025-08-23 8:07:53.566 PM","1.639"
"448","2025-08-23 8:07:53.567 PM","1.639"
"449","2025-08-23 8:07:53.568 PM","1.634"
"450","2025-08-23 8:07:53.569 PM","1.634"
"451","2025-08-23 8:07:53.570 PM","1.634"
"452","2025-08-23 8:07:53.571 PM","1.634"
"453","2025-08-23 8:07:53.572 PM","1.629"
"454","2025-08-23 8:07:53.573 PM","1.629"
"455","2025-08-23 8:07:53.574 PM","1.629"
"456","2025-08-23 8:07:53.575 PM","1.639"
"457","2025-08-23 8:07:53.576 PM","1.639"
"458","2025-08-23 8:07:53.577 PM","1.653"
"459","2025-08-23 8:07:53.578 PM","1.653"
"460","2025-08-23 8:07:53.579 PM","1.653"
"461","2025-08-23 8:07:53.580 PM","1.653"
"462","2025-08-23 8:07:53.581 PM","1.658"
"463","2025-08-23 8:07:53.582 PM","1.658"
"464","2025-08-23 8:07:53.583 PM","1.653"
"465","2025-08-23 8:07:53.584 PM","1.658"
"466","2025-08-23 8:07:53.585 PM","1.653"
"467","2025-08-23 8:07:53.586 PM","1.653"
"468","2025-08-23 8:07:53.587 PM","1.653"
"469","2025-08-23 8:07:53.588 PM","1.653"
"470","2025-08-23 8:07:53.589 PM","1.648"
"471","2025-08-23 8:07:53.590 PM","1.653"
"472","2025-08-23 8:07:53.591 PM","1.653"
"473","2025-08-23 8:07:53.592 PM","1.653"
"474","2025-08-23 8:07:53.593 PM","1.653"
"475","2025-08-23 8:07:53.594 PM","1.653"
"476","2025-08-23 8:07:53.595 PM","1.653"
"477","2025-08-23 8:07:53.596 PM","1.658"
"478","2025-08-23 8:07:53.597 PM","1.653"
"479","2025-08-23 8:07:53.598 PM","1.658"
"480","2025-08-23 8:07:53.599 PM","1.658"
"481","2025-08-23 8:07:53.600 PM","1.653"
"482","2025-08-23 8:07:53.601 PM","1.653"
"483","2025-08-23 8:07:53.602 PM","1.653"
"484","2025-08-23 8:07:53.603 PM","1.653"
"485","2025-08-23 8:07:53.604 PM","1.648"
"486","2025-08-23 8:07:53.605 PM","1.648"
"487","2025-08-23 8:07:53.606 PM","1.648"
"488","2025-08-23 8:07:53.607 PM","1.648"
"489","2025-08-23 8:07:53.608 PM","1.653"
"490","2025-08-23 8:07:53.609 PM","1.653"
"491","2025-08-23 8:07:53.610 PM","1.639"
"492","2025-08-23 8:07:53.611 PM","1.639"
"493","2025-08-23 8:07:53.612 PM","1.639"
"494","2025-08-23 8:07:53.613 PM","1.639"
"495","2025-08-23 8:07:53.614 PM","1.639"
"496","2025-08-23 8:07:53.615 PM","1.634"
"497","2025-08-23 8:07:53.616 PM","1.639"
"498","2025-08-23 8:07:53.617 PM","1.639"
"499","2025-08-23 8:07:53.618 PM","1.634"
"500","2025-08-23 8:07:53.619 PM","1.634"
"501","2025-08-23 8:07:53.620 PM","1.634"
"502","2025-08-23 8:07:53.621 PM","1.634"
"503","2025-08-23 8:07:53.622 PM","1.634"
"504","2025-08-23 8:07:53.623 PM","1.634"
"505","2025-08-23 8:07:53.624 PM","1.634"
"506","2025-08-23 8:07:53.625 PM","1.639"
"507","2025-08-23 8:07:53.626 PM","1.639"
"508","2025-08-23 8:07:53.627 PM","1.653"
"509","2025-08-23 8:07:53.628 PM","1.653"
"510","2025-08-23 8:07:53.629 PM","1.653"
"511","2025-08-23 8:07:53.630 PM","1.658"
"512","2025-08-23 8:07:53.631 PM","1.653"
"513","2025-08-23 8:07:53.632 PM","1.653"
"514","2025-08-23 8:07:53.633 PM","1.653"
"515","2025-08-23 8:07:53.634 PM","1.653"
"516","2025-08-23 8:07:53.635 PM","1.653"
"517","2025-08-23 8:07:53.636 PM","1.648"
"518","2025-08-23 8:07:53.637 PM","1.648"
"519","2025-08-23 8:07:53.638 PM","1.648"
"520","2025-08-23 8:07:53.639 PM","1.648"
"521","2025-08-23 8:07:53.640 PM","1.648"
"522","2025-08-23 8:07:53.641 PM","1.653"
"523","2025-08-23 8:07:53.642 PM","1.653"
"524","2025-08-23 8:07:53.643 PM","1.658"
"525","2025-08-23 8:07:53.644 PM","1.653"
"526","2025-08-23 8:07:53.645 PM","1.658"
"527","2025-08-23 8:07:53.646 PM","1.653"
"528","2025-08-23 8:07:53.647 PM","1.658"
"529","2025-08-23 8:07:53.648 PM","1.658"
"530","2025-08-23 8:07:53.649 PM","1.658"
"531","2025-08-23 8:07:53.650 PM","1.653"
"532","2025-08-23 8:07:53.651 PM","1.653"
"533","2025-08-23 8:07:53.652 PM","1.653"
"534","2025-08-23 8:07:53.653 PM","1.653"
"535","2025-08-23 8:07:53.654 PM","1.653"
"536","2025-08-23 8:07:53.655 PM","1.653"
"537","2025-08-23 8:07:53.656 PM","1.653"
"538","2025-08-23 8:07:53.657 PM","1.653"
"539","2025-08-23 8:07:53.658 PM","1.653"
"540","2025-08-23 8:07:53.659 PM","1.653"
"541","2025-08-23 8:07:53.660 PM","1.639"
"542","2025-08-23 8:07:53.661 PM","1.639"
"543","2025-08-23 8:07:53.662 PM","1.639"
"544","2025-08-23 8:07:53.663 PM","1.639"
"545","2025-08-23 8:07:53.664 PM","1.639"
"546","2025-08-23 8:07:53.665 PM","1.634"
"547","2025-08-23 8:07:53.666 PM","1.634"
"548","2025-08-23 8:07:53.667 PM","1.634"
"549","2025-08-23 8:07:53.668 PM","1.634"
"550","2025-08-23 8:07:53.669 PM","1.634"
"551","2025-08-23 8:07:53.670 PM","1.634"
"552","2025-08-23 8:07:53.671 PM","1.629"
"553","2025-08-23 8:07:53.672 PM","1.629"
"554","2025-08-23 8:07:53.673 PM","1.629"
"555","2025-08-23 8:07:53.674 PM","1.634"
"556","2025-08-23 8:07:53.675 PM","1.639"
"557","2025-08-23 8:07:53.676 PM","1.639"
"558","2025-08-23 8:07:53.677 PM","1.658"
"559","2025-08-23 8:07:53.678 PM","1.658"
"560","2025-08-23 8:07:53.679 PM","1.653"
"561","2025-08-23 8:07:53.680 PM","1.653"
"562","2025-08-23 8:07:53.681 PM","1.658"
"563","2025-08-23 8:07:53.682 PM","1.653"
"564","2025-08-23 8:07:53.683 PM","1.653"
"565","2025-08-23 8:07:53.684 PM","1.653"
"566","2025-08-23 8:07:53.685 PM","1.653"
"567","2025-08-23 8:07:53.686 PM","1.653"
"568","2025-08-23 8:07:53.687 PM","1.653"
"569","2025-08-23 8:07:53.688 PM","1.653"
"570","2025-08-23 8:07:53.689 PM","1.653"
"571","2025-08-23 8:07:53.690 PM","1.653"
"572","2025-08-23 8:07:53.691 PM","1.653"
"573","2025-08-23 8:07:53.692 PM","1.653"
"574","2025-08-23 8:07:53.693 PM","1.658"
"575","2025-08-23 8:07:53.694 PM","1.658"
"576","2025-08-23 8:07:53.695 PM","1.658"
"577","2025-08-23 8:07:53.696 PM","1.653"
"578","2025-08-23 8:07:53.697 PM","1.653"
"579","2025-08-23 8:07:53.698 PM","1.658"
"580","2025-08-23 8:07:53.699 PM","1.653"
"581","2025-08-23 8:07:53.700 PM","1.653"
"582","2025-08-23 8:07:53.701 PM","1.653"
"583","2025-08-23 8:07:53.702 PM","1.648"
"584","2025-08-23 8:07:53.703 PM","1.648"
"585","2025-08-23 8:07:53.704 PM","1.648"
"586","2025-08-23 8:07:53.705 PM","1.648"
"587","2025-08-23 8:07:53.706 PM","1.648"
"588","2025-08-23 8:07:53.707 PM","1.658"
"589","2025-08-23 8:07:53.708 PM","1.653"
"590","2025-08-23 8:07:53.709 PM","1.653"
"591","2025-08-23 8:07:53.710 PM","1.639"
"592","2025-08-23 8:07:53.711 PM","1.639"
"593","2025-08-23 8:07:53.712 PM","1.639"
"594","2025-08-23 8:07:53.713 PM","1.634"
"595","2025-08-23 8:07:53.714 PM","1.639"
"596","2025-08-23 8:07:53.715 PM","1.634"
"597","2025-08-23 8:07:53.716 PM","1.634"
"598","2025-08-23 8:07:53.717 PM","1.634"
"599","2025-08-23 8:07:53.718 PM","1.639"
"600","2025-08-23 8:07:53.719 PM","1.634"
"601","2025-08-23 8:07:53.720 PM","1.634"
"602","2025-08-23 8:07:53.721 PM","1.634"
"603","2025-08-23 8:07:53.722 PM","1.634"
"604","2025-08-23 8:07:53.723 PM","1.634"
"605","2025-08-23 8:07:53.724 PM","1.639"
"606","2025-08-23 8:07:53.725 PM","1.639"
"607","2025-08-23 8:07:53.726 PM","1.658"
"608","2025-08-23 8:07:53.727 PM","1.653"
"609","2025-08-23 8:07:53.728 PM","1.653"
"610","2025-08-23 8:07:53.729 PM","1.658"
"611","2025-08-23 8:07:53.730 PM","1.658"
"612","2025-08-23 8:07:53.731 PM","1.653"
"613","2025-08-23 8:07:53.732 PM","1.653"
"614","2025-08-23 8:07:53.733 PM","1.648"
"615","2025-08-23 8:07:53.734 PM","1.648"
"616","2025-08-23 8:07:53.735 PM","1.653"
"617","2025-08-23 8:07:53.736 PM","1.648"
"618","2025-08-23 8:07:53.737 PM","1.648"
"619","2025-08-23 8:07:53.738 PM","1.648"
"620","2025-08-23 8:07:53.739 PM","1.643"
"621","2025-08-23 8:07:53.740 PM","1.653"
"622","2025-08-23 8:07:53.741 PM","1.653"
"623","2025-08-23 8:07:53.742 PM","1.653"
"624","2025-08-23 8:07:53.743 PM","1.653"
"625","2025-08-23 8:07:53.744 PM","1.653"
"626","2025-08-23 8:07:53.745 PM","1.658"
"627","2025-08-23 8:07:53.746 PM","1.653"
"628","2025-08-23 8:07:53.747 PM","1.658"
"629","2025-08-23 8:07:53.748 PM","1.658"
"630","2025-08-23 8:07:53.749 PM","1.653"
"631","2025-08-23 8:07:53.750 PM","1.653"
"632","2025-08-23 8:07:53.751 PM","1.653"
"633","2025-08-23 8:07:53.752 PM","1.653"
"634","2025-08-23 8:07:53.753 PM","1.653"
"635","2025-08-23 8:07:53.754 PM","1.653"
"636","2025-08-23 8:07:53.755 PM","1.653"
"637","2025-08-23 8:07:53.756 PM","1.653"
"638","2025-08-23 8:07:53.757 PM","1.653"
"639","2025-08-23 8:07:53.758 PM","1.653"
"640","2025-08-23 8:07:53.759 PM","1.639"
"641","2025-08-23 8:07:53.760 PM","1.639"
"642","2025-08-23 8:07:53.761 PM","1.639"
"643","2025-08-23 8:07:53.762 PM","1.639"
"644","2025-08-23 8:07:53.763 PM","1.634"
"645","2025-08-23 8:07:53.764 PM","1.639"
"646","2025-08-23 8:07:53.765 PM","1.634"
"647","2025-08-23 8:07:53.766 PM","1.634"
"648","2025-08-23 8:07:53.767 PM","1.634"
"649","2025-08-23 8:07:53.768 PM","1.629"
"650","2025-08-23 8:07:53.769 PM","1.629"
"651","2025-08-23 8:07:53.770 PM","1.629"
"652","2025-08-23 8:07:53.771 PM","1.629"
"653","2025-08-23 8:07:53.772 PM","1.629"
"654","2025-08-23 8:07:53.773 PM","1.634"
"655","2025-08-23 8:07:53.774 PM","1.634"
"656","2025-08-23 8:07:53.775 PM","1.639"
"657","2025-08-23 8:07:53.776 PM","1.658"
"658","2025-08-23 8:07:53.777 PM","1.658"
"659","2025-08-23 8:07:53.778 PM","1.653"
"660","2025-08-23 8:07:53.779 PM","1.653"
"661","2025-08-23 8:07:53.780 PM","1.658"
"662","2025-08-23 8:07:53.781 PM","1.658"
"663","2025-08-23 8:07:53.782 PM","1.653"
"664","2025-08-23 8:07:53.783 PM","1.653"
"665","2025-08-23 8:07:53.784 PM","1.653"
"666","2025-08-23 8:07:53.785 PM","1.653"
"667","2025-08-23 8:07:53.786 PM","1.653"
"668","2025-08-23 8:07:53.787 PM","1.653"
"669","2025-08-23 8:07:53.788 PM","1.653"
"670","2025-08-23 8:07:53.789 PM","1.653"
"671","2025-08-23 8:07:53.790 PM","1.653"
"672","2025-08-23 8:07:53.791 PM","1.653"
"673","2025-08-23 8:07:53.792 PM","1.653"
"674","2025-08-23 8:07:53.793 PM","1.653"
"675","2025-08-23 8:07:53.794 PM","1.658"
"676","2025-08-23 8:07:53.795 PM","1.658"
"677","2025-08-23 8:07:53.796 PM","1.658"
"678","2025-08-23 8:07:53.797 PM","1.653"
"679","2025-08-23 8:07:53.798 PM","1.648"
"680","2025-08-23 8:07:53.799 PM","1.648"
"681","2025-08-23 8:07:53.800 PM","1.648"
"682","2025-08-23 8:07:53.801 PM","1.648"
"683","2025-08-23 8:07:53.802 PM","1.648"
"684","2025-08-23 8:07:53.803 PM","1.648"
"685","2025-08-23 8:07:53.804 PM","1.648"
"686","2025-08-23 8:07:53.805 PM","1.643"
"687","2025-08-23 8:07:53.806 PM","1.653"
"688","2025-08-23 8:07:53.807 PM","1.653"
"689","2025-08-23 8:07:53.808 PM","1.653"
"690","2025-08-23 8:07:53.809 PM","1.639"
"691","2025-08-23 8:07:53.810 PM","1.639"
"692","2025-08-23 8:07:53.811 PM","1.639"
"693","2025-08-23 8:07:53.812 PM","1.639"
"694","2025-08-23 8:07:53.813 PM","1.639"
"695","2025-08-23 8:07:53.814 PM","1.634"
"696","2025-08-23 8:07:53.815 PM","1.639"
"697","2025-08-23 8:07:53.816 PM","1.634"
"698","2025-08-23 8:07:53.817 PM","1.639"
"699","2025-08-23 8:07:53.818 PM","1.634"
"700","2025-08-23 8:07:53.819 PM","1.634"
"701","2025-08-23 8:07:53.820 PM","1.634"
"702","2025-08-23 8:07:53.821 PM","1.634"
"703","2025-08-23 8:07:53.822 PM","1.634"
"704","2025-08-23 8:07:53.823 PM","1.639"
"705","2025-08-23 8:07:53.824 PM","1.634"
"706","2025-08-23 8:07:53.825 PM","1.653"
"707","2025-08-23 8:07:53.826 PM","1.653"
"708","2025-08-23 8:07:53.827 PM","1.653"
"709","2025-08-23 8:07:53.828 PM","1.653"
"710","2025-08-23 8:07:53.829 PM","1.658"
"711","2025-08-23 8:07:53.830 PM","1.653"
"712","2025-08-23 8:07:53.831 PM","1.648"
"713","2025-08-23 8:07:53.832 PM","1.653"
"714","2025-08-23 8:07:53.833 PM","1.648"
"715","2025-08-23 8:07:53.834 PM","1.648"
"716","2025-08-23 8:07:53.835 PM","1.648"
"717","2025-08-23 8:07:53.836 PM","1.648"
"718","2025-08-23 8:07:53.837 PM","1.648"
"719","2025-08-23 8:07:53.838 PM","1.658"
"720","2025-08-23 8:07:53.839 PM","1.653"
"721","2025-08-23 8:07:53.840 PM","1.653"
"722","2025-08-23 8:07:53.841 PM","1.653"
"723","2025-08-23 8:07:53.842 PM","1.634"
"724","2025-08-23 8:07:53.843 PM","1.639"
"725","2025-08-23 8:07:53.844 PM","1.639"
"726","2025-08-23 8:07:53.845 PM","1.639"
"727","2025-08-23 8:07:53.846 PM","1.639"
"728","2025-08-23 8:07:53.847 PM","1.639"
"729","2025-08-23 8:07:53.848 PM","1.634"
"730","2025-08-23 8:07:53.849 PM","1.639"
"731","2025-08-23 8:07:53.850 PM","1.634"
"732","2025-08-23 8:07:53.851 PM","1.634"
"733","2025-08-23 8:07:53.852 PM","1.634"
"734","2025-08-23 8:07:53.853 PM","1.634"
"735","2025-08-23 8:07:53.854 PM","1.634"
"736","2025-08-23 8:07:53.855 PM","1.634"
"737","2025-08-23 8:07:53.856 PM","1.639"
"738","2025-08-23 8:07:53.857 PM","1.639"
"739","2025-08-23 8:07:53.858 PM","1.639"
"740","2025-08-23 8:07:53.859 PM","1.639"
"741","2025-08-23 8:07:53.860 PM","1.639"
"742","2025-08-23 8:07:53.861 PM","1.634"
"743","2025-08-23 8:07:53.862 PM","1.639"
"744","2025-08-23 8:07:53.863 PM","1.639"
"745","2025-08-23 8:07:53.864 PM","1.634"
"746","2025-08-23 8:07:53.865 PM","1.634"
"747","2025-08-23 8:07:53.866 PM","1.634"
"748","2025-08-23 8:07:53.867 PM","1.629"
"749","2025-08-23 8:07:53.868 PM","1.629"
"750","2025-08-23 8:07:53.869 PM","1.629"
"751","2025-08-23 8:07:53.870 PM","1.634"
"752","2025-08-23 8:07:53.871 PM","1.639"
"753","2025-08-23 8:07:53.872 PM","1.634"
"754","2025-08-23 8:07:53.873 PM","1.639"
"755","2025-08-23 8:07:53.874 PM","1.639"
"756","2025-08-23 8:07:53.875 PM","1.653"
"757","2025-08-23 8:07:53.876 PM","1.653"
"758","2025-08-23 8:07:53.877 PM","1.653"
"759","2025-08-23 8:07:53.878 PM","1.658"
"760","2025-08-23 8:07:53.879 PM","1.658"
"761","2025-08-23 8:07:53.880 PM","1.658"
"762","2025-08-23 8:07:53.881 PM","1.653"
"763","2025-08-23 8:07:53.882 PM","1.653"
"764","2025-08-23 8:07:53.883 PM","1.653"
"765","2025-08-23 8:07:53.884 PM","1.653"
"766","2025-08-23 8:07:53.885 PM","1.653"
"767","2025-08-23 8:07:53.886 PM","1.653"
"768","2025-08-23 8:07:53.887 PM","1.653"
"769","2025-08-23 8:07:53.888 PM","1.653"
"770","2025-08-23 8:07:53.889 PM","1.653"
"771","2025-08-23 8:07:53.890 PM","1.653"
"772","2025-08-23 8:07:53.891 PM","1.653"
"773","2025-08-23 8:07:53.892 PM","1.653"
"774","2025-08-23 8:07:53.893 PM","1.653"
"775","2025-08-23 8:07:53.894 PM","1.653"
"776","2025-08-23 8:07:53.895 PM","1.653"
"777","2025-08-23 8:07:53.896 PM","1.653"
"778","2025-08-23 8:07:53.897 PM","1.653"
"779","2025-08-23 8:07:53.898 PM","1.648"
"780","2025-08-23 8:07:53.899 PM","1.648"
"781","2025-08-23 8:07:53.900 PM","1.648"
"782","2025-08-23 8:07:53.901 PM","1.648"
"783","2025-08-23 8:07:53.902 PM","1.648"
"784","2025-08-23 8:07:53.903 PM","1.658"
"785","2025-08-23 8:07:53.904 PM","1.658"
"786","2025-08-23 8:07:53.905 PM","1.653"
"787","2025-08-23 8:07:53.906 PM","1.653"
"788","2025-08-23 8:07:53.907 PM","1.653"
"789","2025-08-23 8:07:53.908 PM","1.639"
"790","2025-08-23 8:07:53.909 PM","1.634"
"791","2025-08-23 8:07:53.910 PM","1.639"
"792","2025-08-23 8:07:53.911 PM","1.639"
"793","2025-08-23 8:07:53.912 PM","1.639"
"794","2025-08-23 8:07:53.913 PM","1.639"
"795","2025-08-23 8:07:53.914 PM","1.639"
"796","2025-08-23 8:07:53.915 PM","1.634"
"797","2025-08-23 8:07:53.916 PM","1.634"
"798","2025-08-23 8:07:53.917 PM","1.634"
"799","2025-08-23 8:07:53.918 PM","1.634"
"800","2025-08-23 8:07:53.919 PM","1.634"
"801","2025-08-23 8:07:53.920 PM","1.634"
"802","2025-08-23 8:07:53.921 PM","1.634"
"803","2025-08-23 8:07:53.922 PM","1.639"
"804","2025-08-23 8:07:53.923 PM","1.639"
"805","2025-08-23 8:07:53.924 PM","1.653"
"806","2025-08-23 8:07:53.925 PM","1.653"
"807","2025-08-23 8:07:53.926 PM","1.653"
"808","2025-08-23 8:07:53.927 PM","1.653"
"809","2025-08-23 8:07:53.928 PM","1.653"
"810","2025-08-23 8:07:53.929 PM","1.653"
"811","2025-08-23 8:07:53.930 PM","1.648"
"812","2025-08-23 8:07:53.931 PM","1.648"
"813","2025-08-23 8:07:53.932 PM","1.648"
"814","2025-08-23 8:07:53.933 PM","1.648"
"815","2025-08-23 8:07:53.934 PM","1.643"
"816","2025-08-23 8:07:53.935 PM","1.653"
"817","2025-08-23 8:07:53.936 PM","1.658"
"818","2025-08-23 8:07:53.937 PM","1.663"
"819","2025-08-23 8:07:53.938 PM","1.653"
"820","2025-08-23 8:07:53.939 PM","1.653"
"821","2025-08-23 8:07:53.940 PM","1.653"
"822","2025-08-23 8:07:53.941 PM","1.658"
"823","2025-08-23 8:07:53.942 PM","1.653"
"824","2025-08-23 8:07:53.943 PM","1.653"
"825","2025-08-23 8:07:53.944 PM","1.658"
"826","2025-08-23 8:07:53.945 PM","1.653"
"827","2025-08-23 8:07:53.946 PM","1.653"
"828","2025-08-23 8:07:53.947 PM","1.653"
"829","2025-08-23 8:07:53.948 PM","1.653"
"830","2025-08-23 8:07:53.949 PM","1.653"
"831","2025-08-23 8:07:53.950 PM","1.653"
"832","2025-08-23 8:07:53.951 PM","1.653"
"833","2025-08-23 8:07:53.952 PM","1.653"
"834","2025-08-23 8:07:53.953 PM","1.653"
"835","2025-08-23 8:07:53.954 PM","1.653"
"836","2025-08-23 8:07:53.955 PM","1.653"
"837","2025-08-23 8:07:53.956 PM","1.653"
"838","2025-08-23 8:07:53.957 PM","1.634"
"839","2025-08-23 8:07:53.958 PM","1.634"
"840","2025-08-23 8:07:53.959 PM","1.634"
"841","2025-08-23 8:07:53.960 PM","1.639"
"842","2025-08-23 8:07:53.961 PM","1.639"
"843","2025-08-23 8:07:53.962 PM","1.639"
"844","2025-08-23 8:07:53.963 PM","1.634"
"845","2025-08-23 8:07:53.964 PM","1.629"
"846","2025-08-23 8:07:53.965 PM","1.629"
"847","2025-08-23 8:07:53.966 PM","1.629"
"848","2025-08-23 8:07:53.967 PM","1.629"
"849","2025-08-23 8:07:53.968 PM","1.639"
"850","2025-08-23 8:07:53.969 PM","1.639"
"851","2025-08-23 8:07:53.970 PM","1.643"
"852","2025-08-23 8:07:53.971 PM","1.639"
"853","2025-08-23 8:07:53.972 PM","1.639"
"854","2025-08-23 8:07:53.973 PM","1.634"
"855","2025-08-23 8:07:53.974 PM","1.653"
"856","2025-08-23 8:07:53.975 PM","1.658"
"857","2025-08-23 8:07:53.976 PM","1.658"
"858","2025-08-23 8:07:53.977 PM","1.658"
"859","2025-08-23 8:07:53.978 PM","1.658"
"860","2025-08-23 8:07:53.979 PM","1.653"
"861","2025-08-23 8:07:53.980 PM","1.653"
"862","2025-08-23 8:07:53.981 PM","1.653"
"863","2025-08-23 8:07:53.982 PM","1.653"
"864","2025-08-23 8:07:53.983 PM","1.653"
"865","2025-08-23 8:07:53.984 PM","1.653"
"866","2025-08-23 8:07:53.985 PM","1.653"
"867","2025-08-23 8:07:53.986 PM","1.653"
"868","2025-08-23 8:07:53.987 PM","1.653"
"869","2025-08-23 8:07:53.988 PM","1.653"
"870","2025-08-23 8:07:53.989 PM","1.653"
"871","2025-08-23 8:07:53.990 PM","1.639"
"872","2025-08-23 8:07:53.991 PM","1.639"
"873","2025-08-23 8:07:53.992 PM","1.639"
"874","2025-08-23 8:07:53.993 PM","1.634"
"875","2025-08-23 8:07:53.994 PM","1.639"
"876","2025-08-23 8:07:53.995 PM","1.639"
"877","2025-08-23 8:07:53.996 PM","1.634"
"878","2025-08-23 8:07:53.997 PM","1.629"
"879","2025-08-23 8:07:53.998 PM","1.629"
"880","2025-08-23 8:07:53.999 PM","1.624"
"881","2025-08-23 8:07:54.000 PM","1.639"
"882","2025-08-23 8:07:54.001 PM","1.639"
"883","2025-08-23 8:07:54.002 PM","1.639"
"884","2025-08-23 8:07:54.003 PM","1.643"
"885","2025-08-23 8:07:54.004 PM","1.639"
"886","2025-08-23 8:07:54.005 PM","1.634"
"887","2025-08-23 8:07:54.006 PM","1.634"
"888","2025-08-23 8:07:54.007 PM","1.639"
"889","2025-08-23 8:07:54.008 PM","1.639"
"890","2025-08-23 8:07:54.009 PM","1.639"
"891","2025-08-23 8:07:54.010 PM","1.634"
"892","2025-08-23 8:07:54.011 PM","1.639"
"893","2025-08-23 8:07:54.012 PM","1.639"
"894","2025-08-23 8:07:54.013 PM","1.634"
"895","2025-08-23 8:07:54.014 PM","1.634"
"896","2025-08-23 8:07:54.015 PM","1.634"
"897","2025-08-23 8:07:54.016 PM","1.634"
"898","2025-08-23 8:07:54.017 PM","1.634"
"899","2025-08-23 8:07:54.018 PM","1.629"
"900","2025-08-23 8:07:54.019 PM","1.634"
"901","2025-08-23 8:07:54.020 PM","1.634"
"902","2025-08-23 8:07:54.021 PM","1.634"
"903","2025-08-23 8:07:54.022 PM","1.634"
"904","2025-08-23 8:07:54.023 PM","1.658"
"905","2025-08-23 8:07:54.024 PM","1.653"
"906","2025-08-23 8:07:54.025 PM","1.658"
"907","2025-08-23 8:07:54.026 PM","1.653"
"908","2025-08-23 8:07:54.027 PM","1.658"
"909","2025-08-23 8:07:54.028 PM","1.653"
"910","2025-08-23 8:07:54.029 PM","1.653"
"911","2025-08-23 8:07:54.030 PM","1.648"
"912","2025-08-23 8:07:54.031 PM","1.643"
"913","2025-08-23 8:07:54.032 PM","1.648"
"914","2025-08-23 8:07:54.033 PM","1.658"
"915","2025-08-23 8:07:54.034 PM","1.663"
"916","2025-08-23 8:07:54.035 PM","1.663"
"917","2025-08-23 8:07:54.036 PM","1.663"
"918","2025-08-23 8:07:54.037 PM","1.653"
"919","2025-08-23 8:07:54.038 PM","1.658"
"920","2025-08-23 8:07:54.039 PM","1.658"
"921","2025-08-23 8:07:54.040 PM","1.639"
"922","2025-08-23 8:07:54.041 PM","1.634"
"923","2025-08-23 8:07:54.042 PM","1.639"
"924","2025-08-23 8:07:54.043 PM","1.639"
"925","2025-08-23 8:07:54.044 PM","1.639"
"926","2025-08-23 8:07:54.045 PM","1.639"
"927","2025-08-23 8:07:54.046 PM","1.634"
