"Device: USB-205"
"Serial Number: 22B4008"
"Channel Count: 1"
"Sample Count: 10416"
"Start Time: 2025-08-23 9:18:41.854 PM"
"Scan Rate: 1000"
"Sample","Date/Time","AI0 (V)"
"0","2025-08-23 9:18:41.854 PM","1.482"
"1","2025-08-23 9:18:41.855 PM","1.482"
"2","2025-08-23 9:18:41.856 PM","1.482"
"3","2025-08-23 9:18:41.857 PM","1.482"
"4","2025-08-23 9:18:41.858 PM","1.482"
"5","2025-08-23 9:18:41.859 PM","1.487"
"6","2025-08-23 9:18:41.860 PM","1.487"
"7","2025-08-23 9:18:41.861 PM","1.477"
"8","2025-08-23 9:18:41.862 PM","1.482"
"9","2025-08-23 9:18:41.863 PM","1.477"
"10","2025-08-23 9:18:41.864 PM","1.482"
"11","2025-08-23 9:18:41.865 PM","1.477"
"12","2025-08-23 9:18:41.866 PM","1.482"
"13","2025-08-23 9:18:41.867 PM","1.477"
"14","2025-08-23 9:18:41.868 PM","1.482"
"15","2025-08-23 9:18:41.869 PM","1.482"
"16","2025-08-23 9:18:41.870 PM","1.502"
"17","2025-08-23 9:18:41.871 PM","1.497"
"18","2025-08-23 9:18:41.872 PM","1.502"
"19","2025-08-23 9:18:41.873 PM","1.502"
"20","2025-08-23 9:18:41.874 PM","1.502"
"21","2025-08-23 9:18:41.875 PM","1.497"
"22","2025-08-23 9:18:41.876 PM","1.497"
"23","2025-08-23 9:18:41.877 PM","1.497"
"24","2025-08-23 9:18:41.878 PM","1.497"
"25","2025-08-23 9:18:41.879 PM","1.497"
"26","2025-08-23 9:18:41.880 PM","1.497"
"27","2025-08-23 9:18:41.881 PM","1.497"
"28","2025-08-23 9:18:41.882 PM","1.497"
"29","2025-08-23 9:18:41.883 PM","1.497"
"30","2025-08-23 9:18:41.884 PM","1.497"
"31","2025-08-23 9:18:41.885 PM","1.502"
"32","2025-08-23 9:18:41.886 PM","1.575"
"33","2025-08-23 9:18:41.887 PM","1.575"
"34","2025-08-23 9:18:41.888 PM","1.575"
"35","2025-08-23 9:18:41.889 PM","1.575"
"36","2025-08-23 9:18:41.890 PM","1.575"
"37","2025-08-23 9:18:41.891 PM","1.580"
"38","2025-08-23 9:18:41.892 PM","1.585"
"39","2025-08-23 9:18:41.893 PM","1.575"
"40","2025-08-23 9:18:41.894 PM","1.575"
"41","2025-08-23 9:18:41.895 PM","1.575"
"42","2025-08-23 9:18:41.896 PM","1.575"
"43","2025-08-23 9:18:41.897 PM","1.575"
"44","2025-08-23 9:18:41.898 PM","1.575"
"45","2025-08-23 9:18:41.899 PM","1.575"
"46","2025-08-23 9:18:41.900 PM","1.575"
"47","2025-08-23 9:18:41.901 PM","1.575"
"48","2025-08-23 9:18:41.902 PM","1.575"
"49","2025-08-23 9:18:41.903 PM","1.692"
"50","2025-08-23 9:18:41.904 PM","1.692"
"51","2025-08-23 9:18:41.905 PM","1.692"
"52","2025-08-23 9:18:41.906 PM","1.692"
"53","2025-08-23 9:18:41.907 PM","1.692"
"54","2025-08-23 9:18:41.908 PM","1.692"
"55","2025-08-23 9:18:41.909 PM","1.692"
"56","2025-08-23 9:18:41.910 PM","1.687"
"57","2025-08-23 9:18:41.911 PM","1.687"
"58","2025-08-23 9:18:41.912 PM","1.687"
"59","2025-08-23 9:18:41.913 PM","1.687"
"60","2025-08-23 9:18:41.914 PM","1.687"
"61","2025-08-23 9:18:41.915 PM","1.687"
"62","2025-08-23 9:18:41.916 PM","1.687"
"63","2025-08-23 9:18:41.917 PM","1.692"
"64","2025-08-23 9:18:41.918 PM","1.692"
"65","2025-08-23 9:18:41.919 PM","1.692"
"66","2025-08-23 9:18:41.920 PM","1.731"
"67","2025-08-23 9:18:41.921 PM","1.736"
"68","2025-08-23 9:18:41.922 PM","1.731"
"69","2025-08-23 9:18:41.923 PM","1.731"
"70","2025-08-23 9:18:41.924 PM","1.731"
"71","2025-08-23 9:18:41.925 PM","1.731"
"72","2025-08-23 9:18:41.926 PM","1.731"
"73","2025-08-23 9:18:41.927 PM","1.731"
"74","2025-08-23 9:18:41.928 PM","1.731"
"75","2025-08-23 9:18:41.929 PM","1.731"
"76","2025-08-23 9:18:41.930 PM","1.731"
"77","2025-08-23 9:18:41.931 PM","1.731"
"78","2025-08-23 9:18:41.932 PM","1.731"
"79","2025-08-23 9:18:41.933 PM","1.731"
"80","2025-08-23 9:18:41.934 PM","1.731"
"81","2025-08-23 9:18:41.935 PM","1.731"
"82","2025-08-23 9:18:41.936 PM","1.653"
"83","2025-08-23 9:18:41.937 PM","1.653"
"84","2025-08-23 9:18:41.938 PM","1.653"
"85","2025-08-23 9:18:41.939 PM","1.658"
"86","2025-08-23 9:18:41.940 PM","1.653"
"87","2025-08-23 9:18:41.941 PM","1.653"
"88","2025-08-23 9:18:41.942 PM","1.653"
"89","2025-08-23 9:18:41.943 PM","1.653"
"90","2025-08-23 9:18:41.944 PM","1.653"
"91","2025-08-23 9:18:41.945 PM","1.653"
"92","2025-08-23 9:18:41.946 PM","1.653"
"93","2025-08-23 9:18:41.947 PM","1.648"
"94","2025-08-23 9:18:41.948 PM","1.648"
"95","2025-08-23 9:18:41.949 PM","1.648"
"96","2025-08-23 9:18:41.950 PM","1.653"
"97","2025-08-23 9:18:41.951 PM","1.653"
"98","2025-08-23 9:18:41.952 PM","1.541"
"99","2025-08-23 9:18:41.953 PM","1.541"
"100","2025-08-23 9:18:41.954 PM","1.541"
"101","2025-08-23 9:18:41.955 PM","1.541"
"102","2025-08-23 9:18:41.956 PM","1.541"
"103","2025-08-23 9:18:41.957 PM","1.541"
"104","2025-08-23 9:18:41.958 PM","1.541"
"105","2025-08-23 9:18:41.959 PM","1.536"
"106","2025-08-23 9:18:41.960 PM","1.541"
"107","2025-08-23 9:18:41.961 PM","1.541"
"108","2025-08-23 9:18:41.962 PM","1.541"
"109","2025-08-23 9:18:41.963 PM","1.541"
"110","2025-08-23 9:18:41.964 PM","1.541"
"111","2025-08-23 9:18:41.965 PM","1.541"
"112","2025-08-23 9:18:41.966 PM","1.536"
"113","2025-08-23 9:18:41.967 PM","1.541"
"114","2025-08-23 9:18:41.968 PM","1.541"
"115","2025-08-23 9:18:41.969 PM","1.482"
"116","2025-08-23 9:18:41.970 PM","1.482"
"117","2025-08-23 9:18:41.971 PM","1.482"
"118","2025-08-23 9:18:41.972 PM","1.482"
"119","2025-08-23 9:18:41.973 PM","1.482"
"120","2025-08-23 9:18:41.974 PM","1.482"
"121","2025-08-23 9:18:41.975 PM","1.477"
"122","2025-08-23 9:18:41.976 PM","1.477"
"123","2025-08-23 9:18:41.977 PM","1.477"
"124","2025-08-23 9:18:41.978 PM","1.477"
"125","2025-08-23 9:18:41.979 PM","1.477"
"126","2025-08-23 9:18:41.980 PM","1.477"
"127","2025-08-23 9:18:41.981 PM","1.477"
"128","2025-08-23 9:18:41.982 PM","1.473"
"129","2025-08-23 9:18:41.983 PM","1.477"
"130","2025-08-23 9:18:41.984 PM","1.482"
"131","2025-08-23 9:18:41.985 PM","1.521"
"132","2025-08-23 9:18:41.986 PM","1.521"
"133","2025-08-23 9:18:41.987 PM","1.526"
"134","2025-08-23 9:18:41.988 PM","1.521"
"135","2025-08-23 9:18:41.989 PM","1.521"
"136","2025-08-23 9:18:41.990 PM","1.526"
"137","2025-08-23 9:18:41.991 PM","1.526"
"138","2025-08-23 9:18:41.992 PM","1.521"
"139","2025-08-23 9:18:41.993 PM","1.521"
"140","2025-08-23 9:18:41.994 PM","1.521"
"141","2025-08-23 9:18:41.995 PM","1.521"
"142","2025-08-23 9:18:41.996 PM","1.521"
"143","2025-08-23 9:18:41.997 PM","1.512"
"144","2025-08-23 9:18:41.998 PM","1.521"
"145","2025-08-23 9:18:41.999 PM","1.521"
"146","2025-08-23 9:18:42.000 PM","1.521"
"147","2025-08-23 9:18:42.001 PM","1.521"
"148","2025-08-23 9:18:42.002 PM","1.614"
"149","2025-08-23 9:18:42.003 PM","1.614"
"150","2025-08-23 9:18:42.004 PM","1.614"
"151","2025-08-23 9:18:42.005 PM","1.614"
"152","2025-08-23 9:18:42.006 PM","1.614"
"153","2025-08-23 9:18:42.007 PM","1.614"
"154","2025-08-23 9:18:42.008 PM","1.614"
"155","2025-08-23 9:18:42.009 PM","1.609"
"156","2025-08-23 9:18:42.010 PM","1.609"
"157","2025-08-23 9:18:42.011 PM","1.609"
"158","2025-08-23 9:18:42.012 PM","1.609"
"159","2025-08-23 9:18:42.013 PM","1.609"
"160","2025-08-23 9:18:42.014 PM","1.604"
"161","2025-08-23 9:18:42.015 PM","1.609"
"162","2025-08-23 9:18:42.016 PM","1.614"
"163","2025-08-23 9:18:42.017 PM","1.614"
"164","2025-08-23 9:18:42.018 PM","1.614"
"165","2025-08-23 9:18:42.019 PM","1.707"
"166","2025-08-23 9:18:42.020 PM","1.712"
"167","2025-08-23 9:18:42.021 PM","1.712"
"168","2025-08-23 9:18:42.022 PM","1.712"
"169","2025-08-23 9:18:42.023 PM","1.712"
"170","2025-08-23 9:18:42.024 PM","1.712"
"171","2025-08-23 9:18:42.025 PM","1.707"
"172","2025-08-23 9:18:42.026 PM","1.707"
"173","2025-08-23 9:18:42.027 PM","1.712"
"174","2025-08-23 9:18:42.028 PM","1.707"
"175","2025-08-23 9:18:42.029 PM","1.707"
"176","2025-08-23 9:18:42.030 PM","1.707"
"177","2025-08-23 9:18:42.031 PM","1.707"
"178","2025-08-23 9:18:42.032 PM","1.707"
"179","2025-08-23 9:18:42.033 PM","1.712"
"180","2025-08-23 9:18:42.034 PM","1.707"
"181","2025-08-23 9:18:42.035 PM","1.712"
"182","2025-08-23 9:18:42.036 PM","1.712"
"183","2025-08-23 9:18:42.037 PM","1.707"
"184","2025-08-23 9:18:42.038 PM","1.707"
"185","2025-08-23 9:18:42.039 PM","1.712"
"186","2025-08-23 9:18:42.040 PM","1.712"
"187","2025-08-23 9:18:42.041 PM","1.707"
"188","2025-08-23 9:18:42.042 PM","1.707"
"189","2025-08-23 9:18:42.043 PM","1.702"
"190","2025-08-23 9:18:42.044 PM","1.702"
"191","2025-08-23 9:18:42.045 PM","1.707"
"192","2025-08-23 9:18:42.046 PM","1.702"
"193","2025-08-23 9:18:42.047 PM","1.702"
"194","2025-08-23 9:18:42.048 PM","1.702"
"195","2025-08-23 9:18:42.049 PM","1.707"
"196","2025-08-23 9:18:42.050 PM","1.707"
"197","2025-08-23 9:18:42.051 PM","1.639"
"198","2025-08-23 9:18:42.052 PM","1.639"
"199","2025-08-23 9:18:42.053 PM","1.639"
"200","2025-08-23 9:18:42.054 PM","1.639"
"201","2025-08-23 9:18:42.055 PM","1.639"
"202","2025-08-23 9:18:42.056 PM","1.634"
"203","2025-08-23 9:18:42.057 PM","1.639"
"204","2025-08-23 9:18:42.058 PM","1.639"
"205","2025-08-23 9:18:42.059 PM","1.639"
"206","2025-08-23 9:18:42.060 PM","1.634"
"207","2025-08-23 9:18:42.061 PM","1.634"
"208","2025-08-23 9:18:42.062 PM","1.634"
"209","2025-08-23 9:18:42.063 PM","1.634"
"210","2025-08-23 9:18:42.064 PM","1.634"
"211","2025-08-23 9:18:42.065 PM","1.634"
"212","2025-08-23 9:18:42.066 PM","1.639"
"213","2025-08-23 9:18:42.067 PM","1.634"
"214","2025-08-23 9:18:42.068 PM","1.497"
"215","2025-08-23 9:18:42.069 PM","1.502"
"216","2025-08-23 9:18:42.070 PM","1.502"
"217","2025-08-23 9:18:42.071 PM","1.502"
"218","2025-08-23 9:18:42.072 PM","1.502"
"219","2025-08-23 9:18:42.073 PM","1.502"
"220","2025-08-23 9:18:42.074 PM","1.497"
"221","2025-08-23 9:18:42.075 PM","1.497"
"222","2025-08-23 9:18:42.076 PM","1.497"
"223","2025-08-23 9:18:42.077 PM","1.497"
"224","2025-08-23 9:18:42.078 PM","1.492"
"225","2025-08-23 9:18:42.079 PM","1.492"
"226","2025-08-23 9:18:42.080 PM","1.492"
"227","2025-08-23 9:18:42.081 PM","1.492"
"228","2025-08-23 9:18:42.082 PM","1.497"
"229","2025-08-23 9:18:42.083 PM","1.497"
"230","2025-08-23 9:18:42.084 PM","1.482"
"231","2025-08-23 9:18:42.085 PM","1.482"
"232","2025-08-23 9:18:42.086 PM","1.482"
"233","2025-08-23 9:18:42.087 PM","1.482"
"234","2025-08-23 9:18:42.088 PM","1.482"
"235","2025-08-23 9:18:42.089 PM","1.482"
"236","2025-08-23 9:18:42.090 PM","1.482"
"237","2025-08-23 9:18:42.091 PM","1.482"
"238","2025-08-23 9:18:42.092 PM","1.482"
"239","2025-08-23 9:18:42.093 PM","1.482"
"240","2025-08-23 9:18:42.094 PM","1.477"
"241","2025-08-23 9:18:42.095 PM","1.477"
"242","2025-08-23 9:18:42.096 PM","1.482"
"243","2025-08-23 9:18:42.097 PM","1.477"
"244","2025-08-23 9:18:42.098 PM","1.482"
"245","2025-08-23 9:18:42.099 PM","1.482"
"246","2025-08-23 9:18:42.100 PM","1.482"
"247","2025-08-23 9:18:42.101 PM","1.541"
"248","2025-08-23 9:18:42.102 PM","1.541"
"249","2025-08-23 9:18:42.103 PM","1.541"
"250","2025-08-23 9:18:42.104 PM","1.541"
"251","2025-08-23 9:18:42.105 PM","1.541"
"252","2025-08-23 9:18:42.106 PM","1.541"
"253","2025-08-23 9:18:42.107 PM","1.536"
"254","2025-08-23 9:18:42.108 PM","1.536"
"255","2025-08-23 9:18:42.109 PM","1.536"
"256","2025-08-23 9:18:42.110 PM","1.536"
"257","2025-08-23 9:18:42.111 PM","1.536"
"258","2025-08-23 9:18:42.112 PM","1.536"
"259","2025-08-23 9:18:42.113 PM","1.531"
"260","2025-08-23 9:18:42.114 PM","1.531"
"261","2025-08-23 9:18:42.115 PM","1.541"
"262","2025-08-23 9:18:42.116 PM","1.541"
"263","2025-08-23 9:18:42.117 PM","1.541"
"264","2025-08-23 9:18:42.118 PM","1.639"
"265","2025-08-23 9:18:42.119 PM","1.639"
"266","2025-08-23 9:18:42.120 PM","1.639"
"267","2025-08-23 9:18:42.121 PM","1.634"
"268","2025-08-23 9:18:42.122 PM","1.634"
"269","2025-08-23 9:18:42.123 PM","1.639"
"270","2025-08-23 9:18:42.124 PM","1.639"
"271","2025-08-23 9:18:42.125 PM","1.634"
"272","2025-08-23 9:18:42.126 PM","1.639"
"273","2025-08-23 9:18:42.127 PM","1.634"
"274","2025-08-23 9:18:42.128 PM","1.634"
"275","2025-08-23 9:18:42.129 PM","1.634"
"276","2025-08-23 9:18:42.130 PM","1.634"
"277","2025-08-23 9:18:42.131 PM","1.634"
"278","2025-08-23 9:18:42.132 PM","1.634"
"279","2025-08-23 9:18:42.133 PM","1.639"
"280","2025-08-23 9:18:42.134 PM","1.731"
"281","2025-08-23 9:18:42.135 PM","1.736"
"282","2025-08-23 9:18:42.136 PM","1.731"
"283","2025-08-23 9:18:42.137 PM","1.731"
"284","2025-08-23 9:18:42.138 PM","1.731"
"285","2025-08-23 9:18:42.139 PM","1.731"
"286","2025-08-23 9:18:42.140 PM","1.731"
"287","2025-08-23 9:18:42.141 PM","1.731"
"288","2025-08-23 9:18:42.142 PM","1.726"
"289","2025-08-23 9:18:42.143 PM","1.726"
"290","2025-08-23 9:18:42.144 PM","1.726"
"291","2025-08-23 9:18:42.145 PM","1.726"
"292","2025-08-23 9:18:42.146 PM","1.726"
"293","2025-08-23 9:18:42.147 PM","1.717"
"294","2025-08-23 9:18:42.148 PM","1.731"
"295","2025-08-23 9:18:42.149 PM","1.731"
"296","2025-08-23 9:18:42.150 PM","1.731"
"297","2025-08-23 9:18:42.151 PM","1.692"
"298","2025-08-23 9:18:42.152 PM","1.692"
"299","2025-08-23 9:18:42.153 PM","1.692"
"300","2025-08-23 9:18:42.154 PM","1.692"
"301","2025-08-23 9:18:42.155 PM","1.692"
"302","2025-08-23 9:18:42.156 PM","1.692"
"303","2025-08-23 9:18:42.157 PM","1.687"
"304","2025-08-23 9:18:42.158 PM","1.692"
"305","2025-08-23 9:18:42.159 PM","1.692"
"306","2025-08-23 9:18:42.160 PM","1.692"
"307","2025-08-23 9:18:42.161 PM","1.692"
"308","2025-08-23 9:18:42.162 PM","1.692"
"309","2025-08-23 9:18:42.163 PM","1.687"
"310","2025-08-23 9:18:42.164 PM","1.692"
"311","2025-08-23 9:18:42.165 PM","1.687"
"312","2025-08-23 9:18:42.166 PM","1.692"
"313","2025-08-23 9:18:42.167 PM","1.595"
"314","2025-08-23 9:18:42.168 PM","1.595"
"315","2025-08-23 9:18:42.169 PM","1.595"
"316","2025-08-23 9:18:42.170 PM","1.595"
"317","2025-08-23 9:18:42.171 PM","1.595"
"318","2025-08-23 9:18:42.172 PM","1.595"
"319","2025-08-23 9:18:42.173 PM","1.590"
"320","2025-08-23 9:18:42.174 PM","1.590"
"321","2025-08-23 9:18:42.175 PM","1.590"
"322","2025-08-23 9:18:42.176 PM","1.590"
"323","2025-08-23 9:18:42.177 PM","1.590"
"324","2025-08-23 9:18:42.178 PM","1.590"
"325","2025-08-23 9:18:42.179 PM","1.585"
"326","2025-08-23 9:18:42.180 PM","1.600"
"327","2025-08-23 9:18:42.181 PM","1.595"
"328","2025-08-23 9:18:42.182 PM","1.595"
"329","2025-08-23 9:18:42.183 PM","1.482"
"330","2025-08-23 9:18:42.184 PM","1.482"
"331","2025-08-23 9:18:42.185 PM","1.482"
"332","2025-08-23 9:18:42.186 PM","1.482"
"333","2025-08-23 9:18:42.187 PM","1.482"
"334","2025-08-23 9:18:42.188 PM","1.482"
"335","2025-08-23 9:18:42.189 PM","1.482"
"336","2025-08-23 9:18:42.190 PM","1.482"
"337","2025-08-23 9:18:42.191 PM","1.482"
"338","2025-08-23 9:18:42.192 PM","1.482"
"339","2025-08-23 9:18:42.193 PM","1.482"
"340","2025-08-23 9:18:42.194 PM","1.477"
"341","2025-08-23 9:18:42.195 PM","1.477"
"342","2025-08-23 9:18:42.196 PM","1.477"
"343","2025-08-23 9:18:42.197 PM","1.477"
"344","2025-08-23 9:18:42.198 PM","1.482"
"345","2025-08-23 9:18:42.199 PM","1.482"
"346","2025-08-23 9:18:42.200 PM","1.482"
"347","2025-08-23 9:18:42.201 PM","1.482"
"348","2025-08-23 9:18:42.202 PM","1.482"
"349","2025-08-23 9:18:42.203 PM","1.482"
"350","2025-08-23 9:18:42.204 PM","1.482"
"351","2025-08-23 9:18:42.205 PM","1.482"
"352","2025-08-23 9:18:42.206 PM","1.477"
"353","2025-08-23 9:18:42.207 PM","1.482"
"354","2025-08-23 9:18:42.208 PM","1.477"
"355","2025-08-23 9:18:42.209 PM","1.477"
"356","2025-08-23 9:18:42.210 PM","1.477"
"357","2025-08-23 9:18:42.211 PM","1.473"
"358","2025-08-23 9:18:42.212 PM","1.473"
"359","2025-08-23 9:18:42.213 PM","1.482"
"360","2025-08-23 9:18:42.214 PM","1.482"
"361","2025-08-23 9:18:42.215 PM","1.482"
"362","2025-08-23 9:18:42.216 PM","1.482"
"363","2025-08-23 9:18:42.217 PM","1.560"
"364","2025-08-23 9:18:42.218 PM","1.560"
"365","2025-08-23 9:18:42.219 PM","1.560"
"366","2025-08-23 9:18:42.220 PM","1.560"
"367","2025-08-23 9:18:42.221 PM","1.560"
"368","2025-08-23 9:18:42.222 PM","1.560"
"369","2025-08-23 9:18:42.223 PM","1.560"
"370","2025-08-23 9:18:42.224 PM","1.560"
"371","2025-08-23 9:18:42.225 PM","1.560"
"372","2025-08-23 9:18:42.226 PM","1.556"
"373","2025-08-23 9:18:42.227 PM","1.560"
"374","2025-08-23 9:18:42.228 PM","1.560"
"375","2025-08-23 9:18:42.229 PM","1.556"
"376","2025-08-23 9:18:42.230 PM","1.556"
"377","2025-08-23 9:18:42.231 PM","1.556"
"378","2025-08-23 9:18:42.232 PM","1.556"
"379","2025-08-23 9:18:42.233 PM","1.658"
"380","2025-08-23 9:18:42.234 PM","1.658"
"381","2025-08-23 9:18:42.235 PM","1.658"
"382","2025-08-23 9:18:42.236 PM","1.658"
"383","2025-08-23 9:18:42.237 PM","1.658"
"384","2025-08-23 9:18:42.238 PM","1.658"
"385","2025-08-23 9:18:42.239 PM","1.653"
"386","2025-08-23 9:18:42.240 PM","1.648"
"387","2025-08-23 9:18:42.241 PM","1.653"
"388","2025-08-23 9:18:42.242 PM","1.648"
"389","2025-08-23 9:18:42.243 PM","1.653"
"390","2025-08-23 9:18:42.244 PM","1.648"
"391","2025-08-23 9:18:42.245 PM","1.658"
"392","2025-08-23 9:18:42.246 PM","1.658"
"393","2025-08-23 9:18:42.247 PM","1.653"
"394","2025-08-23 9:18:42.248 PM","1.658"
"395","2025-08-23 9:18:42.249 PM","1.653"
"396","2025-08-23 9:18:42.250 PM","1.731"
"397","2025-08-23 9:18:42.251 PM","1.731"
"398","2025-08-23 9:18:42.252 PM","1.731"
"399","2025-08-23 9:18:42.253 PM","1.731"
"400","2025-08-23 9:18:42.254 PM","1.731"
"401","2025-08-23 9:18:42.255 PM","1.731"
"402","2025-08-23 9:18:42.256 PM","1.731"
"403","2025-08-23 9:18:42.257 PM","1.731"
"404","2025-08-23 9:18:42.258 PM","1.731"
"405","2025-08-23 9:18:42.259 PM","1.731"
"406","2025-08-23 9:18:42.260 PM","1.726"
"407","2025-08-23 9:18:42.261 PM","1.726"
"408","2025-08-23 9:18:42.262 PM","1.726"
"409","2025-08-23 9:18:42.263 PM","1.726"
"410","2025-08-23 9:18:42.264 PM","1.731"
"411","2025-08-23 9:18:42.265 PM","1.731"
"412","2025-08-23 9:18:42.266 PM","1.653"
"413","2025-08-23 9:18:42.267 PM","1.658"
"414","2025-08-23 9:18:42.268 PM","1.658"
"415","2025-08-23 9:18:42.269 PM","1.658"
"416","2025-08-23 9:18:42.270 PM","1.658"
"417","2025-08-23 9:18:42.271 PM","1.658"
"418","2025-08-23 9:18:42.272 PM","1.648"
"419","2025-08-23 9:18:42.273 PM","1.648"
"420","2025-08-23 9:18:42.274 PM","1.648"
"421","2025-08-23 9:18:42.275 PM","1.648"
"422","2025-08-23 9:18:42.276 PM","1.648"
"423","2025-08-23 9:18:42.277 PM","1.658"
"424","2025-08-23 9:18:42.278 PM","1.658"
"425","2025-08-23 9:18:42.279 PM","1.663"
"426","2025-08-23 9:18:42.280 PM","1.653"
"427","2025-08-23 9:18:42.281 PM","1.653"
"428","2025-08-23 9:18:42.282 PM","1.653"
"429","2025-08-23 9:18:42.283 PM","1.560"
"430","2025-08-23 9:18:42.284 PM","1.560"
"431","2025-08-23 9:18:42.285 PM","1.560"
"432","2025-08-23 9:18:42.286 PM","1.560"
"433","2025-08-23 9:18:42.287 PM","1.560"
"434","2025-08-23 9:18:42.288 PM","1.560"
"435","2025-08-23 9:18:42.289 PM","1.560"
"436","2025-08-23 9:18:42.290 PM","1.556"
"437","2025-08-23 9:18:42.291 PM","1.556"
"438","2025-08-23 9:18:42.292 PM","1.556"
"439","2025-08-23 9:18:42.293 PM","1.556"
"440","2025-08-23 9:18:42.294 PM","1.556"
"441","2025-08-23 9:18:42.295 PM","1.556"
"442","2025-08-23 9:18:42.296 PM","1.556"
"443","2025-08-23 9:18:42.297 PM","1.556"
"444","2025-08-23 9:18:42.298 PM","1.556"
"445","2025-08-23 9:18:42.299 PM","1.482"
"446","2025-08-23 9:18:42.300 PM","1.482"
"447","2025-08-23 9:18:42.301 PM","1.482"
"448","2025-08-23 9:18:42.302 PM","1.482"
"449","2025-08-23 9:18:42.303 PM","1.482"
"450","2025-08-23 9:18:42.304 PM","1.482"
"451","2025-08-23 9:18:42.305 PM","1.477"
"452","2025-08-23 9:18:42.306 PM","1.473"
"453","2025-08-23 9:18:42.307 PM","1.477"
"454","2025-08-23 9:18:42.308 PM","1.473"
"455","2025-08-23 9:18:42.309 PM","1.477"
"456","2025-08-23 9:18:42.310 PM","1.487"
"457","2025-08-23 9:18:42.311 PM","1.487"
"458","2025-08-23 9:18:42.312 PM","1.487"
"459","2025-08-23 9:18:42.313 PM","1.482"
"460","2025-08-23 9:18:42.314 PM","1.482"
"461","2025-08-23 9:18:42.315 PM","1.482"
"462","2025-08-23 9:18:42.316 PM","1.502"
"463","2025-08-23 9:18:42.317 PM","1.497"
"464","2025-08-23 9:18:42.318 PM","1.502"
"465","2025-08-23 9:18:42.319 PM","1.502"
"466","2025-08-23 9:18:42.320 PM","1.502"
"467","2025-08-23 9:18:42.321 PM","1.502"
"468","2025-08-23 9:18:42.322 PM","1.497"
"469","2025-08-23 9:18:42.323 PM","1.502"
"470","2025-08-23 9:18:42.324 PM","1.497"
"471","2025-08-23 9:18:42.325 PM","1.497"
"472","2025-08-23 9:18:42.326 PM","1.497"
"473","2025-08-23 9:18:42.327 PM","1.497"
"474","2025-08-23 9:18:42.328 PM","1.497"
"475","2025-08-23 9:18:42.329 PM","1.497"
"476","2025-08-23 9:18:42.330 PM","1.497"
"477","2025-08-23 9:18:42.331 PM","1.497"
"478","2025-08-23 9:18:42.332 PM","1.595"
"479","2025-08-23 9:18:42.333 PM","1.595"
"480","2025-08-23 9:18:42.334 PM","1.595"
"481","2025-08-23 9:18:42.335 PM","1.595"
"482","2025-08-23 9:18:42.336 PM","1.600"
"483","2025-08-23 9:18:42.337 PM","1.595"
"484","2025-08-23 9:18:42.338 PM","1.595"
"485","2025-08-23 9:18:42.339 PM","1.585"
"486","2025-08-23 9:18:42.340 PM","1.590"
"487","2025-08-23 9:18:42.341 PM","1.585"
"488","2025-08-23 9:18:42.342 PM","1.600"
"489","2025-08-23 9:18:42.343 PM","1.595"
"490","2025-08-23 9:18:42.344 PM","1.600"
"491","2025-08-23 9:18:42.345 PM","1.600"
"492","2025-08-23 9:18:42.346 PM","1.595"
"493","2025-08-23 9:18:42.347 PM","1.595"
"494","2025-08-23 9:18:42.348 PM","1.595"
"495","2025-08-23 9:18:42.349 PM","1.692"
"496","2025-08-23 9:18:42.350 PM","1.692"
"497","2025-08-23 9:18:42.351 PM","1.692"
"498","2025-08-23 9:18:42.352 PM","1.692"
"499","2025-08-23 9:18:42.353 PM","1.692"
"500","2025-08-23 9:18:42.354 PM","1.692"
"501","2025-08-23 9:18:42.355 PM","1.692"
"502","2025-08-23 9:18:42.356 PM","1.692"
"503","2025-08-23 9:18:42.357 PM","1.687"
"504","2025-08-23 9:18:42.358 PM","1.687"
"505","2025-08-23 9:18:42.359 PM","1.687"
"506","2025-08-23 9:18:42.360 PM","1.692"
"507","2025-08-23 9:18:42.361 PM","1.687"
"508","2025-08-23 9:18:42.362 PM","1.687"
"509","2025-08-23 9:18:42.363 PM","1.692"
"510","2025-08-23 9:18:42.364 PM","1.692"
"511","2025-08-23 9:18:42.365 PM","1.731"
"512","2025-08-23 9:18:42.366 PM","1.731"
"513","2025-08-23 9:18:42.367 PM","1.731"
"514","2025-08-23 9:18:42.368 PM","1.731"
"515","2025-08-23 9:18:42.369 PM","1.731"
"516","2025-08-23 9:18:42.370 PM","1.736"
"517","2025-08-23 9:18:42.371 PM","1.726"
"518","2025-08-23 9:18:42.372 PM","1.726"
"519","2025-08-23 9:18:42.373 PM","1.726"
"520","2025-08-23 9:18:42.374 PM","1.731"
"521","2025-08-23 9:18:42.375 PM","1.731"
"522","2025-08-23 9:18:42.376 PM","1.736"
"523","2025-08-23 9:18:42.377 PM","1.741"
"524","2025-08-23 9:18:42.378 PM","1.731"
"525","2025-08-23 9:18:42.379 PM","1.731"
"526","2025-08-23 9:18:42.380 PM","1.731"
"527","2025-08-23 9:18:42.381 PM","1.731"
"528","2025-08-23 9:18:42.382 PM","1.658"
"529","2025-08-23 9:18:42.383 PM","1.658"
"530","2025-08-23 9:18:42.384 PM","1.653"
"531","2025-08-23 9:18:42.385 PM","1.653"
"532","2025-08-23 9:18:42.386 PM","1.658"
"533","2025-08-23 9:18:42.387 PM","1.658"
"534","2025-08-23 9:18:42.388 PM","1.658"
"535","2025-08-23 9:18:42.389 PM","1.653"
"536","2025-08-23 9:18:42.390 PM","1.653"
"537","2025-08-23 9:18:42.391 PM","1.653"
"538","2025-08-23 9:18:42.392 PM","1.653"
"539","2025-08-23 9:18:42.393 PM","1.653"
"540","2025-08-23 9:18:42.394 PM","1.653"
"541","2025-08-23 9:18:42.395 PM","1.648"
"542","2025-08-23 9:18:42.396 PM","1.653"
"543","2025-08-23 9:18:42.397 PM","1.653"
"544","2025-08-23 9:18:42.398 PM","1.521"
"545","2025-08-23 9:18:42.399 PM","1.526"
"546","2025-08-23 9:18:42.400 PM","1.526"
"547","2025-08-23 9:18:42.401 PM","1.521"
"548","2025-08-23 9:18:42.402 PM","1.521"
"549","2025-08-23 9:18:42.403 PM","1.521"
"550","2025-08-23 9:18:42.404 PM","1.512"
"551","2025-08-23 9:18:42.405 PM","1.512"
"552","2025-08-23 9:18:42.406 PM","1.512"
"553","2025-08-23 9:18:42.407 PM","1.526"
"554","2025-08-23 9:18:42.408 PM","1.526"
"555","2025-08-23 9:18:42.409 PM","1.526"
"556","2025-08-23 9:18:42.410 PM","1.531"
"557","2025-08-23 9:18:42.411 PM","1.521"
"558","2025-08-23 9:18:42.412 PM","1.521"
"559","2025-08-23 9:18:42.413 PM","1.521"
"560","2025-08-23 9:18:42.414 PM","1.521"
"561","2025-08-23 9:18:42.415 PM","1.482"
"562","2025-08-23 9:18:42.416 PM","1.482"
"563","2025-08-23 9:18:42.417 PM","1.482"
"564","2025-08-23 9:18:42.418 PM","1.482"
"565","2025-08-23 9:18:42.419 PM","1.482"
"566","2025-08-23 9:18:42.420 PM","1.482"
"567","2025-08-23 9:18:42.421 PM","1.477"
"568","2025-08-23 9:18:42.422 PM","1.477"
"569","2025-08-23 9:18:42.423 PM","1.477"
"570","2025-08-23 9:18:42.424 PM","1.477"
"571","2025-08-23 9:18:42.425 PM","1.482"
"572","2025-08-23 9:18:42.426 PM","1.477"
"573","2025-08-23 9:18:42.427 PM","1.477"
"574","2025-08-23 9:18:42.428 PM","1.482"
"575","2025-08-23 9:18:42.429 PM","1.482"
"576","2025-08-23 9:18:42.430 PM","1.482"
"577","2025-08-23 9:18:42.431 PM","1.526"
"578","2025-08-23 9:18:42.432 PM","1.521"
"579","2025-08-23 9:18:42.433 PM","1.521"
"580","2025-08-23 9:18:42.434 PM","1.521"
"581","2025-08-23 9:18:42.435 PM","1.521"
"582","2025-08-23 9:18:42.436 PM","1.521"
"583","2025-08-23 9:18:42.437 PM","1.521"
"584","2025-08-23 9:18:42.438 PM","1.512"
"585","2025-08-23 9:18:42.439 PM","1.526"
"586","2025-08-23 9:18:42.440 PM","1.526"
"587","2025-08-23 9:18:42.441 PM","1.526"
"588","2025-08-23 9:18:42.442 PM","1.526"
"589","2025-08-23 9:18:42.443 PM","1.521"
"590","2025-08-23 9:18:42.444 PM","1.521"
"591","2025-08-23 9:18:42.445 PM","1.521"
"592","2025-08-23 9:18:42.446 PM","1.521"
"593","2025-08-23 9:18:42.447 PM","1.521"
"594","2025-08-23 9:18:42.448 PM","1.614"
"595","2025-08-23 9:18:42.449 PM","1.614"
"596","2025-08-23 9:18:42.450 PM","1.614"
"597","2025-08-23 9:18:42.451 PM","1.614"
"598","2025-08-23 9:18:42.452 PM","1.614"
"599","2025-08-23 9:18:42.453 PM","1.614"
"600","2025-08-23 9:18:42.454 PM","1.614"
"601","2025-08-23 9:18:42.455 PM","1.609"
"602","2025-08-23 9:18:42.456 PM","1.609"
"603","2025-08-23 9:18:42.457 PM","1.609"
"604","2025-08-23 9:18:42.458 PM","1.609"
"605","2025-08-23 9:18:42.459 PM","1.609"
"606","2025-08-23 9:18:42.460 PM","1.609"
"607","2025-08-23 9:18:42.461 PM","1.609"
"608","2025-08-23 9:18:42.462 PM","1.614"
"609","2025-08-23 9:18:42.463 PM","1.614"
"610","2025-08-23 9:18:42.464 PM","1.712"
"611","2025-08-23 9:18:42.465 PM","1.712"
"612","2025-08-23 9:18:42.466 PM","1.712"
"613","2025-08-23 9:18:42.467 PM","1.707"
"614","2025-08-23 9:18:42.468 PM","1.712"
"615","2025-08-23 9:18:42.469 PM","1.712"
"616","2025-08-23 9:18:42.470 PM","1.702"
"617","2025-08-23 9:18:42.471 PM","1.712"
"618","2025-08-23 9:18:42.472 PM","1.712"
"619","2025-08-23 9:18:42.473 PM","1.712"
"620","2025-08-23 9:18:42.474 PM","1.717"
"621","2025-08-23 9:18:42.475 PM","1.717"
"622","2025-08-23 9:18:42.476 PM","1.707"
"623","2025-08-23 9:18:42.477 PM","1.707"
"624","2025-08-23 9:18:42.478 PM","1.707"
"625","2025-08-23 9:18:42.479 PM","1.707"
"626","2025-08-23 9:18:42.480 PM","1.707"
"627","2025-08-23 9:18:42.481 PM","1.707"
"628","2025-08-23 9:18:42.482 PM","1.712"
"629","2025-08-23 9:18:42.483 PM","1.712"
"630","2025-08-23 9:18:42.484 PM","1.712"
"631","2025-08-23 9:18:42.485 PM","1.712"
"632","2025-08-23 9:18:42.486 PM","1.712"
"633","2025-08-23 9:18:42.487 PM","1.707"
"634","2025-08-23 9:18:42.488 PM","1.712"
"635","2025-08-23 9:18:42.489 PM","1.712"
"636","2025-08-23 9:18:42.490 PM","1.707"
"637","2025-08-23 9:18:42.491 PM","1.707"
"638","2025-08-23 9:18:42.492 PM","1.707"
"639","2025-08-23 9:18:42.493 PM","1.707"
"640","2025-08-23 9:18:42.494 PM","1.707"
"641","2025-08-23 9:18:42.495 PM","1.712"
"642","2025-08-23 9:18:42.496 PM","1.707"
"643","2025-08-23 9:18:42.497 PM","1.609"
"644","2025-08-23 9:18:42.498 PM","1.614"
"645","2025-08-23 9:18:42.499 PM","1.614"
"646","2025-08-23 9:18:42.500 PM","1.614"
"647","2025-08-23 9:18:42.501 PM","1.614"
"648","2025-08-23 9:18:42.502 PM","1.614"
"649","2025-08-23 9:18:42.503 PM","1.604"
"650","2025-08-23 9:18:42.504 PM","1.614"
"651","2025-08-23 9:18:42.505 PM","1.624"
"652","2025-08-23 9:18:42.506 PM","1.624"
"653","2025-08-23 9:18:42.507 PM","1.624"
"654","2025-08-23 9:18:42.508 PM","1.614"
"655","2025-08-23 9:18:42.509 PM","1.609"
"656","2025-08-23 9:18:42.510 PM","1.609"
"657","2025-08-23 9:18:42.511 PM","1.609"
"658","2025-08-23 9:18:42.512 PM","1.614"
"659","2025-08-23 9:18:42.513 PM","1.614"
"660","2025-08-23 9:18:42.514 PM","1.502"
"661","2025-08-23 9:18:42.515 PM","1.502"
"662","2025-08-23 9:18:42.516 PM","1.502"
"663","2025-08-23 9:18:42.517 PM","1.502"
"664","2025-08-23 9:18:42.518 PM","1.502"
"665","2025-08-23 9:18:42.519 PM","1.502"
"666","2025-08-23 9:18:42.520 PM","1.502"
"667","2025-08-23 9:18:42.521 PM","1.497"
"668","2025-08-23 9:18:42.522 PM","1.497"
"669","2025-08-23 9:18:42.523 PM","1.497"
"670","2025-08-23 9:18:42.524 PM","1.502"
"671","2025-08-23 9:18:42.525 PM","1.497"
"672","2025-08-23 9:18:42.526 PM","1.492"
"673","2025-08-23 9:18:42.527 PM","1.497"
"674","2025-08-23 9:18:42.528 PM","1.497"
"675","2025-08-23 9:18:42.529 PM","1.497"
"676","2025-08-23 9:18:42.530 PM","1.482"
"677","2025-08-23 9:18:42.531 PM","1.482"
"678","2025-08-23 9:18:42.532 PM","1.482"
"679","2025-08-23 9:18:42.533 PM","1.482"
"680","2025-08-23 9:18:42.534 PM","1.482"
"681","2025-08-23 9:18:42.535 PM","1.482"
"682","2025-08-23 9:18:42.536 PM","1.482"
"683","2025-08-23 9:18:42.537 PM","1.487"
"684","2025-08-23 9:18:42.538 PM","1.487"
"685","2025-08-23 9:18:42.539 PM","1.487"
"686","2025-08-23 9:18:42.540 PM","1.477"
"687","2025-08-23 9:18:42.541 PM","1.477"
"688","2025-08-23 9:18:42.542 PM","1.477"
"689","2025-08-23 9:18:42.543 PM","1.482"
"690","2025-08-23 9:18:42.544 PM","1.482"
"691","2025-08-23 9:18:42.545 PM","1.482"
"692","2025-08-23 9:18:42.546 PM","1.482"
"693","2025-08-23 9:18:42.547 PM","1.541"
"694","2025-08-23 9:18:42.548 PM","1.541"
"695","2025-08-23 9:18:42.549 PM","1.541"
"696","2025-08-23 9:18:42.550 PM","1.541"
"697","2025-08-23 9:18:42.551 PM","1.541"
"698","2025-08-23 9:18:42.552 PM","1.541"
"699","2025-08-23 9:18:42.553 PM","1.536"
"700","2025-08-23 9:18:42.554 PM","1.541"
"701","2025-08-23 9:18:42.555 PM","1.536"
"702","2025-08-23 9:18:42.556 PM","1.536"
"703","2025-08-23 9:18:42.557 PM","1.541"
"704","2025-08-23 9:18:42.558 PM","1.536"
"705","2025-08-23 9:18:42.559 PM","1.536"
"706","2025-08-23 9:18:42.560 PM","1.536"
"707","2025-08-23 9:18:42.561 PM","1.541"
"708","2025-08-23 9:18:42.562 PM","1.536"
"709","2025-08-23 9:18:42.563 PM","1.653"
"710","2025-08-23 9:18:42.564 PM","1.653"
"711","2025-08-23 9:18:42.565 PM","1.653"
"712","2025-08-23 9:18:42.566 PM","1.653"
"713","2025-08-23 9:18:42.567 PM","1.658"
"714","2025-08-23 9:18:42.568 PM","1.658"
"715","2025-08-23 9:18:42.569 PM","1.658"
"716","2025-08-23 9:18:42.570 PM","1.658"
"717","2025-08-23 9:18:42.571 PM","1.658"
"718","2025-08-23 9:18:42.572 PM","1.653"
"719","2025-08-23 9:18:42.573 PM","1.653"
"720","2025-08-23 9:18:42.574 PM","1.653"
"721","2025-08-23 9:18:42.575 PM","1.653"
"722","2025-08-23 9:18:42.576 PM","1.653"
"723","2025-08-23 9:18:42.577 PM","1.653"
"724","2025-08-23 9:18:42.578 PM","1.653"
"725","2025-08-23 9:18:42.579 PM","1.653"
"726","2025-08-23 9:18:42.580 PM","1.736"
"727","2025-08-23 9:18:42.581 PM","1.736"
"728","2025-08-23 9:18:42.582 PM","1.731"
"729","2025-08-23 9:18:42.583 PM","1.731"
"730","2025-08-23 9:18:42.584 PM","1.731"
"731","2025-08-23 9:18:42.585 PM","1.731"
"732","2025-08-23 9:18:42.586 PM","1.731"
"733","2025-08-23 9:18:42.587 PM","1.731"
"734","2025-08-23 9:18:42.588 PM","1.731"
"735","2025-08-23 9:18:42.589 PM","1.726"
"736","2025-08-23 9:18:42.590 PM","1.731"
"737","2025-08-23 9:18:42.591 PM","1.726"
"738","2025-08-23 9:18:42.592 PM","1.731"
"739","2025-08-23 9:18:42.593 PM","1.726"
"740","2025-08-23 9:18:42.594 PM","1.731"
"741","2025-08-23 9:18:42.595 PM","1.731"
"742","2025-08-23 9:18:42.596 PM","1.692"
"743","2025-08-23 9:18:42.597 PM","1.692"
"744","2025-08-23 9:18:42.598 PM","1.692"
"745","2025-08-23 9:18:42.599 PM","1.692"
"746","2025-08-23 9:18:42.600 PM","1.692"
"747","2025-08-23 9:18:42.601 PM","1.692"
"748","2025-08-23 9:18:42.602 PM","1.697"
"749","2025-08-23 9:18:42.603 PM","1.697"
"750","2025-08-23 9:18:42.604 PM","1.697"
"751","2025-08-23 9:18:42.605 PM","1.692"
"752","2025-08-23 9:18:42.606 PM","1.692"
"753","2025-08-23 9:18:42.607 PM","1.692"
"754","2025-08-23 9:18:42.608 PM","1.692"
"755","2025-08-23 9:18:42.609 PM","1.687"
"756","2025-08-23 9:18:42.610 PM","1.687"
"757","2025-08-23 9:18:42.611 PM","1.692"
"758","2025-08-23 9:18:42.612 PM","1.692"
"759","2025-08-23 9:18:42.613 PM","1.580"
"760","2025-08-23 9:18:42.614 PM","1.580"
"761","2025-08-23 9:18:42.615 PM","1.575"
"762","2025-08-23 9:18:42.616 PM","1.580"
"763","2025-08-23 9:18:42.617 PM","1.575"
"764","2025-08-23 9:18:42.618 PM","1.575"
"765","2025-08-23 9:18:42.619 PM","1.575"
"766","2025-08-23 9:18:42.620 PM","1.575"
"767","2025-08-23 9:18:42.621 PM","1.575"
"768","2025-08-23 9:18:42.622 PM","1.575"
"769","2025-08-23 9:18:42.623 PM","1.575"
"770","2025-08-23 9:18:42.624 PM","1.575"
"771","2025-08-23 9:18:42.625 PM","1.570"
"772","2025-08-23 9:18:42.626 PM","1.570"
"773","2025-08-23 9:18:42.627 PM","1.575"
"774","2025-08-23 9:18:42.628 PM","1.575"
"775","2025-08-23 9:18:42.629 PM","1.482"
"776","2025-08-23 9:18:42.630 PM","1.482"
"777","2025-08-23 9:18:42.631 PM","1.482"
"778","2025-08-23 9:18:42.632 PM","1.482"
"779","2025-08-23 9:18:42.633 PM","1.482"
"780","2025-08-23 9:18:42.634 PM","1.482"
"781","2025-08-23 9:18:42.635 PM","1.487"
"782","2025-08-23 9:18:42.636 PM","1.487"
"783","2025-08-23 9:18:42.637 PM","1.482"
"784","2025-08-23 9:18:42.638 PM","1.482"
"785","2025-08-23 9:18:42.639 PM","1.482"
"786","2025-08-23 9:18:42.640 PM","1.482"
"787","2025-08-23 9:18:42.641 PM","1.477"
"788","2025-08-23 9:18:42.642 PM","1.482"
"789","2025-08-23 9:18:42.643 PM","1.482"
"790","2025-08-23 9:18:42.644 PM","1.482"
"791","2025-08-23 9:18:42.645 PM","1.477"
"792","2025-08-23 9:18:42.646 PM","1.482"
"793","2025-08-23 9:18:42.647 PM","1.482"
"794","2025-08-23 9:18:42.648 PM","1.482"
"795","2025-08-23 9:18:42.649 PM","1.482"
"796","2025-08-23 9:18:42.650 PM","1.482"
"797","2025-08-23 9:18:42.651 PM","1.482"
"798","2025-08-23 9:18:42.652 PM","1.482"
"799","2025-08-23 9:18:42.653 PM","1.482"
"800","2025-08-23 9:18:42.654 PM","1.477"
"801","2025-08-23 9:18:42.655 PM","1.477"
"802","2025-08-23 9:18:42.656 PM","1.477"
"803","2025-08-23 9:18:42.657 PM","1.477"
"804","2025-08-23 9:18:42.658 PM","1.477"
"805","2025-08-23 9:18:42.659 PM","1.477"
"806","2025-08-23 9:18:42.660 PM","1.482"
"807","2025-08-23 9:18:42.661 PM","1.482"
"808","2025-08-23 9:18:42.662 PM","1.556"
"809","2025-08-23 9:18:42.663 PM","1.560"
"810","2025-08-23 9:18:42.664 PM","1.560"
"811","2025-08-23 9:18:42.665 PM","1.560"
"812","2025-08-23 9:18:42.666 PM","1.556"
"813","2025-08-23 9:18:42.667 PM","1.560"
"814","2025-08-23 9:18:42.668 PM","1.565"
"815","2025-08-23 9:18:42.669 PM","1.565"
"816","2025-08-23 9:18:42.670 PM","1.560"
"817","2025-08-23 9:18:42.671 PM","1.556"
"818","2025-08-23 9:18:42.672 PM","1.560"
"819","2025-08-23 9:18:42.673 PM","1.560"
"820","2025-08-23 9:18:42.674 PM","1.556"
"821","2025-08-23 9:18:42.675 PM","1.556"
"822","2025-08-23 9:18:42.676 PM","1.556"
"823","2025-08-23 9:18:42.677 PM","1.556"
"824","2025-08-23 9:18:42.678 PM","1.560"
"825","2025-08-23 9:18:42.679 PM","1.673"
"826","2025-08-23 9:18:42.680 PM","1.673"
"827","2025-08-23 9:18:42.681 PM","1.678"
"828","2025-08-23 9:18:42.682 PM","1.673"
"829","2025-08-23 9:18:42.683 PM","1.678"
"830","2025-08-23 9:18:42.684 PM","1.673"
"831","2025-08-23 9:18:42.685 PM","1.673"
"832","2025-08-23 9:18:42.686 PM","1.673"
"833","2025-08-23 9:18:42.687 PM","1.673"
"834","2025-08-23 9:18:42.688 PM","1.673"
"835","2025-08-23 9:18:42.689 PM","1.668"
"836","2025-08-23 9:18:42.690 PM","1.673"
"837","2025-08-23 9:18:42.691 PM","1.668"
"838","2025-08-23 9:18:42.692 PM","1.668"
"839","2025-08-23 9:18:42.693 PM","1.673"
"840","2025-08-23 9:18:42.694 PM","1.678"
"841","2025-08-23 9:18:42.695 PM","1.731"
"842","2025-08-23 9:18:42.696 PM","1.731"
"843","2025-08-23 9:18:42.697 PM","1.731"
"844","2025-08-23 9:18:42.698 PM","1.731"
"845","2025-08-23 9:18:42.699 PM","1.731"
"846","2025-08-23 9:18:42.700 PM","1.731"
"847","2025-08-23 9:18:42.701 PM","1.741"
"848","2025-08-23 9:18:42.702 PM","1.731"
"849","2025-08-23 9:18:42.703 PM","1.731"
"850","2025-08-23 9:18:42.704 PM","1.731"
"851","2025-08-23 9:18:42.705 PM","1.731"
"852","2025-08-23 9:18:42.706 PM","1.731"
"853","2025-08-23 9:18:42.707 PM","1.731"
"854","2025-08-23 9:18:42.708 PM","1.731"
"855","2025-08-23 9:18:42.709 PM","1.731"
"856","2025-08-23 9:18:42.710 PM","1.731"
"857","2025-08-23 9:18:42.711 PM","1.731"
"858","2025-08-23 9:18:42.712 PM","1.653"
"859","2025-08-23 9:18:42.713 PM","1.658"
"860","2025-08-23 9:18:42.714 PM","1.653"
"861","2025-08-23 9:18:42.715 PM","1.658"
"862","2025-08-23 9:18:42.716 PM","1.658"
"863","2025-08-23 9:18:42.717 PM","1.658"
"864","2025-08-23 9:18:42.718 PM","1.658"
"865","2025-08-23 9:18:42.719 PM","1.653"
"866","2025-08-23 9:18:42.720 PM","1.653"
"867","2025-08-23 9:18:42.721 PM","1.653"
"868","2025-08-23 9:18:42.722 PM","1.653"
"869","2025-08-23 9:18:42.723 PM","1.653"
"870","2025-08-23 9:18:42.724 PM","1.653"
"871","2025-08-23 9:18:42.725 PM","1.653"
"872","2025-08-23 9:18:42.726 PM","1.653"
"873","2025-08-23 9:18:42.727 PM","1.658"
"874","2025-08-23 9:18:42.728 PM","1.541"
"875","2025-08-23 9:18:42.729 PM","1.541"
"876","2025-08-23 9:18:42.730 PM","1.541"
"877","2025-08-23 9:18:42.731 PM","1.541"
"878","2025-08-23 9:18:42.732 PM","1.541"
"879","2025-08-23 9:18:42.733 PM","1.541"
"880","2025-08-23 9:18:42.734 PM","1.541"
"881","2025-08-23 9:18:42.735 PM","1.541"
"882","2025-08-23 9:18:42.736 PM","1.541"
"883","2025-08-23 9:18:42.737 PM","1.541"
"884","2025-08-23 9:18:42.738 PM","1.541"
"885","2025-08-23 9:18:42.739 PM","1.541"
"886","2025-08-23 9:18:42.740 PM","1.541"
"887","2025-08-23 9:18:42.741 PM","1.541"
"888","2025-08-23 9:18:42.742 PM","1.541"
"889","2025-08-23 9:18:42.743 PM","1.541"
"890","2025-08-23 9:18:42.744 PM","1.541"
"891","2025-08-23 9:18:42.745 PM","1.482"
"892","2025-08-23 9:18:42.746 PM","1.482"
"893","2025-08-23 9:18:42.747 PM","1.482"
"894","2025-08-23 9:18:42.748 PM","1.482"
"895","2025-08-23 9:18:42.749 PM","1.482"
"896","2025-08-23 9:18:42.750 PM","1.482"
"897","2025-08-23 9:18:42.751 PM","1.482"
"898","2025-08-23 9:18:42.752 PM","1.482"
"899","2025-08-23 9:18:42.753 PM","1.477"
"900","2025-08-23 9:18:42.754 PM","1.482"
"901","2025-08-23 9:18:42.755 PM","1.477"
"902","2025-08-23 9:18:42.756 PM","1.477"
"903","2025-08-23 9:18:42.757 PM","1.477"
"904","2025-08-23 9:18:42.758 PM","1.473"
"905","2025-08-23 9:18:42.759 PM","1.477"
"906","2025-08-23 9:18:42.760 PM","1.482"
"907","2025-08-23 9:18:42.761 PM","1.502"
"908","2025-08-23 9:18:42.762 PM","1.502"
"909","2025-08-23 9:18:42.763 PM","1.502"
"910","2025-08-23 9:18:42.764 PM","1.502"
"911","2025-08-23 9:18:42.765 PM","1.497"
"912","2025-08-23 9:18:42.766 PM","1.502"
"913","2025-08-23 9:18:42.767 PM","1.502"
"914","2025-08-23 9:18:42.768 PM","1.502"
"915","2025-08-23 9:18:42.769 PM","1.497"
"916","2025-08-23 9:18:42.770 PM","1.497"
"917","2025-08-23 9:18:42.771 PM","1.502"
"918","2025-08-23 9:18:42.772 PM","1.497"
"919","2025-08-23 9:18:42.773 PM","1.497"
"920","2025-08-23 9:18:42.774 PM","1.497"
"921","2025-08-23 9:18:42.775 PM","1.497"
"922","2025-08-23 9:18:42.776 PM","1.502"
"923","2025-08-23 9:18:42.777 PM","1.502"
"924","2025-08-23 9:18:42.778 PM","1.595"
"925","2025-08-23 9:18:42.779 PM","1.595"
"926","2025-08-23 9:18:42.780 PM","1.595"
"927","2025-08-23 9:18:42.781 PM","1.595"
