"Device: USB-205"
"Serial Number: 22B4008"
"Channel Count: 1"
"Sample Count: 10332"
"Start Time: 2025-08-24 12:17:36.950 PM"
"Scan Rate: 1000"
"Sample","Date/Time","AI0 (V)"
"0","2025-08-24 12:17:36.950 PM","1.477"
"1","2025-08-24 12:17:36.951 PM","1.477"
"2","2025-08-24 12:17:36.952 PM","1.477"
"3","2025-08-24 12:17:36.953 PM","1.477"
"4","2025-08-24 12:17:36.954 PM","1.477"
"5","2025-08-24 12:17:36.955 PM","1.477"
"6","2025-08-24 12:17:36.956 PM","1.482"
"7","2025-08-24 12:17:36.957 PM","1.482"
"8","2025-08-24 12:17:36.958 PM","1.306"
"9","2025-08-24 12:17:36.959 PM","1.306"
"10","2025-08-24 12:17:36.960 PM","1.306"
"11","2025-08-24 12:17:36.961 PM","1.306"
"12","2025-08-24 12:17:36.962 PM","1.306"
"13","2025-08-24 12:17:36.963 PM","1.306"
"14","2025-08-24 12:17:36.964 PM","1.316"
"15","2025-08-24 12:17:36.965 PM","1.316"
"16","2025-08-24 12:17:36.966 PM","1.306"
"17","2025-08-24 12:17:36.967 PM","1.302"
"18","2025-08-24 12:17:36.968 PM","1.306"
"19","2025-08-24 12:17:36.969 PM","1.306"
"20","2025-08-24 12:17:36.970 PM","1.302"
"21","2025-08-24 12:17:36.971 PM","1.302"
"22","2025-08-24 12:17:36.972 PM","1.302"
"23","2025-08-24 12:17:36.973 PM","1.302"
"24","2025-08-24 12:17:36.974 PM","1.306"
"25","2025-08-24 12:17:36.975 PM","1.287"
"26","2025-08-24 12:17:36.976 PM","1.287"
"27","2025-08-24 12:17:36.977 PM","1.287"
"28","2025-08-24 12:17:36.978 PM","1.287"
"29","2025-08-24 12:17:36.979 PM","1.287"
"30","2025-08-24 12:17:36.980 PM","1.287"
"31","2025-08-24 12:17:36.981 PM","1.287"
"32","2025-08-24 12:17:36.982 PM","1.287"
"33","2025-08-24 12:17:36.983 PM","1.287"
"34","2025-08-24 12:17:36.984 PM","1.287"
"35","2025-08-24 12:17:36.985 PM","1.282"
"36","2025-08-24 12:17:36.986 PM","1.282"
"37","2025-08-24 12:17:36.987 PM","1.282"
"38","2025-08-24 12:17:36.988 PM","1.282"
"39","2025-08-24 12:17:36.989 PM","1.282"
"40","2025-08-24 12:17:36.990 PM","1.287"
"41","2025-08-24 12:17:36.991 PM","1.346"
"42","2025-08-24 12:17:36.992 PM","1.346"
"43","2025-08-24 12:17:36.993 PM","1.350"
"44","2025-08-24 12:17:36.994 PM","1.346"
"45","2025-08-24 12:17:36.995 PM","1.346"
"46","2025-08-24 12:17:36.996 PM","1.346"
"47","2025-08-24 12:17:36.997 PM","1.355"
"48","2025-08-24 12:17:36.998 PM","1.355"
"49","2025-08-24 12:17:36.999 PM","1.346"
"50","2025-08-24 12:17:37.000 PM","1.346"
"51","2025-08-24 12:17:37.001 PM","1.346"
"52","2025-08-24 12:17:37.002 PM","1.346"
"53","2025-08-24 12:17:37.003 PM","1.346"
"54","2025-08-24 12:17:37.004 PM","1.346"
"55","2025-08-24 12:17:37.005 PM","1.341"
"56","2025-08-24 12:17:37.006 PM","1.346"
"57","2025-08-24 12:17:37.007 PM","1.346"
"58","2025-08-24 12:17:37.008 PM","1.502"
"59","2025-08-24 12:17:37.009 PM","1.502"
"60","2025-08-24 12:17:37.010 PM","1.497"
"61","2025-08-24 12:17:37.011 PM","1.502"
"62","2025-08-24 12:17:37.012 PM","1.502"
"63","2025-08-24 12:17:37.013 PM","1.502"
"64","2025-08-24 12:17:37.014 PM","1.497"
"65","2025-08-24 12:17:37.015 PM","1.497"
"66","2025-08-24 12:17:37.016 PM","1.497"
"67","2025-08-24 12:17:37.017 PM","1.497"
"68","2025-08-24 12:17:37.018 PM","1.497"
"69","2025-08-24 12:17:37.019 PM","1.492"
"70","2025-08-24 12:17:37.020 PM","1.497"
"71","2025-08-24 12:17:37.021 PM","1.492"
"72","2025-08-24 12:17:37.022 PM","1.502"
"73","2025-08-24 12:17:37.023 PM","1.502"
"74","2025-08-24 12:17:37.024 PM","1.595"
"75","2025-08-24 12:17:37.025 PM","1.595"
"76","2025-08-24 12:17:37.026 PM","1.595"
"77","2025-08-24 12:17:37.027 PM","1.595"
"78","2025-08-24 12:17:37.028 PM","1.595"
"79","2025-08-24 12:17:37.029 PM","1.600"
"80","2025-08-24 12:17:37.030 PM","1.604"
"81","2025-08-24 12:17:37.031 PM","1.595"
"82","2025-08-24 12:17:37.032 PM","1.595"
"83","2025-08-24 12:17:37.033 PM","1.595"
"84","2025-08-24 12:17:37.034 PM","1.595"
"85","2025-08-24 12:17:37.035 PM","1.595"
"86","2025-08-24 12:17:37.036 PM","1.595"
"87","2025-08-24 12:17:37.037 PM","1.595"
"88","2025-08-24 12:17:37.038 PM","1.590"
"89","2025-08-24 12:17:37.039 PM","1.595"
"90","2025-08-24 12:17:37.040 PM","1.595"
"91","2025-08-24 12:17:37.041 PM","1.580"
"92","2025-08-24 12:17:37.042 PM","1.580"
"93","2025-08-24 12:17:37.043 PM","1.575"
"94","2025-08-24 12:17:37.044 PM","1.575"
"95","2025-08-24 12:17:37.045 PM","1.580"
"96","2025-08-24 12:17:37.046 PM","1.580"
"97","2025-08-24 12:17:37.047 PM","1.575"
"98","2025-08-24 12:17:37.048 PM","1.575"
"99","2025-08-24 12:17:37.049 PM","1.575"
"100","2025-08-24 12:17:37.050 PM","1.570"
"101","2025-08-24 12:17:37.051 PM","1.570"
"102","2025-08-24 12:17:37.052 PM","1.575"
"103","2025-08-24 12:17:37.053 PM","1.570"
"104","2025-08-24 12:17:37.054 PM","1.575"
"105","2025-08-24 12:17:37.055 PM","1.575"
"106","2025-08-24 12:17:37.056 PM","1.575"
"107","2025-08-24 12:17:37.057 PM","1.429"
"108","2025-08-24 12:17:37.058 PM","1.424"
"109","2025-08-24 12:17:37.059 PM","1.429"
"110","2025-08-24 12:17:37.060 PM","1.429"
"111","2025-08-24 12:17:37.061 PM","1.429"
"112","2025-08-24 12:17:37.062 PM","1.429"
"113","2025-08-24 12:17:37.063 PM","1.429"
"114","2025-08-24 12:17:37.064 PM","1.424"
"115","2025-08-24 12:17:37.065 PM","1.424"
"116","2025-08-24 12:17:37.066 PM","1.429"
"117","2025-08-24 12:17:37.067 PM","1.429"
"118","2025-08-24 12:17:37.068 PM","1.424"
"119","2025-08-24 12:17:37.069 PM","1.424"
"120","2025-08-24 12:17:37.070 PM","1.424"
"121","2025-08-24 12:17:37.071 PM","1.424"
"122","2025-08-24 12:17:37.072 PM","1.429"
"123","2025-08-24 12:17:37.073 PM","1.429"
"124","2025-08-24 12:17:37.074 PM","1.287"
"125","2025-08-24 12:17:37.075 PM","1.287"
"126","2025-08-24 12:17:37.076 PM","1.287"
"127","2025-08-24 12:17:37.077 PM","1.287"
"128","2025-08-24 12:17:37.078 PM","1.287"
"129","2025-08-24 12:17:37.079 PM","1.287"
"130","2025-08-24 12:17:37.080 PM","1.282"
"131","2025-08-24 12:17:37.081 PM","1.287"
"132","2025-08-24 12:17:37.082 PM","1.287"
"133","2025-08-24 12:17:37.083 PM","1.282"
"134","2025-08-24 12:17:37.084 PM","1.282"
"135","2025-08-24 12:17:37.085 PM","1.282"
"136","2025-08-24 12:17:37.086 PM","1.282"
"137","2025-08-24 12:17:37.087 PM","1.277"
"138","2025-08-24 12:17:37.088 PM","1.287"
"139","2025-08-24 12:17:37.089 PM","1.287"
"140","2025-08-24 12:17:37.090 PM","1.306"
"141","2025-08-24 12:17:37.091 PM","1.306"
"142","2025-08-24 12:17:37.092 PM","1.306"
"143","2025-08-24 12:17:37.093 PM","1.306"
"144","2025-08-24 12:17:37.094 PM","1.302"
"145","2025-08-24 12:17:37.095 PM","1.306"
"146","2025-08-24 12:17:37.096 PM","1.306"
"147","2025-08-24 12:17:37.097 PM","1.306"
"148","2025-08-24 12:17:37.098 PM","1.306"
"149","2025-08-24 12:17:37.099 PM","1.306"
"150","2025-08-24 12:17:37.100 PM","1.306"
"151","2025-08-24 12:17:37.101 PM","1.306"
"152","2025-08-24 12:17:37.102 PM","1.302"
"153","2025-08-24 12:17:37.103 PM","1.306"
"154","2025-08-24 12:17:37.104 PM","1.302"
"155","2025-08-24 12:17:37.105 PM","1.302"
"156","2025-08-24 12:17:37.106 PM","1.302"
"157","2025-08-24 12:17:37.107 PM","1.385"
"158","2025-08-24 12:17:37.108 PM","1.385"
"159","2025-08-24 12:17:37.109 PM","1.389"
"160","2025-08-24 12:17:37.110 PM","1.385"
"161","2025-08-24 12:17:37.111 PM","1.389"
"162","2025-08-24 12:17:37.112 PM","1.385"
"163","2025-08-24 12:17:37.113 PM","1.385"
"164","2025-08-24 12:17:37.114 PM","1.380"
"165","2025-08-24 12:17:37.115 PM","1.385"
"166","2025-08-24 12:17:37.116 PM","1.380"
"167","2025-08-24 12:17:37.117 PM","1.385"
"168","2025-08-24 12:17:37.118 PM","1.385"
"169","2025-08-24 12:17:37.119 PM","1.380"
"170","2025-08-24 12:17:37.120 PM","1.380"
"171","2025-08-24 12:17:37.121 PM","1.385"
"172","2025-08-24 12:17:37.122 PM","1.385"
"173","2025-08-24 12:17:37.123 PM","1.560"
"174","2025-08-24 12:17:37.124 PM","1.560"
"175","2025-08-24 12:17:37.125 PM","1.560"
"176","2025-08-24 12:17:37.126 PM","1.560"
"177","2025-08-24 12:17:37.127 PM","1.556"
"178","2025-08-24 12:17:37.128 PM","1.560"
"179","2025-08-24 12:17:37.129 PM","1.560"
"180","2025-08-24 12:17:37.130 PM","1.560"
"181","2025-08-24 12:17:37.131 PM","1.560"
"182","2025-08-24 12:17:37.132 PM","1.556"
"183","2025-08-24 12:17:37.133 PM","1.560"
"184","2025-08-24 12:17:37.134 PM","1.556"
"185","2025-08-24 12:17:37.135 PM","1.556"
"186","2025-08-24 12:17:37.136 PM","1.556"
"187","2025-08-24 12:17:37.137 PM","1.556"
"188","2025-08-24 12:17:37.138 PM","1.560"
"189","2025-08-24 12:17:37.139 PM","1.556"
"190","2025-08-24 12:17:37.140 PM","1.600"
"191","2025-08-24 12:17:37.141 PM","1.595"
"192","2025-08-24 12:17:37.142 PM","1.595"
"193","2025-08-24 12:17:37.143 PM","1.595"
"194","2025-08-24 12:17:37.144 PM","1.595"
"195","2025-08-24 12:17:37.145 PM","1.595"
"196","2025-08-24 12:17:37.146 PM","1.595"
"197","2025-08-24 12:17:37.147 PM","1.595"
"198","2025-08-24 12:17:37.148 PM","1.590"
"199","2025-08-24 12:17:37.149 PM","1.590"
"200","2025-08-24 12:17:37.150 PM","1.590"
"201","2025-08-24 12:17:37.151 PM","1.590"
"202","2025-08-24 12:17:37.152 PM","1.590"
"203","2025-08-24 12:17:37.153 PM","1.585"
"204","2025-08-24 12:17:37.154 PM","1.595"
"205","2025-08-24 12:17:37.155 PM","1.595"
"206","2025-08-24 12:17:37.156 PM","1.556"
"207","2025-08-24 12:17:37.157 PM","1.560"
"208","2025-08-24 12:17:37.158 PM","1.560"
"209","2025-08-24 12:17:37.159 PM","1.560"
"210","2025-08-24 12:17:37.160 PM","1.560"
"211","2025-08-24 12:17:37.161 PM","1.560"
"212","2025-08-24 12:17:37.162 PM","1.560"
"213","2025-08-24 12:17:37.163 PM","1.556"
"214","2025-08-24 12:17:37.164 PM","1.560"
"215","2025-08-24 12:17:37.165 PM","1.556"
"216","2025-08-24 12:17:37.166 PM","1.560"
"217","2025-08-24 12:17:37.167 PM","1.556"
"218","2025-08-24 12:17:37.168 PM","1.556"
"219","2025-08-24 12:17:37.169 PM","1.556"
"220","2025-08-24 12:17:37.170 PM","1.556"
"221","2025-08-24 12:17:37.171 PM","1.556"
"222","2025-08-24 12:17:37.172 PM","1.560"
"223","2025-08-24 12:17:37.173 PM","1.385"
"224","2025-08-24 12:17:37.174 PM","1.385"
"225","2025-08-24 12:17:37.175 PM","1.385"
"226","2025-08-24 12:17:37.176 PM","1.385"
"227","2025-08-24 12:17:37.177 PM","1.385"
"228","2025-08-24 12:17:37.178 PM","1.385"
"229","2025-08-24 12:17:37.179 PM","1.385"
"230","2025-08-24 12:17:37.180 PM","1.385"
"231","2025-08-24 12:17:37.181 PM","1.380"
"232","2025-08-24 12:17:37.182 PM","1.380"
"233","2025-08-24 12:17:37.183 PM","1.380"
"234","2025-08-24 12:17:37.184 PM","1.380"
"235","2025-08-24 12:17:37.185 PM","1.380"
"236","2025-08-24 12:17:37.186 PM","1.380"
"237","2025-08-24 12:17:37.187 PM","1.385"
"238","2025-08-24 12:17:37.188 PM","1.385"
"239","2025-08-24 12:17:37.189 PM","1.287"
"240","2025-08-24 12:17:37.190 PM","1.287"
"241","2025-08-24 12:17:37.191 PM","1.287"
"242","2025-08-24 12:17:37.192 PM","1.287"
"243","2025-08-24 12:17:37.193 PM","1.287"
"244","2025-08-24 12:17:37.194 PM","1.287"
"245","2025-08-24 12:17:37.195 PM","1.287"
"246","2025-08-24 12:17:37.196 PM","1.287"
"247","2025-08-24 12:17:37.197 PM","1.287"
"248","2025-08-24 12:17:37.198 PM","1.287"
"249","2025-08-24 12:17:37.199 PM","1.287"
"250","2025-08-24 12:17:37.200 PM","1.287"
"251","2025-08-24 12:17:37.201 PM","1.287"
"252","2025-08-24 12:17:37.202 PM","1.282"
"253","2025-08-24 12:17:37.203 PM","1.287"
"254","2025-08-24 12:17:37.204 PM","1.287"
"255","2025-08-24 12:17:37.205 PM","1.287"
"256","2025-08-24 12:17:37.206 PM","1.306"
"257","2025-08-24 12:17:37.207 PM","1.306"
"258","2025-08-24 12:17:37.208 PM","1.306"
"259","2025-08-24 12:17:37.209 PM","1.306"
"260","2025-08-24 12:17:37.210 PM","1.306"
"261","2025-08-24 12:17:37.211 PM","1.306"
"262","2025-08-24 12:17:37.212 PM","1.302"
"263","2025-08-24 12:17:37.213 PM","1.302"
"264","2025-08-24 12:17:37.214 PM","1.302"
"265","2025-08-24 12:17:37.215 PM","1.297"
"266","2025-08-24 12:17:37.216 PM","1.297"
"267","2025-08-24 12:17:37.217 PM","1.302"
"268","2025-08-24 12:17:37.218 PM","1.302"
"269","2025-08-24 12:17:37.219 PM","1.297"
"270","2025-08-24 12:17:37.220 PM","1.302"
"271","2025-08-24 12:17:37.221 PM","1.306"
"272","2025-08-24 12:17:37.222 PM","1.424"
"273","2025-08-24 12:17:37.223 PM","1.429"
"274","2025-08-24 12:17:37.224 PM","1.429"
"275","2025-08-24 12:17:37.225 PM","1.429"
"276","2025-08-24 12:17:37.226 PM","1.429"
"277","2025-08-24 12:17:37.227 PM","1.429"
"278","2025-08-24 12:17:37.228 PM","1.429"
"279","2025-08-24 12:17:37.229 PM","1.424"
"280","2025-08-24 12:17:37.230 PM","1.429"
"281","2025-08-24 12:17:37.231 PM","1.429"
"282","2025-08-24 12:17:37.232 PM","1.424"
"283","2025-08-24 12:17:37.233 PM","1.424"
"284","2025-08-24 12:17:37.234 PM","1.424"
"285","2025-08-24 12:17:37.235 PM","1.424"
"286","2025-08-24 12:17:37.236 PM","1.424"
"287","2025-08-24 12:17:37.237 PM","1.429"
"288","2025-08-24 12:17:37.238 PM","1.424"
"289","2025-08-24 12:17:37.239 PM","1.595"
"290","2025-08-24 12:17:37.240 PM","1.595"
"291","2025-08-24 12:17:37.241 PM","1.595"
"292","2025-08-24 12:17:37.242 PM","1.595"
"293","2025-08-24 12:17:37.243 PM","1.595"
"294","2025-08-24 12:17:37.244 PM","1.595"
"295","2025-08-24 12:17:37.245 PM","1.595"
"296","2025-08-24 12:17:37.246 PM","1.595"
"297","2025-08-24 12:17:37.247 PM","1.590"
"298","2025-08-24 12:17:37.248 PM","1.590"
"299","2025-08-24 12:17:37.249 PM","1.585"
"300","2025-08-24 12:17:37.250 PM","1.590"
"301","2025-08-24 12:17:37.251 PM","1.585"
"302","2025-08-24 12:17:37.252 PM","1.600"
"303","2025-08-24 12:17:37.253 PM","1.595"
"304","2025-08-24 12:17:37.254 PM","1.595"
"305","2025-08-24 12:17:37.255 PM","1.595"
"306","2025-08-24 12:17:37.256 PM","1.595"
"307","2025-08-24 12:17:37.257 PM","1.595"
"308","2025-08-24 12:17:37.258 PM","1.595"
"309","2025-08-24 12:17:37.259 PM","1.595"
"310","2025-08-24 12:17:37.260 PM","1.595"
"311","2025-08-24 12:17:37.261 PM","1.595"
"312","2025-08-24 12:17:37.262 PM","1.595"
"313","2025-08-24 12:17:37.263 PM","1.590"
"314","2025-08-24 12:17:37.264 PM","1.595"
"315","2025-08-24 12:17:37.265 PM","1.595"
"316","2025-08-24 12:17:37.266 PM","1.590"
"317","2025-08-24 12:17:37.267 PM","1.595"
"318","2025-08-24 12:17:37.268 PM","1.590"
"319","2025-08-24 12:17:37.269 PM","1.595"
"320","2025-08-24 12:17:37.270 PM","1.595"
"321","2025-08-24 12:17:37.271 PM","1.595"
"322","2025-08-24 12:17:37.272 PM","1.521"
"323","2025-08-24 12:17:37.273 PM","1.521"
"324","2025-08-24 12:17:37.274 PM","1.521"
"325","2025-08-24 12:17:37.275 PM","1.521"
"326","2025-08-24 12:17:37.276 PM","1.521"
"327","2025-08-24 12:17:37.277 PM","1.521"
"328","2025-08-24 12:17:37.278 PM","1.521"
"329","2025-08-24 12:17:37.279 PM","1.512"
"330","2025-08-24 12:17:37.280 PM","1.512"
"331","2025-08-24 12:17:37.281 PM","1.507"
"332","2025-08-24 12:17:37.282 PM","1.512"
"333","2025-08-24 12:17:37.283 PM","1.507"
"334","2025-08-24 12:17:37.284 PM","1.526"
"335","2025-08-24 12:17:37.285 PM","1.526"
"336","2025-08-24 12:17:37.286 PM","1.521"
"337","2025-08-24 12:17:37.287 PM","1.526"
"338","2025-08-24 12:17:37.288 PM","1.326"
"339","2025-08-24 12:17:37.289 PM","1.326"
"340","2025-08-24 12:17:37.290 PM","1.331"
"341","2025-08-24 12:17:37.291 PM","1.326"
"342","2025-08-24 12:17:37.292 PM","1.331"
"343","2025-08-24 12:17:37.293 PM","1.331"
"344","2025-08-24 12:17:37.294 PM","1.331"
"345","2025-08-24 12:17:37.295 PM","1.326"
"346","2025-08-24 12:17:37.296 PM","1.326"
"347","2025-08-24 12:17:37.297 PM","1.326"
"348","2025-08-24 12:17:37.298 PM","1.326"
"349","2025-08-24 12:17:37.299 PM","1.326"
"350","2025-08-24 12:17:37.300 PM","1.326"
"351","2025-08-24 12:17:37.301 PM","1.326"
"352","2025-08-24 12:17:37.302 PM","1.326"
"353","2025-08-24 12:17:37.303 PM","1.326"
"354","2025-08-24 12:17:37.304 PM","1.326"
"355","2025-08-24 12:17:37.305 PM","1.287"
"356","2025-08-24 12:17:37.306 PM","1.287"
"357","2025-08-24 12:17:37.307 PM","1.287"
"358","2025-08-24 12:17:37.308 PM","1.287"
"359","2025-08-24 12:17:37.309 PM","1.287"
"360","2025-08-24 12:17:37.310 PM","1.287"
"361","2025-08-24 12:17:37.311 PM","1.282"
"362","2025-08-24 12:17:37.312 PM","1.282"
"363","2025-08-24 12:17:37.313 PM","1.282"
"364","2025-08-24 12:17:37.314 PM","1.282"
"365","2025-08-24 12:17:37.315 PM","1.277"
"366","2025-08-24 12:17:37.316 PM","1.277"
"367","2025-08-24 12:17:37.317 PM","1.292"
"368","2025-08-24 12:17:37.318 PM","1.297"
"369","2025-08-24 12:17:37.319 PM","1.287"
"370","2025-08-24 12:17:37.320 PM","1.287"
"371","2025-08-24 12:17:37.321 PM","1.326"
"372","2025-08-24 12:17:37.322 PM","1.326"
"373","2025-08-24 12:17:37.323 PM","1.326"
"374","2025-08-24 12:17:37.324 PM","1.331"
"375","2025-08-24 12:17:37.325 PM","1.331"
"376","2025-08-24 12:17:37.326 PM","1.331"
"377","2025-08-24 12:17:37.327 PM","1.331"
"378","2025-08-24 12:17:37.328 PM","1.326"
"379","2025-08-24 12:17:37.329 PM","1.326"
"380","2025-08-24 12:17:37.330 PM","1.326"
"381","2025-08-24 12:17:37.331 PM","1.326"
"382","2025-08-24 12:17:37.332 PM","1.326"
"383","2025-08-24 12:17:37.333 PM","1.326"
"384","2025-08-24 12:17:37.334 PM","1.326"
"385","2025-08-24 12:17:37.335 PM","1.326"
"386","2025-08-24 12:17:37.336 PM","1.326"
"387","2025-08-24 12:17:37.337 PM","1.326"
"388","2025-08-24 12:17:37.338 PM","1.463"
"389","2025-08-24 12:17:37.339 PM","1.463"
"390","2025-08-24 12:17:37.340 PM","1.463"
"391","2025-08-24 12:17:37.341 PM","1.463"
"392","2025-08-24 12:17:37.342 PM","1.463"
"393","2025-08-24 12:17:37.343 PM","1.463"
"394","2025-08-24 12:17:37.344 PM","1.458"
"395","2025-08-24 12:17:37.345 PM","1.458"
"396","2025-08-24 12:17:37.346 PM","1.458"
"397","2025-08-24 12:17:37.347 PM","1.458"
"398","2025-08-24 12:17:37.348 PM","1.458"
"399","2025-08-24 12:17:37.349 PM","1.468"
"400","2025-08-24 12:17:37.350 PM","1.468"
"401","2025-08-24 12:17:37.351 PM","1.473"
"402","2025-08-24 12:17:37.352 PM","1.463"
"403","2025-08-24 12:17:37.353 PM","1.463"
"404","2025-08-24 12:17:37.354 PM","1.463"
"405","2025-08-24 12:17:37.355 PM","1.595"
"406","2025-08-24 12:17:37.356 PM","1.595"
"407","2025-08-24 12:17:37.357 PM","1.595"
"408","2025-08-24 12:17:37.358 PM","1.595"
"409","2025-08-24 12:17:37.359 PM","1.595"
"410","2025-08-24 12:17:37.360 PM","1.595"
"411","2025-08-24 12:17:37.361 PM","1.595"
"412","2025-08-24 12:17:37.362 PM","1.595"
"413","2025-08-24 12:17:37.363 PM","1.590"
"414","2025-08-24 12:17:37.364 PM","1.595"
"415","2025-08-24 12:17:37.365 PM","1.595"
"416","2025-08-24 12:17:37.366 PM","1.595"
"417","2025-08-24 12:17:37.367 PM","1.595"
"418","2025-08-24 12:17:37.368 PM","1.595"
"419","2025-08-24 12:17:37.369 PM","1.595"
"420","2025-08-24 12:17:37.370 PM","1.595"
"421","2025-08-24 12:17:37.371 PM","1.595"
"422","2025-08-24 12:17:37.372 PM","1.595"
"423","2025-08-24 12:17:37.373 PM","1.595"
"424","2025-08-24 12:17:37.374 PM","1.595"
"425","2025-08-24 12:17:37.375 PM","1.595"
"426","2025-08-24 12:17:37.376 PM","1.595"
"427","2025-08-24 12:17:37.377 PM","1.590"
"428","2025-08-24 12:17:37.378 PM","1.590"
"429","2025-08-24 12:17:37.379 PM","1.590"
"430","2025-08-24 12:17:37.380 PM","1.590"
"431","2025-08-24 12:17:37.381 PM","1.600"
"432","2025-08-24 12:17:37.382 PM","1.600"
"433","2025-08-24 12:17:37.383 PM","1.604"
"434","2025-08-24 12:17:37.384 PM","1.604"
"435","2025-08-24 12:17:37.385 PM","1.595"
"436","2025-08-24 12:17:37.386 PM","1.595"
"437","2025-08-24 12:17:37.387 PM","1.595"
"438","2025-08-24 12:17:37.388 PM","1.463"
"439","2025-08-24 12:17:37.389 PM","1.463"
"440","2025-08-24 12:17:37.390 PM","1.463"
"441","2025-08-24 12:17:37.391 PM","1.463"
"442","2025-08-24 12:17:37.392 PM","1.463"
"443","2025-08-24 12:17:37.393 PM","1.463"
"444","2025-08-24 12:17:37.394 PM","1.463"
"445","2025-08-24 12:17:37.395 PM","1.463"
"446","2025-08-24 12:17:37.396 PM","1.463"
"447","2025-08-24 12:17:37.397 PM","1.463"
"448","2025-08-24 12:17:37.398 PM","1.458"
"449","2025-08-24 12:17:37.399 PM","1.463"
"450","2025-08-24 12:17:37.400 PM","1.458"
"451","2025-08-24 12:17:37.401 PM","1.458"
"452","2025-08-24 12:17:37.402 PM","1.463"
"453","2025-08-24 12:17:37.403 PM","1.463"
"454","2025-08-24 12:17:37.404 PM","1.287"
"455","2025-08-24 12:17:37.405 PM","1.287"
"456","2025-08-24 12:17:37.406 PM","1.287"
"457","2025-08-24 12:17:37.407 PM","1.287"
"458","2025-08-24 12:17:37.408 PM","1.287"
"459","2025-08-24 12:17:37.409 PM","1.287"
"460","2025-08-24 12:17:37.410 PM","1.282"
"461","2025-08-24 12:17:37.411 PM","1.277"
"462","2025-08-24 12:17:37.412 PM","1.282"
"463","2025-08-24 12:17:37.413 PM","1.292"
"464","2025-08-24 12:17:37.414 PM","1.292"
"465","2025-08-24 12:17:37.415 PM","1.292"
"466","2025-08-24 12:17:37.416 PM","1.297"
"467","2025-08-24 12:17:37.417 PM","1.287"
"468","2025-08-24 12:17:37.418 PM","1.287"
"469","2025-08-24 12:17:37.419 PM","1.287"
"470","2025-08-24 12:17:37.420 PM","1.287"
"471","2025-08-24 12:17:37.421 PM","1.287"
"472","2025-08-24 12:17:37.422 PM","1.287"
"473","2025-08-24 12:17:37.423 PM","1.287"
"474","2025-08-24 12:17:37.424 PM","1.287"
"475","2025-08-24 12:17:37.425 PM","1.287"
"476","2025-08-24 12:17:37.426 PM","1.287"
"477","2025-08-24 12:17:37.427 PM","1.287"
"478","2025-08-24 12:17:37.428 PM","1.287"
"479","2025-08-24 12:17:37.429 PM","1.287"
"480","2025-08-24 12:17:37.430 PM","1.287"
"481","2025-08-24 12:17:37.431 PM","1.287"
"482","2025-08-24 12:17:37.432 PM","1.287"
"483","2025-08-24 12:17:37.433 PM","1.282"
"484","2025-08-24 12:17:37.434 PM","1.282"
"485","2025-08-24 12:17:37.435 PM","1.287"
"486","2025-08-24 12:17:37.436 PM","1.287"
"487","2025-08-24 12:17:37.437 PM","1.365"
"488","2025-08-24 12:17:37.438 PM","1.365"
"489","2025-08-24 12:17:37.439 PM","1.370"
"490","2025-08-24 12:17:37.440 PM","1.365"
"491","2025-08-24 12:17:37.441 PM","1.365"
"492","2025-08-24 12:17:37.442 PM","1.370"
"493","2025-08-24 12:17:37.443 PM","1.360"
"494","2025-08-24 12:17:37.444 PM","1.360"
"495","2025-08-24 12:17:37.445 PM","1.375"
"496","2025-08-24 12:17:37.446 PM","1.375"
"497","2025-08-24 12:17:37.447 PM","1.375"
"498","2025-08-24 12:17:37.448 PM","1.375"
"499","2025-08-24 12:17:37.449 PM","1.370"
"500","2025-08-24 12:17:37.450 PM","1.365"
"501","2025-08-24 12:17:37.451 PM","1.365"
"502","2025-08-24 12:17:37.452 PM","1.365"
"503","2025-08-24 12:17:37.453 PM","1.365"
"504","2025-08-24 12:17:37.454 PM","1.521"
"505","2025-08-24 12:17:37.455 PM","1.521"
"506","2025-08-24 12:17:37.456 PM","1.521"
"507","2025-08-24 12:17:37.457 PM","1.521"
"508","2025-08-24 12:17:37.458 PM","1.521"
"509","2025-08-24 12:17:37.459 PM","1.521"
"510","2025-08-24 12:17:37.460 PM","1.521"
"511","2025-08-24 12:17:37.461 PM","1.521"
"512","2025-08-24 12:17:37.462 PM","1.521"
"513","2025-08-24 12:17:37.463 PM","1.521"
"514","2025-08-24 12:17:37.464 PM","1.521"
"515","2025-08-24 12:17:37.465 PM","1.512"
"516","2025-08-24 12:17:37.466 PM","1.521"
"517","2025-08-24 12:17:37.467 PM","1.521"
"518","2025-08-24 12:17:37.468 PM","1.521"
"519","2025-08-24 12:17:37.469 PM","1.521"
"520","2025-08-24 12:17:37.470 PM","1.595"
"521","2025-08-24 12:17:37.471 PM","1.595"
"522","2025-08-24 12:17:37.472 PM","1.595"
"523","2025-08-24 12:17:37.473 PM","1.595"
"524","2025-08-24 12:17:37.474 PM","1.595"
"525","2025-08-24 12:17:37.475 PM","1.595"
"526","2025-08-24 12:17:37.476 PM","1.590"
"527","2025-08-24 12:17:37.477 PM","1.600"
"528","2025-08-24 12:17:37.478 PM","1.600"
"529","2025-08-24 12:17:37.479 PM","1.604"
"530","2025-08-24 12:17:37.480 PM","1.604"
"531","2025-08-24 12:17:37.481 PM","1.595"
"532","2025-08-24 12:17:37.482 PM","1.590"
"533","2025-08-24 12:17:37.483 PM","1.595"
"534","2025-08-24 12:17:37.484 PM","1.595"
"535","2025-08-24 12:17:37.485 PM","1.595"
"536","2025-08-24 12:17:37.486 PM","1.595"
"537","2025-08-24 12:17:37.487 PM","1.575"
"538","2025-08-24 12:17:37.488 PM","1.575"
"539","2025-08-24 12:17:37.489 PM","1.580"
"540","2025-08-24 12:17:37.490 PM","1.580"
"541","2025-08-24 12:17:37.491 PM","1.580"
"542","2025-08-24 12:17:37.492 PM","1.575"
"543","2025-08-24 12:17:37.493 PM","1.575"
"544","2025-08-24 12:17:37.494 PM","1.575"
"545","2025-08-24 12:17:37.495 PM","1.570"
"546","2025-08-24 12:17:37.496 PM","1.575"
"547","2025-08-24 12:17:37.497 PM","1.575"
"548","2025-08-24 12:17:37.498 PM","1.575"
"549","2025-08-24 12:17:37.499 PM","1.575"
"550","2025-08-24 12:17:37.500 PM","1.575"
"551","2025-08-24 12:17:37.501 PM","1.575"
"552","2025-08-24 12:17:37.502 PM","1.575"
"553","2025-08-24 12:17:37.503 PM","1.429"
"554","2025-08-24 12:17:37.504 PM","1.429"
"555","2025-08-24 12:17:37.505 PM","1.429"
"556","2025-08-24 12:17:37.506 PM","1.429"
"557","2025-08-24 12:17:37.507 PM","1.424"
"558","2025-08-24 12:17:37.508 PM","1.429"
"559","2025-08-24 12:17:37.509 PM","1.429"
"560","2025-08-24 12:17:37.510 PM","1.429"
"561","2025-08-24 12:17:37.511 PM","1.433"
"562","2025-08-24 12:17:37.512 PM","1.433"
"563","2025-08-24 12:17:37.513 PM","1.424"
"564","2025-08-24 12:17:37.514 PM","1.424"
"565","2025-08-24 12:17:37.515 PM","1.429"
"566","2025-08-24 12:17:37.516 PM","1.429"
"567","2025-08-24 12:17:37.517 PM","1.424"
"568","2025-08-24 12:17:37.518 PM","1.429"
"569","2025-08-24 12:17:37.519 PM","1.287"
"570","2025-08-24 12:17:37.520 PM","1.282"
"571","2025-08-24 12:17:37.521 PM","1.287"
"572","2025-08-24 12:17:37.522 PM","1.287"
"573","2025-08-24 12:17:37.523 PM","1.287"
"574","2025-08-24 12:17:37.524 PM","1.287"
"575","2025-08-24 12:17:37.525 PM","1.292"
"576","2025-08-24 12:17:37.526 PM","1.287"
"577","2025-08-24 12:17:37.527 PM","1.287"
"578","2025-08-24 12:17:37.528 PM","1.287"
"579","2025-08-24 12:17:37.529 PM","1.282"
"580","2025-08-24 12:17:37.530 PM","1.282"
"581","2025-08-24 12:17:37.531 PM","1.282"
"582","2025-08-24 12:17:37.532 PM","1.282"
"583","2025-08-24 12:17:37.533 PM","1.282"
"584","2025-08-24 12:17:37.534 PM","1.287"
"585","2025-08-24 12:17:37.535 PM","1.287"
"586","2025-08-24 12:17:37.536 PM","1.306"
"587","2025-08-24 12:17:37.537 PM","1.306"
"588","2025-08-24 12:17:37.538 PM","1.306"
"589","2025-08-24 12:17:37.539 PM","1.306"
"590","2025-08-24 12:17:37.540 PM","1.306"
"591","2025-08-24 12:17:37.541 PM","1.306"
"592","2025-08-24 12:17:37.542 PM","1.316"
"593","2025-08-24 12:17:37.543 PM","1.316"
"594","2025-08-24 12:17:37.544 PM","1.316"
"595","2025-08-24 12:17:37.545 PM","1.326"
"596","2025-08-24 12:17:37.546 PM","1.302"
"597","2025-08-24 12:17:37.547 PM","1.306"
"598","2025-08-24 12:17:37.548 PM","1.306"
"599","2025-08-24 12:17:37.549 PM","1.306"
"600","2025-08-24 12:17:37.550 PM","1.302"
"601","2025-08-24 12:17:37.551 PM","1.306"
"602","2025-08-24 12:17:37.552 PM","1.306"
"603","2025-08-24 12:17:37.553 PM","1.385"
"604","2025-08-24 12:17:37.554 PM","1.385"
"605","2025-08-24 12:17:37.555 PM","1.385"
"606","2025-08-24 12:17:37.556 PM","1.389"
"607","2025-08-24 12:17:37.557 PM","1.389"
"608","2025-08-24 12:17:37.558 PM","1.389"
"609","2025-08-24 12:17:37.559 PM","1.385"
"610","2025-08-24 12:17:37.560 PM","1.385"
"611","2025-08-24 12:17:37.561 PM","1.385"
"612","2025-08-24 12:17:37.562 PM","1.380"
"613","2025-08-24 12:17:37.563 PM","1.385"
"614","2025-08-24 12:17:37.564 PM","1.385"
"615","2025-08-24 12:17:37.565 PM","1.385"
"616","2025-08-24 12:17:37.566 PM","1.385"
"617","2025-08-24 12:17:37.567 PM","1.385"
"618","2025-08-24 12:17:37.568 PM","1.385"
"619","2025-08-24 12:17:37.569 PM","1.575"
"620","2025-08-24 12:17:37.570 PM","1.575"
"621","2025-08-24 12:17:37.571 PM","1.575"
"622","2025-08-24 12:17:37.572 PM","1.580"
"623","2025-08-24 12:17:37.573 PM","1.580"
"624","2025-08-24 12:17:37.574 PM","1.580"
"625","2025-08-24 12:17:37.575 PM","1.585"
"626","2025-08-24 12:17:37.576 PM","1.585"
"627","2025-08-24 12:17:37.577 PM","1.585"
"628","2025-08-24 12:17:37.578 PM","1.575"
"629","2025-08-24 12:17:37.579 PM","1.575"
"630","2025-08-24 12:17:37.580 PM","1.575"
"631","2025-08-24 12:17:37.581 PM","1.575"
"632","2025-08-24 12:17:37.582 PM","1.575"
"633","2025-08-24 12:17:37.583 PM","1.575"
"634","2025-08-24 12:17:37.584 PM","1.575"
"635","2025-08-24 12:17:37.585 PM","1.575"
"636","2025-08-24 12:17:37.586 PM","1.614"
"637","2025-08-24 12:17:37.587 PM","1.614"
"638","2025-08-24 12:17:37.588 PM","1.614"
"639","2025-08-24 12:17:37.589 PM","1.614"
"640","2025-08-24 12:17:37.590 PM","1.614"
"641","2025-08-24 12:17:37.591 PM","1.614"
"642","2025-08-24 12:17:37.592 PM","1.614"
"643","2025-08-24 12:17:37.593 PM","1.609"
"644","2025-08-24 12:17:37.594 PM","1.609"
"645","2025-08-24 12:17:37.595 PM","1.609"
"646","2025-08-24 12:17:37.596 PM","1.609"
"647","2025-08-24 12:17:37.597 PM","1.609"
"648","2025-08-24 12:17:37.598 PM","1.609"
"649","2025-08-24 12:17:37.599 PM","1.609"
"650","2025-08-24 12:17:37.600 PM","1.614"
"651","2025-08-24 12:17:37.601 PM","1.614"
"652","2025-08-24 12:17:37.602 PM","1.541"
"653","2025-08-24 12:17:37.603 PM","1.541"
"654","2025-08-24 12:17:37.604 PM","1.541"
"655","2025-08-24 12:17:37.605 PM","1.541"
"656","2025-08-24 12:17:37.606 PM","1.541"
"657","2025-08-24 12:17:37.607 PM","1.541"
"658","2025-08-24 12:17:37.608 PM","1.551"
"659","2025-08-24 12:17:37.609 PM","1.551"
"660","2025-08-24 12:17:37.610 PM","1.541"
"661","2025-08-24 12:17:37.611 PM","1.541"
"662","2025-08-24 12:17:37.612 PM","1.541"
"663","2025-08-24 12:17:37.613 PM","1.541"
"664","2025-08-24 12:17:37.614 PM","1.541"
"665","2025-08-24 12:17:37.615 PM","1.536"
"666","2025-08-24 12:17:37.616 PM","1.541"
"667","2025-08-24 12:17:37.617 PM","1.541"
"668","2025-08-24 12:17:37.618 PM","1.541"
"669","2025-08-24 12:17:37.619 PM","1.365"
"670","2025-08-24 12:17:37.620 PM","1.370"
"671","2025-08-24 12:17:37.621 PM","1.370"
"672","2025-08-24 12:17:37.622 PM","1.370"
"673","2025-08-24 12:17:37.623 PM","1.370"
"674","2025-08-24 12:17:37.624 PM","1.370"
"675","2025-08-24 12:17:37.625 PM","1.365"
"676","2025-08-24 12:17:37.626 PM","1.365"
"677","2025-08-24 12:17:37.627 PM","1.365"
"678","2025-08-24 12:17:37.628 PM","1.365"
"679","2025-08-24 12:17:37.629 PM","1.365"
"680","2025-08-24 12:17:37.630 PM","1.365"
"681","2025-08-24 12:17:37.631 PM","1.365"
"682","2025-08-24 12:17:37.632 PM","1.360"
"683","2025-08-24 12:17:37.633 PM","1.365"
"684","2025-08-24 12:17:37.634 PM","1.365"
"685","2025-08-24 12:17:37.635 PM","1.287"
"686","2025-08-24 12:17:37.636 PM","1.287"
"687","2025-08-24 12:17:37.637 PM","1.287"
"688","2025-08-24 12:17:37.638 PM","1.287"
"689","2025-08-24 12:17:37.639 PM","1.287"
"690","2025-08-24 12:17:37.640 PM","1.287"
"691","2025-08-24 12:17:37.641 PM","1.297"
"692","2025-08-24 12:17:37.642 PM","1.287"
"693","2025-08-24 12:17:37.643 PM","1.287"
"694","2025-08-24 12:17:37.644 PM","1.287"
"695","2025-08-24 12:17:37.645 PM","1.287"
"696","2025-08-24 12:17:37.646 PM","1.287"
"697","2025-08-24 12:17:37.647 PM","1.287"
"698","2025-08-24 12:17:37.648 PM","1.287"
"699","2025-08-24 12:17:37.649 PM","1.287"
"700","2025-08-24 12:17:37.650 PM","1.287"
"701","2025-08-24 12:17:37.651 PM","1.287"
"702","2025-08-24 12:17:37.652 PM","1.306"
"703","2025-08-24 12:17:37.653 PM","1.306"
"704","2025-08-24 12:17:37.654 PM","1.306"
"705","2025-08-24 12:17:37.655 PM","1.302"
"706","2025-08-24 12:17:37.656 PM","1.306"
"707","2025-08-24 12:17:37.657 PM","1.306"
"708","2025-08-24 12:17:37.658 PM","1.306"
"709","2025-08-24 12:17:37.659 PM","1.306"
"710","2025-08-24 12:17:37.660 PM","1.302"
"711","2025-08-24 12:17:37.661 PM","1.302"
"712","2025-08-24 12:17:37.662 PM","1.302"
"713","2025-08-24 12:17:37.663 PM","1.302"
"714","2025-08-24 12:17:37.664 PM","1.302"
"715","2025-08-24 12:17:37.665 PM","1.302"
"716","2025-08-24 12:17:37.666 PM","1.306"
"717","2025-08-24 12:17:37.667 PM","1.306"
"718","2025-08-24 12:17:37.668 PM","1.424"
"719","2025-08-24 12:17:37.669 PM","1.429"
"720","2025-08-24 12:17:37.670 PM","1.424"
"721","2025-08-24 12:17:37.671 PM","1.429"
"722","2025-08-24 12:17:37.672 PM","1.429"
"723","2025-08-24 12:17:37.673 PM","1.429"
"724","2025-08-24 12:17:37.674 PM","1.429"
"725","2025-08-24 12:17:37.675 PM","1.429"
"726","2025-08-24 12:17:37.676 PM","1.424"
"727","2025-08-24 12:17:37.677 PM","1.424"
"728","2025-08-24 12:17:37.678 PM","1.424"
"729","2025-08-24 12:17:37.679 PM","1.424"
"730","2025-08-24 12:17:37.680 PM","1.424"
"731","2025-08-24 12:17:37.681 PM","1.424"
"732","2025-08-24 12:17:37.682 PM","1.424"
"733","2025-08-24 12:17:37.683 PM","1.429"
"734","2025-08-24 12:17:37.684 PM","1.429"
"735","2025-08-24 12:17:37.685 PM","1.595"
"736","2025-08-24 12:17:37.686 PM","1.600"
"737","2025-08-24 12:17:37.687 PM","1.595"
"738","2025-08-24 12:17:37.688 PM","1.595"
"739","2025-08-24 12:17:37.689 PM","1.595"
"740","2025-08-24 12:17:37.690 PM","1.595"
"741","2025-08-24 12:17:37.691 PM","1.595"
"742","2025-08-24 12:17:37.692 PM","1.590"
"743","2025-08-24 12:17:37.693 PM","1.590"
"744","2025-08-24 12:17:37.694 PM","1.590"
"745","2025-08-24 12:17:37.695 PM","1.590"
"746","2025-08-24 12:17:37.696 PM","1.590"
"747","2025-08-24 12:17:37.697 PM","1.590"
"748","2025-08-24 12:17:37.698 PM","1.590"
"749","2025-08-24 12:17:37.699 PM","1.595"
"750","2025-08-24 12:17:37.700 PM","1.595"
"751","2025-08-24 12:17:37.701 PM","1.595"
"752","2025-08-24 12:17:37.702 PM","1.595"
"753","2025-08-24 12:17:37.703 PM","1.600"
"754","2025-08-24 12:17:37.704 PM","1.595"
"755","2025-08-24 12:17:37.705 PM","1.595"
"756","2025-08-24 12:17:37.706 PM","1.600"
"757","2025-08-24 12:17:37.707 PM","1.595"
"758","2025-08-24 12:17:37.708 PM","1.595"
"759","2025-08-24 12:17:37.709 PM","1.595"
"760","2025-08-24 12:17:37.710 PM","1.595"
"761","2025-08-24 12:17:37.711 PM","1.595"
"762","2025-08-24 12:17:37.712 PM","1.595"
"763","2025-08-24 12:17:37.713 PM","1.595"
"764","2025-08-24 12:17:37.714 PM","1.595"
"765","2025-08-24 12:17:37.715 PM","1.590"
"766","2025-08-24 12:17:37.716 PM","1.595"
"767","2025-08-24 12:17:37.717 PM","1.595"
"768","2025-08-24 12:17:37.718 PM","1.502"
"769","2025-08-24 12:17:37.719 PM","1.497"
"770","2025-08-24 12:17:37.720 PM","1.497"
"771","2025-08-24 12:17:37.721 PM","1.502"
"772","2025-08-24 12:17:37.722 PM","1.502"
"773","2025-08-24 12:17:37.723 PM","1.502"
"774","2025-08-24 12:17:37.724 PM","1.497"
"775","2025-08-24 12:17:37.725 PM","1.497"
"776","2025-08-24 12:17:37.726 PM","1.497"
"777","2025-08-24 12:17:37.727 PM","1.497"
"778","2025-08-24 12:17:37.728 PM","1.497"
"779","2025-08-24 12:17:37.729 PM","1.497"
"780","2025-08-24 12:17:37.730 PM","1.497"
"781","2025-08-24 12:17:37.731 PM","1.492"
"782","2025-08-24 12:17:37.732 PM","1.497"
"783","2025-08-24 12:17:37.733 PM","1.497"
"784","2025-08-24 12:17:37.734 PM","1.326"
"785","2025-08-24 12:17:37.735 PM","1.326"
"786","2025-08-24 12:17:37.736 PM","1.326"
"787","2025-08-24 12:17:37.737 PM","1.331"
"788","2025-08-24 12:17:37.738 PM","1.326"
"789","2025-08-24 12:17:37.739 PM","1.326"
"790","2025-08-24 12:17:37.740 PM","1.326"
"791","2025-08-24 12:17:37.741 PM","1.326"
"792","2025-08-24 12:17:37.742 PM","1.326"
"793","2025-08-24 12:17:37.743 PM","1.326"
"794","2025-08-24 12:17:37.744 PM","1.326"
"795","2025-08-24 12:17:37.745 PM","1.326"
"796","2025-08-24 12:17:37.746 PM","1.326"
"797","2025-08-24 12:17:37.747 PM","1.326"
"798","2025-08-24 12:17:37.748 PM","1.326"
"799","2025-08-24 12:17:37.749 PM","1.326"
"800","2025-08-24 12:17:37.750 PM","1.326"
"801","2025-08-24 12:17:37.751 PM","1.287"
"802","2025-08-24 12:17:37.752 PM","1.287"
"803","2025-08-24 12:17:37.753 PM","1.287"
"804","2025-08-24 12:17:37.754 PM","1.287"
"805","2025-08-24 12:17:37.755 PM","1.287"
"806","2025-08-24 12:17:37.756 PM","1.287"
"807","2025-08-24 12:17:37.757 PM","1.287"
"808","2025-08-24 12:17:37.758 PM","1.282"
"809","2025-08-24 12:17:37.759 PM","1.282"
"810","2025-08-24 12:17:37.760 PM","1.282"
"811","2025-08-24 12:17:37.761 PM","1.282"
"812","2025-08-24 12:17:37.762 PM","1.282"
"813","2025-08-24 12:17:37.763 PM","1.282"
"814","2025-08-24 12:17:37.764 PM","1.282"
"815","2025-08-24 12:17:37.765 PM","1.287"
"816","2025-08-24 12:17:37.766 PM","1.287"
"817","2025-08-24 12:17:37.767 PM","1.326"
"818","2025-08-24 12:17:37.768 PM","1.331"
"819","2025-08-24 12:17:37.769 PM","1.326"
"820","2025-08-24 12:17:37.770 PM","1.326"
"821","2025-08-24 12:17:37.771 PM","1.326"
"822","2025-08-24 12:17:37.772 PM","1.326"
"823","2025-08-24 12:17:37.773 PM","1.326"
"824","2025-08-24 12:17:37.774 PM","1.326"
"825","2025-08-24 12:17:37.775 PM","1.331"
"826","2025-08-24 12:17:37.776 PM","1.326"
"827","2025-08-24 12:17:37.777 PM","1.326"
"828","2025-08-24 12:17:37.778 PM","1.326"
"829","2025-08-24 12:17:37.779 PM","1.326"
"830","2025-08-24 12:17:37.780 PM","1.326"
"831","2025-08-24 12:17:37.781 PM","1.326"
"832","2025-08-24 12:17:37.782 PM","1.326"
"833","2025-08-24 12:17:37.783 PM","1.326"
"834","2025-08-24 12:17:37.784 PM","1.482"
"835","2025-08-24 12:17:37.785 PM","1.482"
"836","2025-08-24 12:17:37.786 PM","1.482"
"837","2025-08-24 12:17:37.787 PM","1.482"
"838","2025-08-24 12:17:37.788 PM","1.482"
"839","2025-08-24 12:17:37.789 PM","1.482"
"840","2025-08-24 12:17:37.790 PM","1.477"
"841","2025-08-24 12:17:37.791 PM","1.477"
"842","2025-08-24 12:17:37.792 PM","1.477"
"843","2025-08-24 12:17:37.793 PM","1.477"
"844","2025-08-24 12:17:37.794 PM","1.477"
"845","2025-08-24 12:17:37.795 PM","1.477"
"846","2025-08-24 12:17:37.796 PM","1.473"
"847","2025-08-24 12:17:37.797 PM","1.473"
"848","2025-08-24 12:17:37.798 PM","1.477"
"849","2025-08-24 12:17:37.799 PM","1.482"
"850","2025-08-24 12:17:37.800 PM","1.595"
"851","2025-08-24 12:17:37.801 PM","1.595"
"852","2025-08-24 12:17:37.802 PM","1.595"
"853","2025-08-24 12:17:37.803 PM","1.595"
"854","2025-08-24 12:17:37.804 PM","1.595"
"855","2025-08-24 12:17:37.805 PM","1.595"
"856","2025-08-24 12:17:37.806 PM","1.600"
"857","2025-08-24 12:17:37.807 PM","1.595"
"858","2025-08-24 12:17:37.808 PM","1.595"
"859","2025-08-24 12:17:37.809 PM","1.595"
"860","2025-08-24 12:17:37.810 PM","1.595"
"861","2025-08-24 12:17:37.811 PM","1.595"
"862","2025-08-24 12:17:37.812 PM","1.595"
"863","2025-08-24 12:17:37.813 PM","1.590"
"864","2025-08-24 12:17:37.814 PM","1.595"
"865","2025-08-24 12:17:37.815 PM","1.595"
"866","2025-08-24 12:17:37.816 PM","1.595"
"867","2025-08-24 12:17:37.817 PM","1.595"
"868","2025-08-24 12:17:37.818 PM","1.595"
"869","2025-08-24 12:17:37.819 PM","1.595"
"870","2025-08-24 12:17:37.820 PM","1.595"
"871","2025-08-24 12:17:37.821 PM","1.600"
"872","2025-08-24 12:17:37.822 PM","1.600"
"873","2025-08-24 12:17:37.823 PM","1.595"
"874","2025-08-24 12:17:37.824 PM","1.590"
"875","2025-08-24 12:17:37.825 PM","1.590"
"876","2025-08-24 12:17:37.826 PM","1.590"
"877","2025-08-24 12:17:37.827 PM","1.590"
"878","2025-08-24 12:17:37.828 PM","1.590"
"879","2025-08-24 12:17:37.829 PM","1.590"
"880","2025-08-24 12:17:37.830 PM","1.585"
"881","2025-08-24 12:17:37.831 PM","1.595"
"882","2025-08-24 12:17:37.832 PM","1.595"
"883","2025-08-24 12:17:37.833 PM","1.463"
"884","2025-08-24 12:17:37.834 PM","1.463"
"885","2025-08-24 12:17:37.835 PM","1.463"
"886","2025-08-24 12:17:37.836 PM","1.463"
"887","2025-08-24 12:17:37.837 PM","1.463"
"888","2025-08-24 12:17:37.838 PM","1.463"
"889","2025-08-24 12:17:37.839 PM","1.463"
"890","2025-08-24 12:17:37.840 PM","1.463"
"891","2025-08-24 12:17:37.841 PM","1.463"
"892","2025-08-24 12:17:37.842 PM","1.463"
"893","2025-08-24 12:17:37.843 PM","1.463"
"894","2025-08-24 12:17:37.844 PM","1.463"
"895","2025-08-24 12:17:37.845 PM","1.463"
"896","2025-08-24 12:17:37.846 PM","1.463"
"897","2025-08-24 12:17:37.847 PM","1.463"
"898","2025-08-24 12:17:37.848 PM","1.463"
"899","2025-08-24 12:17:37.849 PM","1.463"
"900","2025-08-24 12:17:37.850 PM","1.287"
"901","2025-08-24 12:17:37.851 PM","1.287"
"902","2025-08-24 12:17:37.852 PM","1.287"
"903","2025-08-24 12:17:37.853 PM","1.287"
"904","2025-08-24 12:17:37.854 PM","1.287"
"905","2025-08-24 12:17:37.855 PM","1.287"
"906","2025-08-24 12:17:37.856 PM","1.287"
