"Device: USB-205"
"Serial Number: 22B4008"
"Channel Count: 1"
"Sample Count: 10542"
"Start Time: 2025-08-24 11:21:44.659 AM"
"Scan Rate: 1000"
"Sample","Date/Time","AI0 (V)"
"0","2025-08-24 11:21:44.659 AM","1.385"
"1","2025-08-24 11:21:44.660 AM","1.385"
"2","2025-08-24 11:21:44.661 AM","1.385"
"3","2025-08-24 11:21:44.662 AM","1.385"
"4","2025-08-24 11:21:44.663 AM","1.389"
"5","2025-08-24 11:21:44.664 AM","1.389"
"6","2025-08-24 11:21:44.665 AM","1.385"
"7","2025-08-24 11:21:44.666 AM","1.385"
"8","2025-08-24 11:21:44.667 AM","1.385"
"9","2025-08-24 11:21:44.668 AM","1.385"
"10","2025-08-24 11:21:44.669 AM","1.385"
"11","2025-08-24 11:21:44.670 AM","1.380"
"12","2025-08-24 11:21:44.671 AM","1.380"
"13","2025-08-24 11:21:44.672 AM","1.380"
"14","2025-08-24 11:21:44.673 AM","1.385"
"15","2025-08-24 11:21:44.674 AM","1.385"
"16","2025-08-24 11:21:44.675 AM","1.385"
"17","2025-08-24 11:21:44.676 AM","1.639"
"18","2025-08-24 11:21:44.677 AM","1.639"
"19","2025-08-24 11:21:44.678 AM","1.639"
"20","2025-08-24 11:21:44.679 AM","1.639"
"21","2025-08-24 11:21:44.680 AM","1.639"
"22","2025-08-24 11:21:44.681 AM","1.639"
"23","2025-08-24 11:21:44.682 AM","1.634"
"24","2025-08-24 11:21:44.683 AM","1.629"
"25","2025-08-24 11:21:44.684 AM","1.629"
"26","2025-08-24 11:21:44.685 AM","1.629"
"27","2025-08-24 11:21:44.686 AM","1.639"
"28","2025-08-24 11:21:44.687 AM","1.639"
"29","2025-08-24 11:21:44.688 AM","1.643"
"30","2025-08-24 11:21:44.689 AM","1.643"
"31","2025-08-24 11:21:44.690 AM","1.639"
"32","2025-08-24 11:21:44.691 AM","1.639"
"33","2025-08-24 11:21:44.692 AM","1.639"
"34","2025-08-24 11:21:44.693 AM","1.653"
"35","2025-08-24 11:21:44.694 AM","1.658"
"36","2025-08-24 11:21:44.695 AM","1.653"
"37","2025-08-24 11:21:44.696 AM","1.658"
"38","2025-08-24 11:21:44.697 AM","1.658"
"39","2025-08-24 11:21:44.698 AM","1.658"
"40","2025-08-24 11:21:44.699 AM","1.653"
"41","2025-08-24 11:21:44.700 AM","1.653"
"42","2025-08-24 11:21:44.701 AM","1.653"
"43","2025-08-24 11:21:44.702 AM","1.653"
"44","2025-08-24 11:21:44.703 AM","1.653"
"45","2025-08-24 11:21:44.704 AM","1.653"
"46","2025-08-24 11:21:44.705 AM","1.653"
"47","2025-08-24 11:21:44.706 AM","1.653"
"48","2025-08-24 11:21:44.707 AM","1.653"
"49","2025-08-24 11:21:44.708 AM","1.658"
"50","2025-08-24 11:21:44.709 AM","1.385"
"51","2025-08-24 11:21:44.710 AM","1.389"
"52","2025-08-24 11:21:44.711 AM","1.389"
"53","2025-08-24 11:21:44.712 AM","1.385"
"54","2025-08-24 11:21:44.713 AM","1.385"
"55","2025-08-24 11:21:44.714 AM","1.385"
"56","2025-08-24 11:21:44.715 AM","1.380"
"57","2025-08-24 11:21:44.716 AM","1.380"
"58","2025-08-24 11:21:44.717 AM","1.375"
"59","2025-08-24 11:21:44.718 AM","1.385"
"60","2025-08-24 11:21:44.719 AM","1.389"
"61","2025-08-24 11:21:44.720 AM","1.389"
"62","2025-08-24 11:21:44.721 AM","1.394"
"63","2025-08-24 11:21:44.722 AM","1.380"
"64","2025-08-24 11:21:44.723 AM","1.385"
"65","2025-08-24 11:21:44.724 AM","1.385"
"66","2025-08-24 11:21:44.725 AM","1.385"
"67","2025-08-24 11:21:44.726 AM","1.560"
"68","2025-08-24 11:21:44.727 AM","1.560"
"69","2025-08-24 11:21:44.728 AM","1.560"
"70","2025-08-24 11:21:44.729 AM","1.560"
"71","2025-08-24 11:21:44.730 AM","1.560"
"72","2025-08-24 11:21:44.731 AM","1.560"
"73","2025-08-24 11:21:44.732 AM","1.556"
"74","2025-08-24 11:21:44.733 AM","1.556"
"75","2025-08-24 11:21:44.734 AM","1.556"
"76","2025-08-24 11:21:44.735 AM","1.556"
"77","2025-08-24 11:21:44.736 AM","1.556"
"78","2025-08-24 11:21:44.737 AM","1.556"
"79","2025-08-24 11:21:44.738 AM","1.556"
"80","2025-08-24 11:21:44.739 AM","1.551"
"81","2025-08-24 11:21:44.740 AM","1.556"
"82","2025-08-24 11:21:44.741 AM","1.560"
"83","2025-08-24 11:21:44.742 AM","1.673"
"84","2025-08-24 11:21:44.743 AM","1.673"
"85","2025-08-24 11:21:44.744 AM","1.678"
"86","2025-08-24 11:21:44.745 AM","1.673"
"87","2025-08-24 11:21:44.746 AM","1.673"
"88","2025-08-24 11:21:44.747 AM","1.678"
"89","2025-08-24 11:21:44.748 AM","1.668"
"90","2025-08-24 11:21:44.749 AM","1.668"
"91","2025-08-24 11:21:44.750 AM","1.678"
"92","2025-08-24 11:21:44.751 AM","1.678"
"93","2025-08-24 11:21:44.752 AM","1.678"
"94","2025-08-24 11:21:44.753 AM","1.678"
"95","2025-08-24 11:21:44.754 AM","1.673"
"96","2025-08-24 11:21:44.755 AM","1.673"
"97","2025-08-24 11:21:44.756 AM","1.673"
"98","2025-08-24 11:21:44.757 AM","1.673"
"99","2025-08-24 11:21:44.758 AM","1.673"
"100","2025-08-24 11:21:44.759 AM","1.429"
"101","2025-08-24 11:21:44.760 AM","1.429"
"102","2025-08-24 11:21:44.761 AM","1.429"
"103","2025-08-24 11:21:44.762 AM","1.429"
"104","2025-08-24 11:21:44.763 AM","1.424"
"105","2025-08-24 11:21:44.764 AM","1.429"
"106","2025-08-24 11:21:44.765 AM","1.424"
"107","2025-08-24 11:21:44.766 AM","1.424"
"108","2025-08-24 11:21:44.767 AM","1.424"
"109","2025-08-24 11:21:44.768 AM","1.424"
"110","2025-08-24 11:21:44.769 AM","1.424"
"111","2025-08-24 11:21:44.770 AM","1.424"
"112","2025-08-24 11:21:44.771 AM","1.424"
"113","2025-08-24 11:21:44.772 AM","1.424"
"114","2025-08-24 11:21:44.773 AM","1.429"
"115","2025-08-24 11:21:44.774 AM","1.429"
"116","2025-08-24 11:21:44.775 AM","1.502"
"117","2025-08-24 11:21:44.776 AM","1.502"
"118","2025-08-24 11:21:44.777 AM","1.497"
"119","2025-08-24 11:21:44.778 AM","1.502"
"120","2025-08-24 11:21:44.779 AM","1.502"
"121","2025-08-24 11:21:44.780 AM","1.502"
"122","2025-08-24 11:21:44.781 AM","1.492"
"123","2025-08-24 11:21:44.782 AM","1.502"
"124","2025-08-24 11:21:44.783 AM","1.502"
"125","2025-08-24 11:21:44.784 AM","1.507"
"126","2025-08-24 11:21:44.785 AM","1.507"
"127","2025-08-24 11:21:44.786 AM","1.502"
"128","2025-08-24 11:21:44.787 AM","1.497"
"129","2025-08-24 11:21:44.788 AM","1.502"
"130","2025-08-24 11:21:44.789 AM","1.497"
"131","2025-08-24 11:21:44.790 AM","1.497"
"132","2025-08-24 11:21:44.791 AM","1.502"
"133","2025-08-24 11:21:44.792 AM","1.692"
"134","2025-08-24 11:21:44.793 AM","1.692"
"135","2025-08-24 11:21:44.794 AM","1.692"
"136","2025-08-24 11:21:44.795 AM","1.692"
"137","2025-08-24 11:21:44.796 AM","1.692"
"138","2025-08-24 11:21:44.797 AM","1.692"
"139","2025-08-24 11:21:44.798 AM","1.692"
"140","2025-08-24 11:21:44.799 AM","1.692"
"141","2025-08-24 11:21:44.800 AM","1.692"
"142","2025-08-24 11:21:44.801 AM","1.692"
"143","2025-08-24 11:21:44.802 AM","1.687"
"144","2025-08-24 11:21:44.803 AM","1.687"
"145","2025-08-24 11:21:44.804 AM","1.687"
"146","2025-08-24 11:21:44.805 AM","1.687"
"147","2025-08-24 11:21:44.806 AM","1.692"
"148","2025-08-24 11:21:44.807 AM","1.692"
"149","2025-08-24 11:21:44.808 AM","1.482"
"150","2025-08-24 11:21:44.809 AM","1.477"
"151","2025-08-24 11:21:44.810 AM","1.482"
"152","2025-08-24 11:21:44.811 AM","1.482"
"153","2025-08-24 11:21:44.812 AM","1.482"
"154","2025-08-24 11:21:44.813 AM","1.482"
"155","2025-08-24 11:21:44.814 AM","1.473"
"156","2025-08-24 11:21:44.815 AM","1.487"
"157","2025-08-24 11:21:44.816 AM","1.487"
"158","2025-08-24 11:21:44.817 AM","1.487"
"159","2025-08-24 11:21:44.818 AM","1.492"
"160","2025-08-24 11:21:44.819 AM","1.477"
"161","2025-08-24 11:21:44.820 AM","1.477"
"162","2025-08-24 11:21:44.821 AM","1.477"
"163","2025-08-24 11:21:44.822 AM","1.477"
"164","2025-08-24 11:21:44.823 AM","1.482"
"165","2025-08-24 11:21:44.824 AM","1.482"
"166","2025-08-24 11:21:44.825 AM","1.443"
"167","2025-08-24 11:21:44.826 AM","1.443"
"168","2025-08-24 11:21:44.827 AM","1.448"
"169","2025-08-24 11:21:44.828 AM","1.443"
"170","2025-08-24 11:21:44.829 AM","1.443"
"171","2025-08-24 11:21:44.830 AM","1.448"
"172","2025-08-24 11:21:44.831 AM","1.443"
"173","2025-08-24 11:21:44.832 AM","1.443"
"174","2025-08-24 11:21:44.833 AM","1.443"
"175","2025-08-24 11:21:44.834 AM","1.438"
"176","2025-08-24 11:21:44.835 AM","1.443"
"177","2025-08-24 11:21:44.836 AM","1.443"
"178","2025-08-24 11:21:44.837 AM","1.443"
"179","2025-08-24 11:21:44.838 AM","1.443"
"180","2025-08-24 11:21:44.839 AM","1.443"
"181","2025-08-24 11:21:44.840 AM","1.443"
"182","2025-08-24 11:21:44.841 AM","1.707"
"183","2025-08-24 11:21:44.842 AM","1.707"
"184","2025-08-24 11:21:44.843 AM","1.712"
"185","2025-08-24 11:21:44.844 AM","1.707"
"186","2025-08-24 11:21:44.845 AM","1.707"
"187","2025-08-24 11:21:44.846 AM","1.707"
"188","2025-08-24 11:21:44.847 AM","1.712"
"189","2025-08-24 11:21:44.848 AM","1.717"
"190","2025-08-24 11:21:44.849 AM","1.717"
"191","2025-08-24 11:21:44.850 AM","1.717"
"192","2025-08-24 11:21:44.851 AM","1.707"
"193","2025-08-24 11:21:44.852 AM","1.707"
"194","2025-08-24 11:21:44.853 AM","1.707"
"195","2025-08-24 11:21:44.854 AM","1.707"
"196","2025-08-24 11:21:44.855 AM","1.707"
"197","2025-08-24 11:21:44.856 AM","1.707"
"198","2025-08-24 11:21:44.857 AM","1.707"
"199","2025-08-24 11:21:44.858 AM","1.541"
"200","2025-08-24 11:21:44.859 AM","1.541"
"201","2025-08-24 11:21:44.860 AM","1.541"
"202","2025-08-24 11:21:44.861 AM","1.541"
"203","2025-08-24 11:21:44.862 AM","1.541"
"204","2025-08-24 11:21:44.863 AM","1.541"
"205","2025-08-24 11:21:44.864 AM","1.536"
"206","2025-08-24 11:21:44.865 AM","1.541"
"207","2025-08-24 11:21:44.866 AM","1.536"
"208","2025-08-24 11:21:44.867 AM","1.536"
"209","2025-08-24 11:21:44.868 AM","1.536"
"210","2025-08-24 11:21:44.869 AM","1.536"
"211","2025-08-24 11:21:44.870 AM","1.536"
"212","2025-08-24 11:21:44.871 AM","1.536"
"213","2025-08-24 11:21:44.872 AM","1.541"
"214","2025-08-24 11:21:44.873 AM","1.541"
"215","2025-08-24 11:21:44.874 AM","1.404"
"216","2025-08-24 11:21:44.875 AM","1.404"
"217","2025-08-24 11:21:44.876 AM","1.404"
"218","2025-08-24 11:21:44.877 AM","1.404"
"219","2025-08-24 11:21:44.878 AM","1.404"
"220","2025-08-24 11:21:44.879 AM","1.404"
"221","2025-08-24 11:21:44.880 AM","1.409"
"222","2025-08-24 11:21:44.881 AM","1.409"
"223","2025-08-24 11:21:44.882 AM","1.409"
"224","2025-08-24 11:21:44.883 AM","1.404"
"225","2025-08-24 11:21:44.884 AM","1.404"
"226","2025-08-24 11:21:44.885 AM","1.404"
"227","2025-08-24 11:21:44.886 AM","1.404"
"228","2025-08-24 11:21:44.887 AM","1.404"
"229","2025-08-24 11:21:44.888 AM","1.399"
"230","2025-08-24 11:21:44.889 AM","1.404"
"231","2025-08-24 11:21:44.890 AM","1.404"
"232","2025-08-24 11:21:44.891 AM","1.692"
"233","2025-08-24 11:21:44.892 AM","1.692"
"234","2025-08-24 11:21:44.893 AM","1.692"
"235","2025-08-24 11:21:44.894 AM","1.692"
"236","2025-08-24 11:21:44.895 AM","1.692"
"237","2025-08-24 11:21:44.896 AM","1.692"
"238","2025-08-24 11:21:44.897 AM","1.687"
"239","2025-08-24 11:21:44.898 AM","1.692"
"240","2025-08-24 11:21:44.899 AM","1.687"
"241","2025-08-24 11:21:44.900 AM","1.687"
"242","2025-08-24 11:21:44.901 AM","1.687"
"243","2025-08-24 11:21:44.902 AM","1.687"
"244","2025-08-24 11:21:44.903 AM","1.687"
"245","2025-08-24 11:21:44.904 AM","1.687"
"246","2025-08-24 11:21:44.905 AM","1.692"
"247","2025-08-24 11:21:44.906 AM","1.687"
"248","2025-08-24 11:21:44.907 AM","1.614"
"249","2025-08-24 11:21:44.908 AM","1.614"
"250","2025-08-24 11:21:44.909 AM","1.614"
"251","2025-08-24 11:21:44.910 AM","1.614"
"252","2025-08-24 11:21:44.911 AM","1.614"
"253","2025-08-24 11:21:44.912 AM","1.614"
"254","2025-08-24 11:21:44.913 AM","1.624"
"255","2025-08-24 11:21:44.914 AM","1.629"
"256","2025-08-24 11:21:44.915 AM","1.614"
"257","2025-08-24 11:21:44.916 AM","1.609"
"258","2025-08-24 11:21:44.917 AM","1.614"
"259","2025-08-24 11:21:44.918 AM","1.609"
"260","2025-08-24 11:21:44.919 AM","1.609"
"261","2025-08-24 11:21:44.920 AM","1.609"
"262","2025-08-24 11:21:44.921 AM","1.609"
"263","2025-08-24 11:21:44.922 AM","1.614"
"264","2025-08-24 11:21:44.923 AM","1.614"
"265","2025-08-24 11:21:44.924 AM","1.385"
"266","2025-08-24 11:21:44.925 AM","1.385"
"267","2025-08-24 11:21:44.926 AM","1.385"
"268","2025-08-24 11:21:44.927 AM","1.389"
"269","2025-08-24 11:21:44.928 AM","1.389"
"270","2025-08-24 11:21:44.929 AM","1.385"
"271","2025-08-24 11:21:44.930 AM","1.385"
"272","2025-08-24 11:21:44.931 AM","1.385"
"273","2025-08-24 11:21:44.932 AM","1.385"
"274","2025-08-24 11:21:44.933 AM","1.385"
"275","2025-08-24 11:21:44.934 AM","1.380"
"276","2025-08-24 11:21:44.935 AM","1.380"
"277","2025-08-24 11:21:44.936 AM","1.380"
"278","2025-08-24 11:21:44.937 AM","1.380"
"279","2025-08-24 11:21:44.938 AM","1.385"
"280","2025-08-24 11:21:44.939 AM","1.385"
"281","2025-08-24 11:21:44.940 AM","1.653"
"282","2025-08-24 11:21:44.941 AM","1.653"
"283","2025-08-24 11:21:44.942 AM","1.653"
"284","2025-08-24 11:21:44.943 AM","1.653"
"285","2025-08-24 11:21:44.944 AM","1.653"
"286","2025-08-24 11:21:44.945 AM","1.658"
"287","2025-08-24 11:21:44.946 AM","1.663"
"288","2025-08-24 11:21:44.947 AM","1.653"
"289","2025-08-24 11:21:44.948 AM","1.653"
"290","2025-08-24 11:21:44.949 AM","1.653"
"291","2025-08-24 11:21:44.950 AM","1.653"
"292","2025-08-24 11:21:44.951 AM","1.653"
"293","2025-08-24 11:21:44.952 AM","1.653"
"294","2025-08-24 11:21:44.953 AM","1.653"
"295","2025-08-24 11:21:44.954 AM","1.653"
"296","2025-08-24 11:21:44.955 AM","1.653"
"297","2025-08-24 11:21:44.956 AM","1.653"
"298","2025-08-24 11:21:44.957 AM","1.653"
"299","2025-08-24 11:21:44.958 AM","1.653"
"300","2025-08-24 11:21:44.959 AM","1.653"
"301","2025-08-24 11:21:44.960 AM","1.653"
"302","2025-08-24 11:21:44.961 AM","1.653"
"303","2025-08-24 11:21:44.962 AM","1.653"
"304","2025-08-24 11:21:44.963 AM","1.653"
"305","2025-08-24 11:21:44.964 AM","1.653"
"306","2025-08-24 11:21:44.965 AM","1.648"
"307","2025-08-24 11:21:44.966 AM","1.653"
"308","2025-08-24 11:21:44.967 AM","1.648"
"309","2025-08-24 11:21:44.968 AM","1.648"
"310","2025-08-24 11:21:44.969 AM","1.648"
"311","2025-08-24 11:21:44.970 AM","1.648"
"312","2025-08-24 11:21:44.971 AM","1.653"
"313","2025-08-24 11:21:44.972 AM","1.653"
"314","2025-08-24 11:21:44.973 AM","1.385"
"315","2025-08-24 11:21:44.974 AM","1.385"
"316","2025-08-24 11:21:44.975 AM","1.385"
"317","2025-08-24 11:21:44.976 AM","1.385"
"318","2025-08-24 11:21:44.977 AM","1.389"
"319","2025-08-24 11:21:44.978 AM","1.385"
"320","2025-08-24 11:21:44.979 AM","1.385"
"321","2025-08-24 11:21:44.980 AM","1.385"
"322","2025-08-24 11:21:44.981 AM","1.385"
"323","2025-08-24 11:21:44.982 AM","1.385"
"324","2025-08-24 11:21:44.983 AM","1.385"
"325","2025-08-24 11:21:44.984 AM","1.385"
"326","2025-08-24 11:21:44.985 AM","1.385"
"327","2025-08-24 11:21:44.986 AM","1.385"
"328","2025-08-24 11:21:44.987 AM","1.385"
"329","2025-08-24 11:21:44.988 AM","1.385"
"330","2025-08-24 11:21:44.989 AM","1.385"
"331","2025-08-24 11:21:44.990 AM","1.575"
"332","2025-08-24 11:21:44.991 AM","1.575"
"333","2025-08-24 11:21:44.992 AM","1.575"
"334","2025-08-24 11:21:44.993 AM","1.580"
"335","2025-08-24 11:21:44.994 AM","1.575"
"336","2025-08-24 11:21:44.995 AM","1.580"
"337","2025-08-24 11:21:44.996 AM","1.575"
"338","2025-08-24 11:21:44.997 AM","1.575"
"339","2025-08-24 11:21:44.998 AM","1.575"
"340","2025-08-24 11:21:44.999 AM","1.570"
"341","2025-08-24 11:21:45.000 AM","1.570"
"342","2025-08-24 11:21:45.001 AM","1.570"
"343","2025-08-24 11:21:45.002 AM","1.570"
"344","2025-08-24 11:21:45.003 AM","1.570"
"345","2025-08-24 11:21:45.004 AM","1.575"
"346","2025-08-24 11:21:45.005 AM","1.575"
"347","2025-08-24 11:21:45.006 AM","1.673"
"348","2025-08-24 11:21:45.007 AM","1.673"
"349","2025-08-24 11:21:45.008 AM","1.673"
"350","2025-08-24 11:21:45.009 AM","1.673"
"351","2025-08-24 11:21:45.010 AM","1.673"
"352","2025-08-24 11:21:45.011 AM","1.673"
"353","2025-08-24 11:21:45.012 AM","1.673"
"354","2025-08-24 11:21:45.013 AM","1.673"
"355","2025-08-24 11:21:45.014 AM","1.673"
"356","2025-08-24 11:21:45.015 AM","1.668"
"357","2025-08-24 11:21:45.016 AM","1.673"
"358","2025-08-24 11:21:45.017 AM","1.673"
"359","2025-08-24 11:21:45.018 AM","1.673"
"360","2025-08-24 11:21:45.019 AM","1.673"
"361","2025-08-24 11:21:45.020 AM","1.673"
"362","2025-08-24 11:21:45.021 AM","1.673"
"363","2025-08-24 11:21:45.022 AM","1.673"
"364","2025-08-24 11:21:45.023 AM","1.404"
"365","2025-08-24 11:21:45.024 AM","1.404"
"366","2025-08-24 11:21:45.025 AM","1.404"
"367","2025-08-24 11:21:45.026 AM","1.404"
"368","2025-08-24 11:21:45.027 AM","1.404"
"369","2025-08-24 11:21:45.028 AM","1.404"
"370","2025-08-24 11:21:45.029 AM","1.399"
"371","2025-08-24 11:21:45.030 AM","1.399"
"372","2025-08-24 11:21:45.031 AM","1.399"
"373","2025-08-24 11:21:45.032 AM","1.399"
"374","2025-08-24 11:21:45.033 AM","1.399"
"375","2025-08-24 11:21:45.034 AM","1.399"
"376","2025-08-24 11:21:45.035 AM","1.399"
"377","2025-08-24 11:21:45.036 AM","1.399"
"378","2025-08-24 11:21:45.037 AM","1.404"
"379","2025-08-24 11:21:45.038 AM","1.399"
"380","2025-08-24 11:21:45.039 AM","1.521"
"381","2025-08-24 11:21:45.040 AM","1.521"
"382","2025-08-24 11:21:45.041 AM","1.521"
"383","2025-08-24 11:21:45.042 AM","1.521"
"384","2025-08-24 11:21:45.043 AM","1.521"
"385","2025-08-24 11:21:45.044 AM","1.521"
"386","2025-08-24 11:21:45.045 AM","1.526"
"387","2025-08-24 11:21:45.046 AM","1.521"
"388","2025-08-24 11:21:45.047 AM","1.521"
"389","2025-08-24 11:21:45.048 AM","1.521"
"390","2025-08-24 11:21:45.049 AM","1.521"
"391","2025-08-24 11:21:45.050 AM","1.521"
"392","2025-08-24 11:21:45.051 AM","1.521"
"393","2025-08-24 11:21:45.052 AM","1.521"
"394","2025-08-24 11:21:45.053 AM","1.521"
"395","2025-08-24 11:21:45.054 AM","1.521"
"396","2025-08-24 11:21:45.055 AM","1.521"
"397","2025-08-24 11:21:45.056 AM","1.692"
"398","2025-08-24 11:21:45.057 AM","1.692"
"399","2025-08-24 11:21:45.058 AM","1.692"
"400","2025-08-24 11:21:45.059 AM","1.692"
"401","2025-08-24 11:21:45.060 AM","1.692"
"402","2025-08-24 11:21:45.061 AM","1.692"
"403","2025-08-24 11:21:45.062 AM","1.687"
"404","2025-08-24 11:21:45.063 AM","1.687"
"405","2025-08-24 11:21:45.064 AM","1.687"
"406","2025-08-24 11:21:45.065 AM","1.687"
"407","2025-08-24 11:21:45.066 AM","1.687"
"408","2025-08-24 11:21:45.067 AM","1.687"
"409","2025-08-24 11:21:45.068 AM","1.687"
"410","2025-08-24 11:21:45.069 AM","1.683"
"411","2025-08-24 11:21:45.070 AM","1.692"
"412","2025-08-24 11:21:45.071 AM","1.692"
"413","2025-08-24 11:21:45.072 AM","1.463"
"414","2025-08-24 11:21:45.073 AM","1.468"
"415","2025-08-24 11:21:45.074 AM","1.468"
"416","2025-08-24 11:21:45.075 AM","1.463"
"417","2025-08-24 11:21:45.076 AM","1.463"
"418","2025-08-24 11:21:45.077 AM","1.463"
"419","2025-08-24 11:21:45.078 AM","1.463"
"420","2025-08-24 11:21:45.079 AM","1.463"
"421","2025-08-24 11:21:45.080 AM","1.463"
"422","2025-08-24 11:21:45.081 AM","1.458"
"423","2025-08-24 11:21:45.082 AM","1.458"
"424","2025-08-24 11:21:45.083 AM","1.463"
"425","2025-08-24 11:21:45.084 AM","1.458"
"426","2025-08-24 11:21:45.085 AM","1.463"
"427","2025-08-24 11:21:45.086 AM","1.463"
"428","2025-08-24 11:21:45.087 AM","1.463"
"429","2025-08-24 11:21:45.088 AM","1.463"
"430","2025-08-24 11:21:45.089 AM","1.463"
"431","2025-08-24 11:21:45.090 AM","1.463"
"432","2025-08-24 11:21:45.091 AM","1.463"
"433","2025-08-24 11:21:45.092 AM","1.468"
"434","2025-08-24 11:21:45.093 AM","1.463"
"435","2025-08-24 11:21:45.094 AM","1.463"
"436","2025-08-24 11:21:45.095 AM","1.458"
"437","2025-08-24 11:21:45.096 AM","1.463"
"438","2025-08-24 11:21:45.097 AM","1.458"
"439","2025-08-24 11:21:45.098 AM","1.463"
"440","2025-08-24 11:21:45.099 AM","1.458"
"441","2025-08-24 11:21:45.100 AM","1.458"
"442","2025-08-24 11:21:45.101 AM","1.458"
"443","2025-08-24 11:21:45.102 AM","1.458"
"444","2025-08-24 11:21:45.103 AM","1.463"
"445","2025-08-24 11:21:45.104 AM","1.463"
"446","2025-08-24 11:21:45.105 AM","1.463"
"447","2025-08-24 11:21:45.106 AM","1.692"
"448","2025-08-24 11:21:45.107 AM","1.692"
"449","2025-08-24 11:21:45.108 AM","1.692"
"450","2025-08-24 11:21:45.109 AM","1.692"
"451","2025-08-24 11:21:45.110 AM","1.692"
"452","2025-08-24 11:21:45.111 AM","1.692"
"453","2025-08-24 11:21:45.112 AM","1.687"
"454","2025-08-24 11:21:45.113 AM","1.692"
"455","2025-08-24 11:21:45.114 AM","1.692"
"456","2025-08-24 11:21:45.115 AM","1.687"
"457","2025-08-24 11:21:45.116 AM","1.687"
"458","2025-08-24 11:21:45.117 AM","1.687"
"459","2025-08-24 11:21:45.118 AM","1.687"
"460","2025-08-24 11:21:45.119 AM","1.687"
"461","2025-08-24 11:21:45.120 AM","1.692"
"462","2025-08-24 11:21:45.121 AM","1.692"
"463","2025-08-24 11:21:45.122 AM","1.521"
"464","2025-08-24 11:21:45.123 AM","1.521"
"465","2025-08-24 11:21:45.124 AM","1.521"
"466","2025-08-24 11:21:45.125 AM","1.521"
"467","2025-08-24 11:21:45.126 AM","1.521"
"468","2025-08-24 11:21:45.127 AM","1.521"
"469","2025-08-24 11:21:45.128 AM","1.512"
"470","2025-08-24 11:21:45.129 AM","1.521"
"471","2025-08-24 11:21:45.130 AM","1.521"
"472","2025-08-24 11:21:45.131 AM","1.512"
"473","2025-08-24 11:21:45.132 AM","1.512"
"474","2025-08-24 11:21:45.133 AM","1.512"
"475","2025-08-24 11:21:45.134 AM","1.512"
"476","2025-08-24 11:21:45.135 AM","1.507"
"477","2025-08-24 11:21:45.136 AM","1.521"
"478","2025-08-24 11:21:45.137 AM","1.521"
"479","2025-08-24 11:21:45.138 AM","1.429"
"480","2025-08-24 11:21:45.139 AM","1.429"
"481","2025-08-24 11:21:45.140 AM","1.429"
"482","2025-08-24 11:21:45.141 AM","1.424"
"483","2025-08-24 11:21:45.142 AM","1.424"
"484","2025-08-24 11:21:45.143 AM","1.429"
"485","2025-08-24 11:21:45.144 AM","1.424"
"486","2025-08-24 11:21:45.145 AM","1.424"
"487","2025-08-24 11:21:45.146 AM","1.424"
"488","2025-08-24 11:21:45.147 AM","1.424"
"489","2025-08-24 11:21:45.148 AM","1.424"
"490","2025-08-24 11:21:45.149 AM","1.424"
"491","2025-08-24 11:21:45.150 AM","1.424"
"492","2025-08-24 11:21:45.151 AM","1.424"
"493","2025-08-24 11:21:45.152 AM","1.424"
"494","2025-08-24 11:21:45.153 AM","1.424"
"495","2025-08-24 11:21:45.154 AM","1.424"
"496","2025-08-24 11:21:45.155 AM","1.692"
"497","2025-08-24 11:21:45.156 AM","1.692"
"498","2025-08-24 11:21:45.157 AM","1.692"
"499","2025-08-24 11:21:45.158 AM","1.692"
"500","2025-08-24 11:21:45.159 AM","1.692"
"501","2025-08-24 11:21:45.160 AM","1.692"
"502","2025-08-24 11:21:45.161 AM","1.687"
"503","2025-08-24 11:21:45.162 AM","1.687"
"504","2025-08-24 11:21:45.163 AM","1.687"
"505","2025-08-24 11:21:45.164 AM","1.683"
"506","2025-08-24 11:21:45.165 AM","1.683"
"507","2025-08-24 11:21:45.166 AM","1.687"
"508","2025-08-24 11:21:45.167 AM","1.683"
"509","2025-08-24 11:21:45.168 AM","1.692"
"510","2025-08-24 11:21:45.169 AM","1.692"
"511","2025-08-24 11:21:45.170 AM","1.692"
"512","2025-08-24 11:21:45.171 AM","1.687"
"513","2025-08-24 11:21:45.172 AM","1.575"
"514","2025-08-24 11:21:45.173 AM","1.580"
"515","2025-08-24 11:21:45.174 AM","1.575"
"516","2025-08-24 11:21:45.175 AM","1.575"
"517","2025-08-24 11:21:45.176 AM","1.580"
"518","2025-08-24 11:21:45.177 AM","1.575"
"519","2025-08-24 11:21:45.178 AM","1.575"
"520","2025-08-24 11:21:45.179 AM","1.575"
"521","2025-08-24 11:21:45.180 AM","1.575"
"522","2025-08-24 11:21:45.181 AM","1.575"
"523","2025-08-24 11:21:45.182 AM","1.575"
"524","2025-08-24 11:21:45.183 AM","1.575"
"525","2025-08-24 11:21:45.184 AM","1.575"
"526","2025-08-24 11:21:45.185 AM","1.575"
"527","2025-08-24 11:21:45.186 AM","1.575"
"528","2025-08-24 11:21:45.187 AM","1.580"
"529","2025-08-24 11:21:45.188 AM","1.385"
"530","2025-08-24 11:21:45.189 AM","1.385"
"531","2025-08-24 11:21:45.190 AM","1.389"
"532","2025-08-24 11:21:45.191 AM","1.385"
"533","2025-08-24 11:21:45.192 AM","1.385"
"534","2025-08-24 11:21:45.193 AM","1.385"
"535","2025-08-24 11:21:45.194 AM","1.385"
"536","2025-08-24 11:21:45.195 AM","1.380"
"537","2025-08-24 11:21:45.196 AM","1.380"
"538","2025-08-24 11:21:45.197 AM","1.380"
"539","2025-08-24 11:21:45.198 AM","1.380"
"540","2025-08-24 11:21:45.199 AM","1.375"
"541","2025-08-24 11:21:45.200 AM","1.389"
"542","2025-08-24 11:21:45.201 AM","1.389"
"543","2025-08-24 11:21:45.202 AM","1.385"
"544","2025-08-24 11:21:45.203 AM","1.385"
"545","2025-08-24 11:21:45.204 AM","1.385"
"546","2025-08-24 11:21:45.205 AM","1.658"
"547","2025-08-24 11:21:45.206 AM","1.653"
"548","2025-08-24 11:21:45.207 AM","1.658"
"549","2025-08-24 11:21:45.208 AM","1.658"
"550","2025-08-24 11:21:45.209 AM","1.658"
"551","2025-08-24 11:21:45.210 AM","1.658"
"552","2025-08-24 11:21:45.211 AM","1.653"
"553","2025-08-24 11:21:45.212 AM","1.658"
"554","2025-08-24 11:21:45.213 AM","1.658"
"555","2025-08-24 11:21:45.214 AM","1.653"
"556","2025-08-24 11:21:45.215 AM","1.658"
"557","2025-08-24 11:21:45.216 AM","1.653"
"558","2025-08-24 11:21:45.217 AM","1.653"
"559","2025-08-24 11:21:45.218 AM","1.653"
"560","2025-08-24 11:21:45.219 AM","1.658"
"561","2025-08-24 11:21:45.220 AM","1.658"
"562","2025-08-24 11:21:45.221 AM","1.634"
"563","2025-08-24 11:21:45.222 AM","1.639"
"564","2025-08-24 11:21:45.223 AM","1.639"
"565","2025-08-24 11:21:45.224 AM","1.639"
"566","2025-08-24 11:21:45.225 AM","1.639"
"567","2025-08-24 11:21:45.226 AM","1.639"
"568","2025-08-24 11:21:45.227 AM","1.634"
"569","2025-08-24 11:21:45.228 AM","1.629"
"570","2025-08-24 11:21:45.229 AM","1.629"
"571","2025-08-24 11:21:45.230 AM","1.629"
"572","2025-08-24 11:21:45.231 AM","1.624"
"573","2025-08-24 11:21:45.232 AM","1.639"
"574","2025-08-24 11:21:45.233 AM","1.639"
"575","2025-08-24 11:21:45.234 AM","1.639"
"576","2025-08-24 11:21:45.235 AM","1.639"
"577","2025-08-24 11:21:45.236 AM","1.639"
"578","2025-08-24 11:21:45.237 AM","1.385"
"579","2025-08-24 11:21:45.238 AM","1.385"
"580","2025-08-24 11:21:45.239 AM","1.385"
"581","2025-08-24 11:21:45.240 AM","1.385"
"582","2025-08-24 11:21:45.241 AM","1.389"
"583","2025-08-24 11:21:45.242 AM","1.385"
"584","2025-08-24 11:21:45.243 AM","1.385"
"585","2025-08-24 11:21:45.244 AM","1.385"
"586","2025-08-24 11:21:45.245 AM","1.385"
"587","2025-08-24 11:21:45.246 AM","1.385"
"588","2025-08-24 11:21:45.247 AM","1.385"
"589","2025-08-24 11:21:45.248 AM","1.385"
"590","2025-08-24 11:21:45.249 AM","1.385"
"591","2025-08-24 11:21:45.250 AM","1.385"
"592","2025-08-24 11:21:45.251 AM","1.385"
"593","2025-08-24 11:21:45.252 AM","1.385"
"594","2025-08-24 11:21:45.253 AM","1.385"
"595","2025-08-24 11:21:45.254 AM","1.614"
"596","2025-08-24 11:21:45.255 AM","1.614"
"597","2025-08-24 11:21:45.256 AM","1.614"
"598","2025-08-24 11:21:45.257 AM","1.614"
"599","2025-08-24 11:21:45.258 AM","1.614"
"600","2025-08-24 11:21:45.259 AM","1.614"
"601","2025-08-24 11:21:45.260 AM","1.609"
"602","2025-08-24 11:21:45.261 AM","1.604"
"603","2025-08-24 11:21:45.262 AM","1.604"
"604","2025-08-24 11:21:45.263 AM","1.604"
"605","2025-08-24 11:21:45.264 AM","1.614"
"606","2025-08-24 11:21:45.265 AM","1.614"
"607","2025-08-24 11:21:45.266 AM","1.614"
"608","2025-08-24 11:21:45.267 AM","1.624"
"609","2025-08-24 11:21:45.268 AM","1.614"
"610","2025-08-24 11:21:45.269 AM","1.614"
"611","2025-08-24 11:21:45.270 AM","1.614"
"612","2025-08-24 11:21:45.271 AM","1.658"
"613","2025-08-24 11:21:45.272 AM","1.658"
"614","2025-08-24 11:21:45.273 AM","1.653"
"615","2025-08-24 11:21:45.274 AM","1.653"
"616","2025-08-24 11:21:45.275 AM","1.658"
"617","2025-08-24 11:21:45.276 AM","1.658"
"618","2025-08-24 11:21:45.277 AM","1.658"
"619","2025-08-24 11:21:45.278 AM","1.658"
"620","2025-08-24 11:21:45.279 AM","1.653"
"621","2025-08-24 11:21:45.280 AM","1.653"
"622","2025-08-24 11:21:45.281 AM","1.653"
"623","2025-08-24 11:21:45.282 AM","1.653"
"624","2025-08-24 11:21:45.283 AM","1.653"
"625","2025-08-24 11:21:45.284 AM","1.653"
"626","2025-08-24 11:21:45.285 AM","1.653"
"627","2025-08-24 11:21:45.286 AM","1.653"
"628","2025-08-24 11:21:45.287 AM","1.385"
"629","2025-08-24 11:21:45.288 AM","1.385"
"630","2025-08-24 11:21:45.289 AM","1.389"
"631","2025-08-24 11:21:45.290 AM","1.385"
"632","2025-08-24 11:21:45.291 AM","1.385"
"633","2025-08-24 11:21:45.292 AM","1.385"
"634","2025-08-24 11:21:45.293 AM","1.380"
"635","2025-08-24 11:21:45.294 AM","1.380"
"636","2025-08-24 11:21:45.295 AM","1.375"
"637","2025-08-24 11:21:45.296 AM","1.385"
"638","2025-08-24 11:21:45.297 AM","1.389"
"639","2025-08-24 11:21:45.298 AM","1.389"
"640","2025-08-24 11:21:45.299 AM","1.394"
"641","2025-08-24 11:21:45.300 AM","1.399"
"642","2025-08-24 11:21:45.301 AM","1.380"
"643","2025-08-24 11:21:45.302 AM","1.385"
"644","2025-08-24 11:21:45.303 AM","1.385"
"645","2025-08-24 11:21:45.304 AM","1.541"
"646","2025-08-24 11:21:45.305 AM","1.541"
"647","2025-08-24 11:21:45.306 AM","1.541"
"648","2025-08-24 11:21:45.307 AM","1.541"
"649","2025-08-24 11:21:45.308 AM","1.541"
"650","2025-08-24 11:21:45.309 AM","1.541"
"651","2025-08-24 11:21:45.310 AM","1.541"
"652","2025-08-24 11:21:45.311 AM","1.541"
"653","2025-08-24 11:21:45.312 AM","1.536"
"654","2025-08-24 11:21:45.313 AM","1.541"
"655","2025-08-24 11:21:45.314 AM","1.536"
"656","2025-08-24 11:21:45.315 AM","1.536"
"657","2025-08-24 11:21:45.316 AM","1.536"
"658","2025-08-24 11:21:45.317 AM","1.536"
"659","2025-08-24 11:21:45.318 AM","1.541"
"660","2025-08-24 11:21:45.319 AM","1.541"
"661","2025-08-24 11:21:45.320 AM","1.692"
"662","2025-08-24 11:21:45.321 AM","1.692"
"663","2025-08-24 11:21:45.322 AM","1.692"
"664","2025-08-24 11:21:45.323 AM","1.692"
"665","2025-08-24 11:21:45.324 AM","1.692"
"666","2025-08-24 11:21:45.325 AM","1.692"
"667","2025-08-24 11:21:45.326 AM","1.687"
"668","2025-08-24 11:21:45.327 AM","1.683"
"669","2025-08-24 11:21:45.328 AM","1.683"
"670","2025-08-24 11:21:45.329 AM","1.692"
"671","2025-08-24 11:21:45.330 AM","1.697"
"672","2025-08-24 11:21:45.331 AM","1.697"
"673","2025-08-24 11:21:45.332 AM","1.697"
"674","2025-08-24 11:21:45.333 AM","1.687"
"675","2025-08-24 11:21:45.334 AM","1.692"
"676","2025-08-24 11:21:45.335 AM","1.692"
"677","2025-08-24 11:21:45.336 AM","1.687"
"678","2025-08-24 11:21:45.337 AM","1.443"
"679","2025-08-24 11:21:45.338 AM","1.443"
"680","2025-08-24 11:21:45.339 AM","1.443"
"681","2025-08-24 11:21:45.340 AM","1.448"
"682","2025-08-24 11:21:45.341 AM","1.443"
"683","2025-08-24 11:21:45.342 AM","1.443"
"684","2025-08-24 11:21:45.343 AM","1.448"
"685","2025-08-24 11:21:45.344 AM","1.443"
"686","2025-08-24 11:21:45.345 AM","1.443"
"687","2025-08-24 11:21:45.346 AM","1.443"
"688","2025-08-24 11:21:45.347 AM","1.443"
"689","2025-08-24 11:21:45.348 AM","1.443"
"690","2025-08-24 11:21:45.349 AM","1.443"
"691","2025-08-24 11:21:45.350 AM","1.443"
"692","2025-08-24 11:21:45.351 AM","1.443"
"693","2025-08-24 11:21:45.352 AM","1.448"
"694","2025-08-24 11:21:45.353 AM","1.482"
"695","2025-08-24 11:21:45.354 AM","1.482"
"696","2025-08-24 11:21:45.355 AM","1.482"
"697","2025-08-24 11:21:45.356 AM","1.482"
"698","2025-08-24 11:21:45.357 AM","1.482"
"699","2025-08-24 11:21:45.358 AM","1.482"
"700","2025-08-24 11:21:45.359 AM","1.477"
"701","2025-08-24 11:21:45.360 AM","1.473"
"702","2025-08-24 11:21:45.361 AM","1.487"
"703","2025-08-24 11:21:45.362 AM","1.487"
"704","2025-08-24 11:21:45.363 AM","1.487"
"705","2025-08-24 11:21:45.364 AM","1.487"
"706","2025-08-24 11:21:45.365 AM","1.482"
"707","2025-08-24 11:21:45.366 AM","1.477"
"708","2025-08-24 11:21:45.367 AM","1.477"
"709","2025-08-24 11:21:45.368 AM","1.482"
"710","2025-08-24 11:21:45.369 AM","1.482"
"711","2025-08-24 11:21:45.370 AM","1.692"
"712","2025-08-24 11:21:45.371 AM","1.692"
"713","2025-08-24 11:21:45.372 AM","1.692"
"714","2025-08-24 11:21:45.373 AM","1.692"
"715","2025-08-24 11:21:45.374 AM","1.692"
"716","2025-08-24 11:21:45.375 AM","1.692"
"717","2025-08-24 11:21:45.376 AM","1.692"
"718","2025-08-24 11:21:45.377 AM","1.692"
"719","2025-08-24 11:21:45.378 AM","1.687"
"720","2025-08-24 11:21:45.379 AM","1.687"
"721","2025-08-24 11:21:45.380 AM","1.687"
"722","2025-08-24 11:21:45.381 AM","1.687"
"723","2025-08-24 11:21:45.382 AM","1.687"
"724","2025-08-24 11:21:45.383 AM","1.687"
"725","2025-08-24 11:21:45.384 AM","1.692"
"726","2025-08-24 11:21:45.385 AM","1.687"
"727","2025-08-24 11:21:45.386 AM","1.502"
"728","2025-08-24 11:21:45.387 AM","1.497"
"729","2025-08-24 11:21:45.388 AM","1.502"
"730","2025-08-24 11:21:45.389 AM","1.497"
"731","2025-08-24 11:21:45.390 AM","1.497"
"732","2025-08-24 11:21:45.391 AM","1.502"
"733","2025-08-24 11:21:45.392 AM","1.492"
"734","2025-08-24 11:21:45.393 AM","1.502"
"735","2025-08-24 11:21:45.394 AM","1.507"
"736","2025-08-24 11:21:45.395 AM","1.507"
"737","2025-08-24 11:21:45.396 AM","1.507"
"738","2025-08-24 11:21:45.397 AM","1.497"
"739","2025-08-24 11:21:45.398 AM","1.497"
"740","2025-08-24 11:21:45.399 AM","1.497"
"741","2025-08-24 11:21:45.400 AM","1.502"
"742","2025-08-24 11:21:45.401 AM","1.497"
"743","2025-08-24 11:21:45.402 AM","1.502"
"744","2025-08-24 11:21:45.403 AM","1.429"
"745","2025-08-24 11:21:45.404 AM","1.429"
"746","2025-08-24 11:21:45.405 AM","1.429"
"747","2025-08-24 11:21:45.406 AM","1.424"
"748","2025-08-24 11:21:45.407 AM","1.429"
"749","2025-08-24 11:21:45.408 AM","1.429"
"750","2025-08-24 11:21:45.409 AM","1.424"
"751","2025-08-24 11:21:45.410 AM","1.424"
"752","2025-08-24 11:21:45.411 AM","1.424"
"753","2025-08-24 11:21:45.412 AM","1.424"
"754","2025-08-24 11:21:45.413 AM","1.424"
"755","2025-08-24 11:21:45.414 AM","1.424"
"756","2025-08-24 11:21:45.415 AM","1.424"
"757","2025-08-24 11:21:45.416 AM","1.424"
"758","2025-08-24 11:21:45.417 AM","1.429"
"759","2025-08-24 11:21:45.418 AM","1.429"
"760","2025-08-24 11:21:45.419 AM","1.692"
"761","2025-08-24 11:21:45.420 AM","1.692"
"762","2025-08-24 11:21:45.421 AM","1.692"
"763","2025-08-24 11:21:45.422 AM","1.692"
"764","2025-08-24 11:21:45.423 AM","1.692"
"765","2025-08-24 11:21:45.424 AM","1.692"
"766","2025-08-24 11:21:45.425 AM","1.692"
"767","2025-08-24 11:21:45.426 AM","1.697"
"768","2025-08-24 11:21:45.427 AM","1.697"
"769","2025-08-24 11:21:45.428 AM","1.702"
"770","2025-08-24 11:21:45.429 AM","1.692"
"771","2025-08-24 11:21:45.430 AM","1.687"
"772","2025-08-24 11:21:45.431 AM","1.692"
"773","2025-08-24 11:21:45.432 AM","1.692"
"774","2025-08-24 11:21:45.433 AM","1.687"
"775","2025-08-24 11:21:45.434 AM","1.687"
"776","2025-08-24 11:21:45.435 AM","1.692"
"777","2025-08-24 11:21:45.436 AM","1.556"
"778","2025-08-24 11:21:45.437 AM","1.556"
"779","2025-08-24 11:21:45.438 AM","1.560"
"780","2025-08-24 11:21:45.439 AM","1.560"
"781","2025-08-24 11:21:45.440 AM","1.560"
"782","2025-08-24 11:21:45.441 AM","1.560"
"783","2025-08-24 11:21:45.442 AM","1.556"
"784","2025-08-24 11:21:45.443 AM","1.556"
"785","2025-08-24 11:21:45.444 AM","1.556"
"786","2025-08-24 11:21:45.445 AM","1.556"
"787","2025-08-24 11:21:45.446 AM","1.556"
"788","2025-08-24 11:21:45.447 AM","1.556"
"789","2025-08-24 11:21:45.448 AM","1.556"
"790","2025-08-24 11:21:45.449 AM","1.556"
"791","2025-08-24 11:21:45.450 AM","1.556"
"792","2025-08-24 11:21:45.451 AM","1.556"
"793","2025-08-24 11:21:45.452 AM","1.404"
"794","2025-08-24 11:21:45.453 AM","1.404"
"795","2025-08-24 11:21:45.454 AM","1.404"
"796","2025-08-24 11:21:45.455 AM","1.404"
"797","2025-08-24 11:21:45.456 AM","1.404"
"798","2025-08-24 11:21:45.457 AM","1.404"
"799","2025-08-24 11:21:45.458 AM","1.409"
"800","2025-08-24 11:21:45.459 AM","1.419"
"801","2025-08-24 11:21:45.460 AM","1.419"
"802","2025-08-24 11:21:45.461 AM","1.404"
"803","2025-08-24 11:21:45.462 AM","1.404"
"804","2025-08-24 11:21:45.463 AM","1.399"
"805","2025-08-24 11:21:45.464 AM","1.404"
"806","2025-08-24 11:21:45.465 AM","1.404"
"807","2025-08-24 11:21:45.466 AM","1.404"
"808","2025-08-24 11:21:45.467 AM","1.404"
"809","2025-08-24 11:21:45.468 AM","1.404"
"810","2025-08-24 11:21:45.469 AM","1.673"
"811","2025-08-24 11:21:45.470 AM","1.673"
"812","2025-08-24 11:21:45.471 AM","1.673"
"813","2025-08-24 11:21:45.472 AM","1.673"
"814","2025-08-24 11:21:45.473 AM","1.673"
"815","2025-08-24 11:21:45.474 AM","1.673"
"816","2025-08-24 11:21:45.475 AM","1.673"
"817","2025-08-24 11:21:45.476 AM","1.673"
"818","2025-08-24 11:21:45.477 AM","1.673"
"819","2025-08-24 11:21:45.478 AM","1.673"
"820","2025-08-24 11:21:45.479 AM","1.673"
"821","2025-08-24 11:21:45.480 AM","1.668"
"822","2025-08-24 11:21:45.481 AM","1.668"
"823","2025-08-24 11:21:45.482 AM","1.668"
"824","2025-08-24 11:21:45.483 AM","1.673"
"825","2025-08-24 11:21:45.484 AM","1.673"
"826","2025-08-24 11:21:45.485 AM","1.634"
"827","2025-08-24 11:21:45.486 AM","1.639"
"828","2025-08-24 11:21:45.487 AM","1.634"
"829","2025-08-24 11:21:45.488 AM","1.639"
"830","2025-08-24 11:21:45.489 AM","1.639"
"831","2025-08-24 11:21:45.490 AM","1.639"
"832","2025-08-24 11:21:45.491 AM","1.643"
"833","2025-08-24 11:21:45.492 AM","1.643"
"834","2025-08-24 11:21:45.493 AM","1.634"
"835","2025-08-24 11:21:45.494 AM","1.639"
"836","2025-08-24 11:21:45.495 AM","1.634"
"837","2025-08-24 11:21:45.496 AM","1.634"
"838","2025-08-24 11:21:45.497 AM","1.634"
"839","2025-08-24 11:21:45.498 AM","1.634"
"840","2025-08-24 11:21:45.499 AM","1.634"
"841","2025-08-24 11:21:45.500 AM","1.634"
"842","2025-08-24 11:21:45.501 AM","1.634"
"843","2025-08-24 11:21:45.502 AM","1.385"
"844","2025-08-24 11:21:45.503 AM","1.389"
"845","2025-08-24 11:21:45.504 AM","1.385"
"846","2025-08-24 11:21:45.505 AM","1.389"
"847","2025-08-24 11:21:45.506 AM","1.385"
"848","2025-08-24 11:21:45.507 AM","1.385"
"849","2025-08-24 11:21:45.508 AM","1.385"
"850","2025-08-24 11:21:45.509 AM","1.385"
"851","2025-08-24 11:21:45.510 AM","1.380"
"852","2025-08-24 11:21:45.511 AM","1.380"
"853","2025-08-24 11:21:45.512 AM","1.385"
"854","2025-08-24 11:21:45.513 AM","1.380"
"855","2025-08-24 11:21:45.514 AM","1.380"
"856","2025-08-24 11:21:45.515 AM","1.380"
"857","2025-08-24 11:21:45.516 AM","1.385"
"858","2025-08-24 11:21:45.517 AM","1.385"
"859","2025-08-24 11:21:45.518 AM","1.639"
"860","2025-08-24 11:21:45.519 AM","1.639"
"861","2025-08-24 11:21:45.520 AM","1.639"
"862","2025-08-24 11:21:45.521 AM","1.639"
"863","2025-08-24 11:21:45.522 AM","1.639"
"864","2025-08-24 11:21:45.523 AM","1.639"
"865","2025-08-24 11:21:45.524 AM","1.643"
"866","2025-08-24 11:21:45.525 AM","1.634"
"867","2025-08-24 11:21:45.526 AM","1.639"
"868","2025-08-24 11:21:45.527 AM","1.634"
"869","2025-08-24 11:21:45.528 AM","1.639"
"870","2025-08-24 11:21:45.529 AM","1.634"
"871","2025-08-24 11:21:45.530 AM","1.634"
"872","2025-08-24 11:21:45.531 AM","1.639"
"873","2025-08-24 11:21:45.532 AM","1.634"
"874","2025-08-24 11:21:45.533 AM","1.639"
"875","2025-08-24 11:21:45.534 AM","1.639"
"876","2025-08-24 11:21:45.535 AM","1.653"
"877","2025-08-24 11:21:45.536 AM","1.658"
"878","2025-08-24 11:21:45.537 AM","1.658"
"879","2025-08-24 11:21:45.538 AM","1.658"
"880","2025-08-24 11:21:45.539 AM","1.653"
"881","2025-08-24 11:21:45.540 AM","1.658"
"882","2025-08-24 11:21:45.541 AM","1.653"
"883","2025-08-24 11:21:45.542 AM","1.653"
"884","2025-08-24 11:21:45.543 AM","1.653"
"885","2025-08-24 11:21:45.544 AM","1.653"
"886","2025-08-24 11:21:45.545 AM","1.653"
"887","2025-08-24 11:21:45.546 AM","1.653"
"888","2025-08-24 11:21:45.547 AM","1.653"
"889","2025-08-24 11:21:45.548 AM","1.653"
"890","2025-08-24 11:21:45.549 AM","1.658"
"891","2025-08-24 11:21:45.550 AM","1.653"
"892","2025-08-24 11:21:45.551 AM","1.385"
"893","2025-08-24 11:21:45.552 AM","1.385"
"894","2025-08-24 11:21:45.553 AM","1.385"
"895","2025-08-24 11:21:45.554 AM","1.385"
"896","2025-08-24 11:21:45.555 AM","1.385"
"897","2025-08-24 11:21:45.556 AM","1.385"
"898","2025-08-24 11:21:45.557 AM","1.385"
"899","2025-08-24 11:21:45.558 AM","1.385"
"900","2025-08-24 11:21:45.559 AM","1.385"
"901","2025-08-24 11:21:45.560 AM","1.385"
"902","2025-08-24 11:21:45.561 AM","1.385"
"903","2025-08-24 11:21:45.562 AM","1.385"
"904","2025-08-24 11:21:45.563 AM","1.385"
"905","2025-08-24 11:21:45.564 AM","1.385"
"906","2025-08-24 11:21:45.565 AM","1.385"
