"Device: USB-205"
"Serial Number: 22B4008"
"Channel Count: 1"
"Sample Count: 11466"
"Start Time: 2025-08-24 12:53:10.550 PM"
"Scan Rate: 1000"
"Sample","Date/Time","AI0 (V)"
"0","2025-08-24 12:53:10.550 PM","1.482"
"1","2025-08-24 12:53:10.551 PM","1.482"
"2","2025-08-24 12:53:10.552 PM","1.477"
"3","2025-08-24 12:53:10.553 PM","1.477"
"4","2025-08-24 12:53:10.554 PM","1.477"
"5","2025-08-24 12:53:10.555 PM","1.477"
"6","2025-08-24 12:53:10.556 PM","1.477"
"7","2025-08-24 12:53:10.557 PM","1.482"
"8","2025-08-24 12:53:10.558 PM","1.448"
"9","2025-08-24 12:53:10.559 PM","1.443"
"10","2025-08-24 12:53:10.560 PM","1.443"
"11","2025-08-24 12:53:10.561 PM","1.448"
"12","2025-08-24 12:53:10.562 PM","1.448"
"13","2025-08-24 12:53:10.563 PM","1.443"
"14","2025-08-24 12:53:10.564 PM","1.443"
"15","2025-08-24 12:53:10.565 PM","1.453"
"16","2025-08-24 12:53:10.566 PM","1.453"
"17","2025-08-24 12:53:10.567 PM","1.458"
"18","2025-08-24 12:53:10.568 PM","1.453"
"19","2025-08-24 12:53:10.569 PM","1.443"
"20","2025-08-24 12:53:10.570 PM","1.443"
"21","2025-08-24 12:53:10.571 PM","1.443"
"22","2025-08-24 12:53:10.572 PM","1.443"
"23","2025-08-24 12:53:10.573 PM","1.443"
"24","2025-08-24 12:53:10.574 PM","1.443"
"25","2025-08-24 12:53:10.575 PM","1.429"
"26","2025-08-24 12:53:10.576 PM","1.429"
"27","2025-08-24 12:53:10.577 PM","1.429"
"28","2025-08-24 12:53:10.578 PM","1.429"
"29","2025-08-24 12:53:10.579 PM","1.429"
"30","2025-08-24 12:53:10.580 PM","1.429"
"31","2025-08-24 12:53:10.581 PM","1.429"
"32","2025-08-24 12:53:10.582 PM","1.424"
"33","2025-08-24 12:53:10.583 PM","1.429"
"34","2025-08-24 12:53:10.584 PM","1.424"
"35","2025-08-24 12:53:10.585 PM","1.424"
"36","2025-08-24 12:53:10.586 PM","1.424"
"37","2025-08-24 12:53:10.587 PM","1.424"
"38","2025-08-24 12:53:10.588 PM","1.424"
"39","2025-08-24 12:53:10.589 PM","1.424"
"40","2025-08-24 12:53:10.590 PM","1.429"
"41","2025-08-24 12:53:10.591 PM","1.482"
"42","2025-08-24 12:53:10.592 PM","1.482"
"43","2025-08-24 12:53:10.593 PM","1.482"
"44","2025-08-24 12:53:10.594 PM","1.482"
"45","2025-08-24 12:53:10.595 PM","1.482"
"46","2025-08-24 12:53:10.596 PM","1.482"
"47","2025-08-24 12:53:10.597 PM","1.487"
"48","2025-08-24 12:53:10.598 PM","1.487"
"49","2025-08-24 12:53:10.599 PM","1.492"
"50","2025-08-24 12:53:10.600 PM","1.492"
"51","2025-08-24 12:53:10.601 PM","1.482"
"52","2025-08-24 12:53:10.602 PM","1.482"
"53","2025-08-24 12:53:10.603 PM","1.482"
"54","2025-08-24 12:53:10.604 PM","1.482"
"55","2025-08-24 12:53:10.605 PM","1.482"
"56","2025-08-24 12:53:10.606 PM","1.482"
"57","2025-08-24 12:53:10.607 PM","1.482"
"58","2025-08-24 12:53:10.608 PM","1.448"
"59","2025-08-24 12:53:10.609 PM","1.443"
"60","2025-08-24 12:53:10.610 PM","1.443"
"61","2025-08-24 12:53:10.611 PM","1.448"
"62","2025-08-24 12:53:10.612 PM","1.448"
"63","2025-08-24 12:53:10.613 PM","1.448"
"64","2025-08-24 12:53:10.614 PM","1.443"
"65","2025-08-24 12:53:10.615 PM","1.443"
"66","2025-08-24 12:53:10.616 PM","1.443"
"67","2025-08-24 12:53:10.617 PM","1.443"
"68","2025-08-24 12:53:10.618 PM","1.443"
"69","2025-08-24 12:53:10.619 PM","1.443"
"70","2025-08-24 12:53:10.620 PM","1.443"
"71","2025-08-24 12:53:10.621 PM","1.443"
"72","2025-08-24 12:53:10.622 PM","1.443"
"73","2025-08-24 12:53:10.623 PM","1.443"
"74","2025-08-24 12:53:10.624 PM","1.429"
"75","2025-08-24 12:53:10.625 PM","1.429"
"76","2025-08-24 12:53:10.626 PM","1.429"
"77","2025-08-24 12:53:10.627 PM","1.429"
"78","2025-08-24 12:53:10.628 PM","1.429"
"79","2025-08-24 12:53:10.629 PM","1.429"
"80","2025-08-24 12:53:10.630 PM","1.433"
"81","2025-08-24 12:53:10.631 PM","1.438"
"82","2025-08-24 12:53:10.632 PM","1.438"
"83","2025-08-24 12:53:10.633 PM","1.429"
"84","2025-08-24 12:53:10.634 PM","1.429"
"85","2025-08-24 12:53:10.635 PM","1.424"
"86","2025-08-24 12:53:10.636 PM","1.424"
"87","2025-08-24 12:53:10.637 PM","1.424"
"88","2025-08-24 12:53:10.638 PM","1.424"
"89","2025-08-24 12:53:10.639 PM","1.424"
"90","2025-08-24 12:53:10.640 PM","1.429"
"91","2025-08-24 12:53:10.641 PM","1.482"
"92","2025-08-24 12:53:10.642 PM","1.482"
"93","2025-08-24 12:53:10.643 PM","1.482"
"94","2025-08-24 12:53:10.644 PM","1.482"
"95","2025-08-24 12:53:10.645 PM","1.482"
"96","2025-08-24 12:53:10.646 PM","1.482"
"97","2025-08-24 12:53:10.647 PM","1.482"
"98","2025-08-24 12:53:10.648 PM","1.477"
"99","2025-08-24 12:53:10.649 PM","1.477"
"100","2025-08-24 12:53:10.650 PM","1.477"
"101","2025-08-24 12:53:10.651 PM","1.477"
"102","2025-08-24 12:53:10.652 PM","1.477"
"103","2025-08-24 12:53:10.653 PM","1.477"
"104","2025-08-24 12:53:10.654 PM","1.477"
"105","2025-08-24 12:53:10.655 PM","1.482"
"106","2025-08-24 12:53:10.656 PM","1.477"
"107","2025-08-24 12:53:10.657 PM","1.448"
"108","2025-08-24 12:53:10.658 PM","1.448"
"109","2025-08-24 12:53:10.659 PM","1.443"
"110","2025-08-24 12:53:10.660 PM","1.448"
"111","2025-08-24 12:53:10.661 PM","1.448"
"112","2025-08-24 12:53:10.662 PM","1.443"
"113","2025-08-24 12:53:10.663 PM","1.458"
"114","2025-08-24 12:53:10.664 PM","1.458"
"115","2025-08-24 12:53:10.665 PM","1.448"
"116","2025-08-24 12:53:10.666 PM","1.448"
"117","2025-08-24 12:53:10.667 PM","1.443"
"118","2025-08-24 12:53:10.668 PM","1.443"
"119","2025-08-24 12:53:10.669 PM","1.443"
"120","2025-08-24 12:53:10.670 PM","1.443"
"121","2025-08-24 12:53:10.671 PM","1.443"
"122","2025-08-24 12:53:10.672 PM","1.448"
"123","2025-08-24 12:53:10.673 PM","1.448"
"124","2025-08-24 12:53:10.674 PM","1.448"
"125","2025-08-24 12:53:10.675 PM","1.443"
"126","2025-08-24 12:53:10.676 PM","1.448"
"127","2025-08-24 12:53:10.677 PM","1.443"
"128","2025-08-24 12:53:10.678 PM","1.443"
"129","2025-08-24 12:53:10.679 PM","1.448"
"130","2025-08-24 12:53:10.680 PM","1.443"
"131","2025-08-24 12:53:10.681 PM","1.443"
"132","2025-08-24 12:53:10.682 PM","1.443"
"133","2025-08-24 12:53:10.683 PM","1.443"
"134","2025-08-24 12:53:10.684 PM","1.443"
"135","2025-08-24 12:53:10.685 PM","1.443"
"136","2025-08-24 12:53:10.686 PM","1.438"
"137","2025-08-24 12:53:10.687 PM","1.443"
"138","2025-08-24 12:53:10.688 PM","1.443"
"139","2025-08-24 12:53:10.689 PM","1.443"
"140","2025-08-24 12:53:10.690 PM","1.482"
"141","2025-08-24 12:53:10.691 PM","1.482"
"142","2025-08-24 12:53:10.692 PM","1.482"
"143","2025-08-24 12:53:10.693 PM","1.482"
"144","2025-08-24 12:53:10.694 PM","1.482"
"145","2025-08-24 12:53:10.695 PM","1.482"
"146","2025-08-24 12:53:10.696 PM","1.492"
"147","2025-08-24 12:53:10.697 PM","1.482"
"148","2025-08-24 12:53:10.698 PM","1.482"
"149","2025-08-24 12:53:10.699 PM","1.477"
"150","2025-08-24 12:53:10.700 PM","1.482"
"151","2025-08-24 12:53:10.701 PM","1.482"
"152","2025-08-24 12:53:10.702 PM","1.482"
"153","2025-08-24 12:53:10.703 PM","1.477"
"154","2025-08-24 12:53:10.704 PM","1.477"
"155","2025-08-24 12:53:10.705 PM","1.482"
"156","2025-08-24 12:53:10.706 PM","1.482"
"157","2025-08-24 12:53:10.707 PM","1.448"
"158","2025-08-24 12:53:10.708 PM","1.443"
"159","2025-08-24 12:53:10.709 PM","1.443"
"160","2025-08-24 12:53:10.710 PM","1.448"
"161","2025-08-24 12:53:10.711 PM","1.448"
"162","2025-08-24 12:53:10.712 PM","1.448"
"163","2025-08-24 12:53:10.713 PM","1.443"
"164","2025-08-24 12:53:10.714 PM","1.443"
"165","2025-08-24 12:53:10.715 PM","1.443"
"166","2025-08-24 12:53:10.716 PM","1.443"
"167","2025-08-24 12:53:10.717 PM","1.443"
"168","2025-08-24 12:53:10.718 PM","1.443"
"169","2025-08-24 12:53:10.719 PM","1.443"
"170","2025-08-24 12:53:10.720 PM","1.443"
"171","2025-08-24 12:53:10.721 PM","1.443"
"172","2025-08-24 12:53:10.722 PM","1.448"
"173","2025-08-24 12:53:10.723 PM","1.448"
"174","2025-08-24 12:53:10.724 PM","1.448"
"175","2025-08-24 12:53:10.725 PM","1.448"
"176","2025-08-24 12:53:10.726 PM","1.448"
"177","2025-08-24 12:53:10.727 PM","1.443"
"178","2025-08-24 12:53:10.728 PM","1.443"
"179","2025-08-24 12:53:10.729 PM","1.448"
"180","2025-08-24 12:53:10.730 PM","1.443"
"181","2025-08-24 12:53:10.731 PM","1.443"
"182","2025-08-24 12:53:10.732 PM","1.448"
"183","2025-08-24 12:53:10.733 PM","1.443"
"184","2025-08-24 12:53:10.734 PM","1.443"
"185","2025-08-24 12:53:10.735 PM","1.443"
"186","2025-08-24 12:53:10.736 PM","1.443"
"187","2025-08-24 12:53:10.737 PM","1.443"
"188","2025-08-24 12:53:10.738 PM","1.448"
"189","2025-08-24 12:53:10.739 PM","1.448"
"190","2025-08-24 12:53:10.740 PM","1.482"
"191","2025-08-24 12:53:10.741 PM","1.482"
"192","2025-08-24 12:53:10.742 PM","1.482"
"193","2025-08-24 12:53:10.743 PM","1.482"
"194","2025-08-24 12:53:10.744 PM","1.482"
"195","2025-08-24 12:53:10.745 PM","1.482"
"196","2025-08-24 12:53:10.746 PM","1.482"
"197","2025-08-24 12:53:10.747 PM","1.477"
"198","2025-08-24 12:53:10.748 PM","1.477"
"199","2025-08-24 12:53:10.749 PM","1.477"
"200","2025-08-24 12:53:10.750 PM","1.477"
"201","2025-08-24 12:53:10.751 PM","1.477"
"202","2025-08-24 12:53:10.752 PM","1.477"
"203","2025-08-24 12:53:10.753 PM","1.477"
"204","2025-08-24 12:53:10.754 PM","1.482"
"205","2025-08-24 12:53:10.755 PM","1.482"
"206","2025-08-24 12:53:10.756 PM","1.448"
"207","2025-08-24 12:53:10.757 PM","1.443"
"208","2025-08-24 12:53:10.758 PM","1.443"
"209","2025-08-24 12:53:10.759 PM","1.443"
"210","2025-08-24 12:53:10.760 PM","1.443"
"211","2025-08-24 12:53:10.761 PM","1.448"
"212","2025-08-24 12:53:10.762 PM","1.448"
"213","2025-08-24 12:53:10.763 PM","1.443"
"214","2025-08-24 12:53:10.764 PM","1.443"
"215","2025-08-24 12:53:10.765 PM","1.443"
"216","2025-08-24 12:53:10.766 PM","1.443"
"217","2025-08-24 12:53:10.767 PM","1.443"
"218","2025-08-24 12:53:10.768 PM","1.443"
"219","2025-08-24 12:53:10.769 PM","1.443"
"220","2025-08-24 12:53:10.770 PM","1.443"
"221","2025-08-24 12:53:10.771 PM","1.443"
"222","2025-08-24 12:53:10.772 PM","1.448"
"223","2025-08-24 12:53:10.773 PM","1.443"
"224","2025-08-24 12:53:10.774 PM","1.443"
"225","2025-08-24 12:53:10.775 PM","1.448"
"226","2025-08-24 12:53:10.776 PM","1.448"
"227","2025-08-24 12:53:10.777 PM","1.448"
"228","2025-08-24 12:53:10.778 PM","1.448"
"229","2025-08-24 12:53:10.779 PM","1.443"
"230","2025-08-24 12:53:10.780 PM","1.438"
"231","2025-08-24 12:53:10.781 PM","1.443"
"232","2025-08-24 12:53:10.782 PM","1.443"
"233","2025-08-24 12:53:10.783 PM","1.438"
"234","2025-08-24 12:53:10.784 PM","1.443"
"235","2025-08-24 12:53:10.785 PM","1.438"
"236","2025-08-24 12:53:10.786 PM","1.443"
"237","2025-08-24 12:53:10.787 PM","1.443"
"238","2025-08-24 12:53:10.788 PM","1.443"
"239","2025-08-24 12:53:10.789 PM","1.482"
"240","2025-08-24 12:53:10.790 PM","1.482"
"241","2025-08-24 12:53:10.791 PM","1.482"
"242","2025-08-24 12:53:10.792 PM","1.482"
"243","2025-08-24 12:53:10.793 PM","1.482"
"244","2025-08-24 12:53:10.794 PM","1.482"
"245","2025-08-24 12:53:10.795 PM","1.482"
"246","2025-08-24 12:53:10.796 PM","1.482"
"247","2025-08-24 12:53:10.797 PM","1.482"
"248","2025-08-24 12:53:10.798 PM","1.482"
"249","2025-08-24 12:53:10.799 PM","1.482"
"250","2025-08-24 12:53:10.800 PM","1.482"
"251","2025-08-24 12:53:10.801 PM","1.482"
"252","2025-08-24 12:53:10.802 PM","1.477"
"253","2025-08-24 12:53:10.803 PM","1.477"
"254","2025-08-24 12:53:10.804 PM","1.482"
"255","2025-08-24 12:53:10.805 PM","1.482"
"256","2025-08-24 12:53:10.806 PM","1.429"
"257","2025-08-24 12:53:10.807 PM","1.429"
"258","2025-08-24 12:53:10.808 PM","1.429"
"259","2025-08-24 12:53:10.809 PM","1.429"
"260","2025-08-24 12:53:10.810 PM","1.429"
"261","2025-08-24 12:53:10.811 PM","1.429"
"262","2025-08-24 12:53:10.812 PM","1.424"
"263","2025-08-24 12:53:10.813 PM","1.424"
"264","2025-08-24 12:53:10.814 PM","1.424"
"265","2025-08-24 12:53:10.815 PM","1.424"
"266","2025-08-24 12:53:10.816 PM","1.424"
"267","2025-08-24 12:53:10.817 PM","1.424"
"268","2025-08-24 12:53:10.818 PM","1.424"
"269","2025-08-24 12:53:10.819 PM","1.419"
"270","2025-08-24 12:53:10.820 PM","1.424"
"271","2025-08-24 12:53:10.821 PM","1.424"
"272","2025-08-24 12:53:10.822 PM","1.443"
"273","2025-08-24 12:53:10.823 PM","1.448"
"274","2025-08-24 12:53:10.824 PM","1.448"
"275","2025-08-24 12:53:10.825 PM","1.443"
"276","2025-08-24 12:53:10.826 PM","1.443"
"277","2025-08-24 12:53:10.827 PM","1.448"
"278","2025-08-24 12:53:10.828 PM","1.443"
"279","2025-08-24 12:53:10.829 PM","1.443"
"280","2025-08-24 12:53:10.830 PM","1.443"
"281","2025-08-24 12:53:10.831 PM","1.443"
"282","2025-08-24 12:53:10.832 PM","1.443"
"283","2025-08-24 12:53:10.833 PM","1.443"
"284","2025-08-24 12:53:10.834 PM","1.443"
"285","2025-08-24 12:53:10.835 PM","1.443"
"286","2025-08-24 12:53:10.836 PM","1.443"
"287","2025-08-24 12:53:10.837 PM","1.443"
"288","2025-08-24 12:53:10.838 PM","1.443"
"289","2025-08-24 12:53:10.839 PM","1.482"
"290","2025-08-24 12:53:10.840 PM","1.482"
"291","2025-08-24 12:53:10.841 PM","1.482"
"292","2025-08-24 12:53:10.842 PM","1.482"
"293","2025-08-24 12:53:10.843 PM","1.482"
"294","2025-08-24 12:53:10.844 PM","1.482"
"295","2025-08-24 12:53:10.845 PM","1.482"
"296","2025-08-24 12:53:10.846 PM","1.477"
"297","2025-08-24 12:53:10.847 PM","1.477"
"298","2025-08-24 12:53:10.848 PM","1.477"
"299","2025-08-24 12:53:10.849 PM","1.477"
"300","2025-08-24 12:53:10.850 PM","1.477"
"301","2025-08-24 12:53:10.851 PM","1.473"
"302","2025-08-24 12:53:10.852 PM","1.477"
"303","2025-08-24 12:53:10.853 PM","1.482"
"304","2025-08-24 12:53:10.854 PM","1.482"
"305","2025-08-24 12:53:10.855 PM","1.424"
"306","2025-08-24 12:53:10.856 PM","1.429"
"307","2025-08-24 12:53:10.857 PM","1.429"
"308","2025-08-24 12:53:10.858 PM","1.424"
"309","2025-08-24 12:53:10.859 PM","1.429"
"310","2025-08-24 12:53:10.860 PM","1.429"
"311","2025-08-24 12:53:10.861 PM","1.429"
"312","2025-08-24 12:53:10.862 PM","1.429"
"313","2025-08-24 12:53:10.863 PM","1.424"
"314","2025-08-24 12:53:10.864 PM","1.424"
"315","2025-08-24 12:53:10.865 PM","1.424"
"316","2025-08-24 12:53:10.866 PM","1.424"
"317","2025-08-24 12:53:10.867 PM","1.424"
"318","2025-08-24 12:53:10.868 PM","1.429"
"319","2025-08-24 12:53:10.869 PM","1.424"
"320","2025-08-24 12:53:10.870 PM","1.424"
"321","2025-08-24 12:53:10.871 PM","1.429"
"322","2025-08-24 12:53:10.872 PM","1.448"
"323","2025-08-24 12:53:10.873 PM","1.448"
"324","2025-08-24 12:53:10.874 PM","1.448"
"325","2025-08-24 12:53:10.875 PM","1.443"
"326","2025-08-24 12:53:10.876 PM","1.443"
"327","2025-08-24 12:53:10.877 PM","1.443"
"328","2025-08-24 12:53:10.878 PM","1.443"
"329","2025-08-24 12:53:10.879 PM","1.443"
"330","2025-08-24 12:53:10.880 PM","1.438"
"331","2025-08-24 12:53:10.881 PM","1.438"
"332","2025-08-24 12:53:10.882 PM","1.438"
"333","2025-08-24 12:53:10.883 PM","1.438"
"334","2025-08-24 12:53:10.884 PM","1.438"
"335","2025-08-24 12:53:10.885 PM","1.438"
"336","2025-08-24 12:53:10.886 PM","1.443"
"337","2025-08-24 12:53:10.887 PM","1.448"
"338","2025-08-24 12:53:10.888 PM","1.482"
"339","2025-08-24 12:53:10.889 PM","1.482"
"340","2025-08-24 12:53:10.890 PM","1.482"
"341","2025-08-24 12:53:10.891 PM","1.482"
"342","2025-08-24 12:53:10.892 PM","1.482"
"343","2025-08-24 12:53:10.893 PM","1.482"
"344","2025-08-24 12:53:10.894 PM","1.482"
"345","2025-08-24 12:53:10.895 PM","1.477"
"346","2025-08-24 12:53:10.896 PM","1.477"
"347","2025-08-24 12:53:10.897 PM","1.482"
"348","2025-08-24 12:53:10.898 PM","1.482"
"349","2025-08-24 12:53:10.899 PM","1.482"
"350","2025-08-24 12:53:10.900 PM","1.477"
"351","2025-08-24 12:53:10.901 PM","1.482"
"352","2025-08-24 12:53:10.902 PM","1.477"
"353","2025-08-24 12:53:10.903 PM","1.482"
"354","2025-08-24 12:53:10.904 PM","1.482"
"355","2025-08-24 12:53:10.905 PM","1.429"
"356","2025-08-24 12:53:10.906 PM","1.429"
"357","2025-08-24 12:53:10.907 PM","1.429"
"358","2025-08-24 12:53:10.908 PM","1.424"
"359","2025-08-24 12:53:10.909 PM","1.429"
"360","2025-08-24 12:53:10.910 PM","1.429"
"361","2025-08-24 12:53:10.911 PM","1.424"
"362","2025-08-24 12:53:10.912 PM","1.424"
"363","2025-08-24 12:53:10.913 PM","1.419"
"364","2025-08-24 12:53:10.914 PM","1.424"
"365","2025-08-24 12:53:10.915 PM","1.419"
"366","2025-08-24 12:53:10.916 PM","1.419"
"367","2025-08-24 12:53:10.917 PM","1.419"
"368","2025-08-24 12:53:10.918 PM","1.433"
"369","2025-08-24 12:53:10.919 PM","1.424"
"370","2025-08-24 12:53:10.920 PM","1.424"
"371","2025-08-24 12:53:10.921 PM","1.463"
"372","2025-08-24 12:53:10.922 PM","1.463"
"373","2025-08-24 12:53:10.923 PM","1.463"
"374","2025-08-24 12:53:10.924 PM","1.463"
"375","2025-08-24 12:53:10.925 PM","1.463"
"376","2025-08-24 12:53:10.926 PM","1.468"
"377","2025-08-24 12:53:10.927 PM","1.463"
"378","2025-08-24 12:53:10.928 PM","1.463"
"379","2025-08-24 12:53:10.929 PM","1.463"
"380","2025-08-24 12:53:10.930 PM","1.463"
"381","2025-08-24 12:53:10.931 PM","1.463"
"382","2025-08-24 12:53:10.932 PM","1.463"
"383","2025-08-24 12:53:10.933 PM","1.463"
"384","2025-08-24 12:53:10.934 PM","1.463"
"385","2025-08-24 12:53:10.935 PM","1.458"
"386","2025-08-24 12:53:10.936 PM","1.463"
"387","2025-08-24 12:53:10.937 PM","1.463"
"388","2025-08-24 12:53:10.938 PM","1.482"
"389","2025-08-24 12:53:10.939 PM","1.482"
"390","2025-08-24 12:53:10.940 PM","1.482"
"391","2025-08-24 12:53:10.941 PM","1.482"
"392","2025-08-24 12:53:10.942 PM","1.482"
"393","2025-08-24 12:53:10.943 PM","1.482"
"394","2025-08-24 12:53:10.944 PM","1.482"
"395","2025-08-24 12:53:10.945 PM","1.477"
"396","2025-08-24 12:53:10.946 PM","1.477"
"397","2025-08-24 12:53:10.947 PM","1.477"
"398","2025-08-24 12:53:10.948 PM","1.477"
"399","2025-08-24 12:53:10.949 PM","1.473"
"400","2025-08-24 12:53:10.950 PM","1.487"
"401","2025-08-24 12:53:10.951 PM","1.487"
"402","2025-08-24 12:53:10.952 PM","1.482"
"403","2025-08-24 12:53:10.953 PM","1.482"
"404","2025-08-24 12:53:10.954 PM","1.429"
"405","2025-08-24 12:53:10.955 PM","1.429"
"406","2025-08-24 12:53:10.956 PM","1.429"
"407","2025-08-24 12:53:10.957 PM","1.429"
"408","2025-08-24 12:53:10.958 PM","1.429"
"409","2025-08-24 12:53:10.959 PM","1.429"
"410","2025-08-24 12:53:10.960 PM","1.429"
"411","2025-08-24 12:53:10.961 PM","1.429"
"412","2025-08-24 12:53:10.962 PM","1.424"
"413","2025-08-24 12:53:10.963 PM","1.424"
"414","2025-08-24 12:53:10.964 PM","1.424"
"415","2025-08-24 12:53:10.965 PM","1.424"
"416","2025-08-24 12:53:10.966 PM","1.424"
"417","2025-08-24 12:53:10.967 PM","1.424"
"418","2025-08-24 12:53:10.968 PM","1.424"
"419","2025-08-24 12:53:10.969 PM","1.424"
"420","2025-08-24 12:53:10.970 PM","1.429"
"421","2025-08-24 12:53:10.971 PM","1.463"
"422","2025-08-24 12:53:10.972 PM","1.463"
"423","2025-08-24 12:53:10.973 PM","1.463"
"424","2025-08-24 12:53:10.974 PM","1.468"
"425","2025-08-24 12:53:10.975 PM","1.463"
"426","2025-08-24 12:53:10.976 PM","1.463"
"427","2025-08-24 12:53:10.977 PM","1.463"
"428","2025-08-24 12:53:10.978 PM","1.458"
"429","2025-08-24 12:53:10.979 PM","1.458"
"430","2025-08-24 12:53:10.980 PM","1.458"
"431","2025-08-24 12:53:10.981 PM","1.453"
"432","2025-08-24 12:53:10.982 PM","1.468"
"433","2025-08-24 12:53:10.983 PM","1.473"
"434","2025-08-24 12:53:10.984 PM","1.473"
"435","2025-08-24 12:53:10.985 PM","1.463"
"436","2025-08-24 12:53:10.986 PM","1.463"
"437","2025-08-24 12:53:10.987 PM","1.468"
"438","2025-08-24 12:53:10.988 PM","1.482"
"439","2025-08-24 12:53:10.989 PM","1.482"
"440","2025-08-24 12:53:10.990 PM","1.482"
"441","2025-08-24 12:53:10.991 PM","1.482"
"442","2025-08-24 12:53:10.992 PM","1.482"
"443","2025-08-24 12:53:10.993 PM","1.482"
"444","2025-08-24 12:53:10.994 PM","1.482"
"445","2025-08-24 12:53:10.995 PM","1.482"
"446","2025-08-24 12:53:10.996 PM","1.477"
"447","2025-08-24 12:53:10.997 PM","1.477"
"448","2025-08-24 12:53:10.998 PM","1.482"
"449","2025-08-24 12:53:10.999 PM","1.482"
"450","2025-08-24 12:53:11.000 PM","1.482"
"451","2025-08-24 12:53:11.001 PM","1.477"
"452","2025-08-24 12:53:11.002 PM","1.482"
"453","2025-08-24 12:53:11.003 PM","1.482"
"454","2025-08-24 12:53:11.004 PM","1.429"
"455","2025-08-24 12:53:11.005 PM","1.429"
"456","2025-08-24 12:53:11.006 PM","1.429"
"457","2025-08-24 12:53:11.007 PM","1.429"
"458","2025-08-24 12:53:11.008 PM","1.429"
"459","2025-08-24 12:53:11.009 PM","1.429"
"460","2025-08-24 12:53:11.010 PM","1.424"
"461","2025-08-24 12:53:11.011 PM","1.419"
"462","2025-08-24 12:53:11.012 PM","1.419"
"463","2025-08-24 12:53:11.013 PM","1.419"
"464","2025-08-24 12:53:11.014 PM","1.433"
"465","2025-08-24 12:53:11.015 PM","1.433"
"466","2025-08-24 12:53:11.016 PM","1.433"
"467","2025-08-24 12:53:11.017 PM","1.433"
"468","2025-08-24 12:53:11.018 PM","1.424"
"469","2025-08-24 12:53:11.019 PM","1.424"
"470","2025-08-24 12:53:11.020 PM","1.429"
"471","2025-08-24 12:53:11.021 PM","1.463"
"472","2025-08-24 12:53:11.022 PM","1.468"
"473","2025-08-24 12:53:11.023 PM","1.463"
"474","2025-08-24 12:53:11.024 PM","1.463"
"475","2025-08-24 12:53:11.025 PM","1.463"
"476","2025-08-24 12:53:11.026 PM","1.463"
"477","2025-08-24 12:53:11.027 PM","1.463"
"478","2025-08-24 12:53:11.028 PM","1.463"
"479","2025-08-24 12:53:11.029 PM","1.463"
"480","2025-08-24 12:53:11.030 PM","1.463"
"481","2025-08-24 12:53:11.031 PM","1.463"
"482","2025-08-24 12:53:11.032 PM","1.463"
"483","2025-08-24 12:53:11.033 PM","1.463"
"484","2025-08-24 12:53:11.034 PM","1.458"
"485","2025-08-24 12:53:11.035 PM","1.463"
"486","2025-08-24 12:53:11.036 PM","1.463"
"487","2025-08-24 12:53:11.037 PM","1.463"
"488","2025-08-24 12:53:11.038 PM","1.463"
"489","2025-08-24 12:53:11.039 PM","1.468"
"490","2025-08-24 12:53:11.040 PM","1.468"
"491","2025-08-24 12:53:11.041 PM","1.468"
"492","2025-08-24 12:53:11.042 PM","1.463"
"493","2025-08-24 12:53:11.043 PM","1.458"
"494","2025-08-24 12:53:11.044 PM","1.458"
"495","2025-08-24 12:53:11.045 PM","1.453"
"496","2025-08-24 12:53:11.046 PM","1.468"
"497","2025-08-24 12:53:11.047 PM","1.468"
"498","2025-08-24 12:53:11.048 PM","1.473"
"499","2025-08-24 12:53:11.049 PM","1.473"
"500","2025-08-24 12:53:11.050 PM","1.473"
"501","2025-08-24 12:53:11.051 PM","1.463"
"502","2025-08-24 12:53:11.052 PM","1.463"
"503","2025-08-24 12:53:11.053 PM","1.463"
"504","2025-08-24 12:53:11.054 PM","1.429"
"505","2025-08-24 12:53:11.055 PM","1.429"
"506","2025-08-24 12:53:11.056 PM","1.429"
"507","2025-08-24 12:53:11.057 PM","1.429"
"508","2025-08-24 12:53:11.058 PM","1.429"
"509","2025-08-24 12:53:11.059 PM","1.429"
"510","2025-08-24 12:53:11.060 PM","1.429"
"511","2025-08-24 12:53:11.061 PM","1.424"
"512","2025-08-24 12:53:11.062 PM","1.429"
"513","2025-08-24 12:53:11.063 PM","1.424"
"514","2025-08-24 12:53:11.064 PM","1.424"
"515","2025-08-24 12:53:11.065 PM","1.424"
"516","2025-08-24 12:53:11.066 PM","1.424"
"517","2025-08-24 12:53:11.067 PM","1.424"
"518","2025-08-24 12:53:11.068 PM","1.429"
"519","2025-08-24 12:53:11.069 PM","1.429"
"520","2025-08-24 12:53:11.070 PM","1.463"
"521","2025-08-24 12:53:11.071 PM","1.463"
"522","2025-08-24 12:53:11.072 PM","1.463"
"523","2025-08-24 12:53:11.073 PM","1.463"
"524","2025-08-24 12:53:11.074 PM","1.468"
"525","2025-08-24 12:53:11.075 PM","1.463"
"526","2025-08-24 12:53:11.076 PM","1.458"
"527","2025-08-24 12:53:11.077 PM","1.458"
"528","2025-08-24 12:53:11.078 PM","1.458"
"529","2025-08-24 12:53:11.079 PM","1.468"
"530","2025-08-24 12:53:11.080 PM","1.468"
"531","2025-08-24 12:53:11.081 PM","1.473"
"532","2025-08-24 12:53:11.082 PM","1.473"
"533","2025-08-24 12:53:11.083 PM","1.463"
"534","2025-08-24 12:53:11.084 PM","1.463"
"535","2025-08-24 12:53:11.085 PM","1.463"
"536","2025-08-24 12:53:11.086 PM","1.463"
"537","2025-08-24 12:53:11.087 PM","1.482"
"538","2025-08-24 12:53:11.088 PM","1.482"
"539","2025-08-24 12:53:11.089 PM","1.482"
"540","2025-08-24 12:53:11.090 PM","1.482"
"541","2025-08-24 12:53:11.091 PM","1.482"
"542","2025-08-24 12:53:11.092 PM","1.482"
"543","2025-08-24 12:53:11.093 PM","1.482"
"544","2025-08-24 12:53:11.094 PM","1.482"
"545","2025-08-24 12:53:11.095 PM","1.482"
"546","2025-08-24 12:53:11.096 PM","1.482"
"547","2025-08-24 12:53:11.097 PM","1.482"
"548","2025-08-24 12:53:11.098 PM","1.477"
"549","2025-08-24 12:53:11.099 PM","1.477"
"550","2025-08-24 12:53:11.100 PM","1.477"
"551","2025-08-24 12:53:11.101 PM","1.482"
"552","2025-08-24 12:53:11.102 PM","1.482"
"553","2025-08-24 12:53:11.103 PM","1.429"
"554","2025-08-24 12:53:11.104 PM","1.429"
"555","2025-08-24 12:53:11.105 PM","1.429"
"556","2025-08-24 12:53:11.106 PM","1.429"
"557","2025-08-24 12:53:11.107 PM","1.429"
"558","2025-08-24 12:53:11.108 PM","1.429"
"559","2025-08-24 12:53:11.109 PM","1.419"
"560","2025-08-24 12:53:11.110 PM","1.424"
"561","2025-08-24 12:53:11.111 PM","1.433"
"562","2025-08-24 12:53:11.112 PM","1.433"
"563","2025-08-24 12:53:11.113 PM","1.438"
"564","2025-08-24 12:53:11.114 PM","1.438"
"565","2025-08-24 12:53:11.115 PM","1.424"
"566","2025-08-24 12:53:11.116 PM","1.424"
"567","2025-08-24 12:53:11.117 PM","1.424"
"568","2025-08-24 12:53:11.118 PM","1.429"
"569","2025-08-24 12:53:11.119 PM","1.429"
"570","2025-08-24 12:53:11.120 PM","1.463"
"571","2025-08-24 12:53:11.121 PM","1.463"
"572","2025-08-24 12:53:11.122 PM","1.463"
"573","2025-08-24 12:53:11.123 PM","1.463"
"574","2025-08-24 12:53:11.124 PM","1.463"
"575","2025-08-24 12:53:11.125 PM","1.468"
"576","2025-08-24 12:53:11.126 PM","1.463"
"577","2025-08-24 12:53:11.127 PM","1.463"
"578","2025-08-24 12:53:11.128 PM","1.463"
"579","2025-08-24 12:53:11.129 PM","1.463"
"580","2025-08-24 12:53:11.130 PM","1.463"
"581","2025-08-24 12:53:11.131 PM","1.463"
"582","2025-08-24 12:53:11.132 PM","1.458"
"583","2025-08-24 12:53:11.133 PM","1.458"
"584","2025-08-24 12:53:11.134 PM","1.463"
"585","2025-08-24 12:53:11.135 PM","1.463"
"586","2025-08-24 12:53:11.136 PM","1.463"
"587","2025-08-24 12:53:11.137 PM","1.463"
"588","2025-08-24 12:53:11.138 PM","1.463"
"589","2025-08-24 12:53:11.139 PM","1.463"
"590","2025-08-24 12:53:11.140 PM","1.463"
"591","2025-08-24 12:53:11.141 PM","1.463"
"592","2025-08-24 12:53:11.142 PM","1.458"
"593","2025-08-24 12:53:11.143 PM","1.473"
"594","2025-08-24 12:53:11.144 PM","1.473"
"595","2025-08-24 12:53:11.145 PM","1.473"
"596","2025-08-24 12:53:11.146 PM","1.473"
"597","2025-08-24 12:53:11.147 PM","1.463"
"598","2025-08-24 12:53:11.148 PM","1.463"
"599","2025-08-24 12:53:11.149 PM","1.463"
"600","2025-08-24 12:53:11.150 PM","1.463"
"601","2025-08-24 12:53:11.151 PM","1.463"
"602","2025-08-24 12:53:11.152 PM","1.463"
"603","2025-08-24 12:53:11.153 PM","1.429"
"604","2025-08-24 12:53:11.154 PM","1.429"
"605","2025-08-24 12:53:11.155 PM","1.429"
"606","2025-08-24 12:53:11.156 PM","1.429"
"607","2025-08-24 12:53:11.157 PM","1.429"
"608","2025-08-24 12:53:11.158 PM","1.429"
"609","2025-08-24 12:53:11.159 PM","1.424"
"610","2025-08-24 12:53:11.160 PM","1.424"
"611","2025-08-24 12:53:11.161 PM","1.424"
"612","2025-08-24 12:53:11.162 PM","1.424"
"613","2025-08-24 12:53:11.163 PM","1.424"
"614","2025-08-24 12:53:11.164 PM","1.424"
"615","2025-08-24 12:53:11.165 PM","1.424"
"616","2025-08-24 12:53:11.166 PM","1.424"
"617","2025-08-24 12:53:11.167 PM","1.424"
"618","2025-08-24 12:53:11.168 PM","1.424"
"619","2025-08-24 12:53:11.169 PM","1.482"
"620","2025-08-24 12:53:11.170 PM","1.482"
"621","2025-08-24 12:53:11.171 PM","1.482"
"622","2025-08-24 12:53:11.172 PM","1.482"
"623","2025-08-24 12:53:11.173 PM","1.482"
"624","2025-08-24 12:53:11.174 PM","1.482"
"625","2025-08-24 12:53:11.175 PM","1.487"
"626","2025-08-24 12:53:11.176 PM","1.492"
"627","2025-08-24 12:53:11.177 PM","1.492"
"628","2025-08-24 12:53:11.178 PM","1.492"
"629","2025-08-24 12:53:11.179 PM","1.482"
"630","2025-08-24 12:53:11.180 PM","1.482"
"631","2025-08-24 12:53:11.181 PM","1.482"
"632","2025-08-24 12:53:11.182 PM","1.482"
"633","2025-08-24 12:53:11.183 PM","1.477"
"634","2025-08-24 12:53:11.184 PM","1.482"
"635","2025-08-24 12:53:11.185 PM","1.482"
"636","2025-08-24 12:53:11.186 PM","1.463"
"637","2025-08-24 12:53:11.187 PM","1.463"
"638","2025-08-24 12:53:11.188 PM","1.468"
"639","2025-08-24 12:53:11.189 PM","1.463"
"640","2025-08-24 12:53:11.190 PM","1.463"
"641","2025-08-24 12:53:11.191 PM","1.463"
"642","2025-08-24 12:53:11.192 PM","1.463"
"643","2025-08-24 12:53:11.193 PM","1.458"
"644","2025-08-24 12:53:11.194 PM","1.463"
"645","2025-08-24 12:53:11.195 PM","1.463"
"646","2025-08-24 12:53:11.196 PM","1.463"
"647","2025-08-24 12:53:11.197 PM","1.458"
"648","2025-08-24 12:53:11.198 PM","1.458"
"649","2025-08-24 12:53:11.199 PM","1.463"
"650","2025-08-24 12:53:11.200 PM","1.463"
"651","2025-08-24 12:53:11.201 PM","1.463"
"652","2025-08-24 12:53:11.202 PM","1.429"
"653","2025-08-24 12:53:11.203 PM","1.429"
"654","2025-08-24 12:53:11.204 PM","1.429"
"655","2025-08-24 12:53:11.205 PM","1.429"
"656","2025-08-24 12:53:11.206 PM","1.429"
"657","2025-08-24 12:53:11.207 PM","1.429"
"658","2025-08-24 12:53:11.208 PM","1.438"
"659","2025-08-24 12:53:11.209 PM","1.438"
"660","2025-08-24 12:53:11.210 PM","1.438"
"661","2025-08-24 12:53:11.211 PM","1.424"
"662","2025-08-24 12:53:11.212 PM","1.429"
"663","2025-08-24 12:53:11.213 PM","1.424"
"664","2025-08-24 12:53:11.214 PM","1.424"
"665","2025-08-24 12:53:11.215 PM","1.424"
"666","2025-08-24 12:53:11.216 PM","1.429"
"667","2025-08-24 12:53:11.217 PM","1.424"
"668","2025-08-24 12:53:11.218 PM","1.429"
"669","2025-08-24 12:53:11.219 PM","1.482"
"670","2025-08-24 12:53:11.220 PM","1.482"
"671","2025-08-24 12:53:11.221 PM","1.482"
"672","2025-08-24 12:53:11.222 PM","1.482"
"673","2025-08-24 12:53:11.223 PM","1.482"
"674","2025-08-24 12:53:11.224 PM","1.482"
"675","2025-08-24 12:53:11.225 PM","1.482"
"676","2025-08-24 12:53:11.226 PM","1.477"
"677","2025-08-24 12:53:11.227 PM","1.477"
"678","2025-08-24 12:53:11.228 PM","1.477"
"679","2025-08-24 12:53:11.229 PM","1.477"
"680","2025-08-24 12:53:11.230 PM","1.477"
"681","2025-08-24 12:53:11.231 PM","1.477"
"682","2025-08-24 12:53:11.232 PM","1.477"
"683","2025-08-24 12:53:11.233 PM","1.477"
"684","2025-08-24 12:53:11.234 PM","1.482"
"685","2025-08-24 12:53:11.235 PM","1.463"
"686","2025-08-24 12:53:11.236 PM","1.463"
"687","2025-08-24 12:53:11.237 PM","1.463"
"688","2025-08-24 12:53:11.238 PM","1.463"
"689","2025-08-24 12:53:11.239 PM","1.463"
"690","2025-08-24 12:53:11.240 PM","1.463"
"691","2025-08-24 12:53:11.241 PM","1.477"
"692","2025-08-24 12:53:11.242 PM","1.477"
"693","2025-08-24 12:53:11.243 PM","1.463"
"694","2025-08-24 12:53:11.244 PM","1.463"
"695","2025-08-24 12:53:11.245 PM","1.463"
"696","2025-08-24 12:53:11.246 PM","1.463"
"697","2025-08-24 12:53:11.247 PM","1.463"
"698","2025-08-24 12:53:11.248 PM","1.458"
"699","2025-08-24 12:53:11.249 PM","1.463"
"700","2025-08-24 12:53:11.250 PM","1.463"
"701","2025-08-24 12:53:11.251 PM","1.463"
"702","2025-08-24 12:53:11.252 PM","1.429"
"703","2025-08-24 12:53:11.253 PM","1.429"
"704","2025-08-24 12:53:11.254 PM","1.429"
"705","2025-08-24 12:53:11.255 PM","1.429"
"706","2025-08-24 12:53:11.256 PM","1.429"
"707","2025-08-24 12:53:11.257 PM","1.429"
"708","2025-08-24 12:53:11.258 PM","1.424"
"709","2025-08-24 12:53:11.259 PM","1.424"
"710","2025-08-24 12:53:11.260 PM","1.424"
"711","2025-08-24 12:53:11.261 PM","1.424"
"712","2025-08-24 12:53:11.262 PM","1.424"
"713","2025-08-24 12:53:11.263 PM","1.424"
"714","2025-08-24 12:53:11.264 PM","1.424"
"715","2025-08-24 12:53:11.265 PM","1.424"
"716","2025-08-24 12:53:11.266 PM","1.429"
"717","2025-08-24 12:53:11.267 PM","1.429"
"718","2025-08-24 12:53:11.268 PM","1.482"
"719","2025-08-24 12:53:11.269 PM","1.482"
"720","2025-08-24 12:53:11.270 PM","1.482"
"721","2025-08-24 12:53:11.271 PM","1.482"
"722","2025-08-24 12:53:11.272 PM","1.482"
"723","2025-08-24 12:53:11.273 PM","1.482"
"724","2025-08-24 12:53:11.274 PM","1.492"
"725","2025-08-24 12:53:11.275 PM","1.482"
"726","2025-08-24 12:53:11.276 PM","1.482"
"727","2025-08-24 12:53:11.277 PM","1.482"
"728","2025-08-24 12:53:11.278 PM","1.482"
"729","2025-08-24 12:53:11.279 PM","1.482"
"730","2025-08-24 12:53:11.280 PM","1.482"
"731","2025-08-24 12:53:11.281 PM","1.482"
"732","2025-08-24 12:53:11.282 PM","1.477"
"733","2025-08-24 12:53:11.283 PM","1.482"
"734","2025-08-24 12:53:11.284 PM","1.482"
"735","2025-08-24 12:53:11.285 PM","1.463"
"736","2025-08-24 12:53:11.286 PM","1.463"
"737","2025-08-24 12:53:11.287 PM","1.463"
"738","2025-08-24 12:53:11.288 PM","1.468"
"739","2025-08-24 12:53:11.289 PM","1.468"
"740","2025-08-24 12:53:11.290 PM","1.463"
"741","2025-08-24 12:53:11.291 PM","1.463"
"742","2025-08-24 12:53:11.292 PM","1.463"
"743","2025-08-24 12:53:11.293 PM","1.458"
"744","2025-08-24 12:53:11.294 PM","1.463"
"745","2025-08-24 12:53:11.295 PM","1.463"
"746","2025-08-24 12:53:11.296 PM","1.458"
"747","2025-08-24 12:53:11.297 PM","1.458"
"748","2025-08-24 12:53:11.298 PM","1.458"
"749","2025-08-24 12:53:11.299 PM","1.463"
"750","2025-08-24 12:53:11.300 PM","1.463"
"751","2025-08-24 12:53:11.301 PM","1.429"
"752","2025-08-24 12:53:11.302 PM","1.429"
"753","2025-08-24 12:53:11.303 PM","1.429"
"754","2025-08-24 12:53:11.304 PM","1.429"
"755","2025-08-24 12:53:11.305 PM","1.429"
"756","2025-08-24 12:53:11.306 PM","1.429"
"757","2025-08-24 12:53:11.307 PM","1.429"
"758","2025-08-24 12:53:11.308 PM","1.429"
"759","2025-08-24 12:53:11.309 PM","1.424"
"760","2025-08-24 12:53:11.310 PM","1.429"
"761","2025-08-24 12:53:11.311 PM","1.429"
"762","2025-08-24 12:53:11.312 PM","1.424"
"763","2025-08-24 12:53:11.313 PM","1.429"
"764","2025-08-24 12:53:11.314 PM","1.424"
"765","2025-08-24 12:53:11.315 PM","1.424"
"766","2025-08-24 12:53:11.316 PM","1.424"
"767","2025-08-24 12:53:11.317 PM","1.424"
"768","2025-08-24 12:53:11.318 PM","1.482"
"769","2025-08-24 12:53:11.319 PM","1.482"
"770","2025-08-24 12:53:11.320 PM","1.482"
"771","2025-08-24 12:53:11.321 PM","1.482"
"772","2025-08-24 12:53:11.322 PM","1.482"
"773","2025-08-24 12:53:11.323 PM","1.482"
"774","2025-08-24 12:53:11.324 PM","1.482"
"775","2025-08-24 12:53:11.325 PM","1.482"
"776","2025-08-24 12:53:11.326 PM","1.477"
"777","2025-08-24 12:53:11.327 PM","1.477"
"778","2025-08-24 12:53:11.328 PM","1.477"
"779","2025-08-24 12:53:11.329 PM","1.477"
"780","2025-08-24 12:53:11.330 PM","1.477"
"781","2025-08-24 12:53:11.331 PM","1.473"
"782","2025-08-24 12:53:11.332 PM","1.482"
"783","2025-08-24 12:53:11.333 PM","1.482"
"784","2025-08-24 12:53:11.334 PM","1.463"
"785","2025-08-24 12:53:11.335 PM","1.463"
"786","2025-08-24 12:53:11.336 PM","1.468"
"787","2025-08-24 12:53:11.337 PM","1.463"
"788","2025-08-24 12:53:11.338 PM","1.463"
"789","2025-08-24 12:53:11.339 PM","1.463"
"790","2025-08-24 12:53:11.340 PM","1.468"
"791","2025-08-24 12:53:11.341 PM","1.463"
"792","2025-08-24 12:53:11.342 PM","1.463"
"793","2025-08-24 12:53:11.343 PM","1.463"
"794","2025-08-24 12:53:11.344 PM","1.463"
"795","2025-08-24 12:53:11.345 PM","1.463"
"796","2025-08-24 12:53:11.346 PM","1.463"
"797","2025-08-24 12:53:11.347 PM","1.463"
"798","2025-08-24 12:53:11.348 PM","1.463"
"799","2025-08-24 12:53:11.349 PM","1.463"
"800","2025-08-24 12:53:11.350 PM","1.463"
"801","2025-08-24 12:53:11.351 PM","1.429"
"802","2025-08-24 12:53:11.352 PM","1.429"
"803","2025-08-24 12:53:11.353 PM","1.429"
"804","2025-08-24 12:53:11.354 PM","1.429"
"805","2025-08-24 12:53:11.355 PM","1.429"
"806","2025-08-24 12:53:11.356 PM","1.429"
"807","2025-08-24 12:53:11.357 PM","1.424"
"808","2025-08-24 12:53:11.358 PM","1.424"
"809","2025-08-24 12:53:11.359 PM","1.424"
"810","2025-08-24 12:53:11.360 PM","1.424"
"811","2025-08-24 12:53:11.361 PM","1.424"
"812","2025-08-24 12:53:11.362 PM","1.424"
"813","2025-08-24 12:53:11.363 PM","1.419"
"814","2025-08-24 12:53:11.364 PM","1.424"
"815","2025-08-24 12:53:11.365 PM","1.429"
"816","2025-08-24 12:53:11.366 PM","1.429"
"817","2025-08-24 12:53:11.367 PM","1.482"
"818","2025-08-24 12:53:11.368 PM","1.482"
"819","2025-08-24 12:53:11.369 PM","1.482"
"820","2025-08-24 12:53:11.370 PM","1.482"
"821","2025-08-24 12:53:11.371 PM","1.482"
"822","2025-08-24 12:53:11.372 PM","1.482"
"823","2025-08-24 12:53:11.373 PM","1.482"
"824","2025-08-24 12:53:11.374 PM","1.477"
"825","2025-08-24 12:53:11.375 PM","1.477"
"826","2025-08-24 12:53:11.376 PM","1.482"
"827","2025-08-24 12:53:11.377 PM","1.482"
"828","2025-08-24 12:53:11.378 PM","1.482"
"829","2025-08-24 12:53:11.379 PM","1.482"
"830","2025-08-24 12:53:11.380 PM","1.482"
"831","2025-08-24 12:53:11.381 PM","1.482"
"832","2025-08-24 12:53:11.382 PM","1.482"
"833","2025-08-24 12:53:11.383 PM","1.482"
"834","2025-08-24 12:53:11.384 PM","1.443"
"835","2025-08-24 12:53:11.385 PM","1.443"
"836","2025-08-24 12:53:11.386 PM","1.443"
"837","2025-08-24 12:53:11.387 PM","1.448"
"838","2025-08-24 12:53:11.388 PM","1.443"
"839","2025-08-24 12:53:11.389 PM","1.443"
"840","2025-08-24 12:53:11.390 PM","1.443"
"841","2025-08-24 12:53:11.391 PM","1.443"
"842","2025-08-24 12:53:11.392 PM","1.443"
"843","2025-08-24 12:53:11.393 PM","1.443"
"844","2025-08-24 12:53:11.394 PM","1.443"
"845","2025-08-24 12:53:11.395 PM","1.438"
"846","2025-08-24 12:53:11.396 PM","1.443"
"847","2025-08-24 12:53:11.397 PM","1.438"
"848","2025-08-24 12:53:11.398 PM","1.443"
"849","2025-08-24 12:53:11.399 PM","1.443"
"850","2025-08-24 12:53:11.400 PM","1.429"
"851","2025-08-24 12:53:11.401 PM","1.424"
"852","2025-08-24 12:53:11.402 PM","1.429"
"853","2025-08-24 12:53:11.403 PM","1.429"
"854","2025-08-24 12:53:11.404 PM","1.429"
"855","2025-08-24 12:53:11.405 PM","1.429"
"856","2025-08-24 12:53:11.406 PM","1.429"
"857","2025-08-24 12:53:11.407 PM","1.429"
"858","2025-08-24 12:53:11.408 PM","1.424"
"859","2025-08-24 12:53:11.409 PM","1.429"
"860","2025-08-24 12:53:11.410 PM","1.424"
"861","2025-08-24 12:53:11.411 PM","1.424"
"862","2025-08-24 12:53:11.412 PM","1.429"
"863","2025-08-24 12:53:11.413 PM","1.424"
"864","2025-08-24 12:53:11.414 PM","1.424"
"865","2025-08-24 12:53:11.415 PM","1.429"
"866","2025-08-24 12:53:11.416 PM","1.424"
"867","2025-08-24 12:53:11.417 PM","1.482"
"868","2025-08-24 12:53:11.418 PM","1.482"
"869","2025-08-24 12:53:11.419 PM","1.482"
"870","2025-08-24 12:53:11.420 PM","1.482"
"871","2025-08-24 12:53:11.421 PM","1.482"
"872","2025-08-24 12:53:11.422 PM","1.482"
"873","2025-08-24 12:53:11.423 PM","1.482"
"874","2025-08-24 12:53:11.424 PM","1.477"
"875","2025-08-24 12:53:11.425 PM","1.477"
"876","2025-08-24 12:53:11.426 PM","1.477"
"877","2025-08-24 12:53:11.427 PM","1.477"
"878","2025-08-24 12:53:11.428 PM","1.473"
"879","2025-08-24 12:53:11.429 PM","1.477"
"880","2025-08-24 12:53:11.430 PM","1.477"
"881","2025-08-24 12:53:11.431 PM","1.477"
"882","2025-08-24 12:53:11.432 PM","1.482"
"883","2025-08-24 12:53:11.433 PM","1.448"
"884","2025-08-24 12:53:11.434 PM","1.448"
"885","2025-08-24 12:53:11.435 PM","1.443"
"886","2025-08-24 12:53:11.436 PM","1.448"
"887","2025-08-24 12:53:11.437 PM","1.448"
"888","2025-08-24 12:53:11.438 PM","1.448"
"889","2025-08-24 12:53:11.439 PM","1.448"
"890","2025-08-24 12:53:11.440 PM","1.443"
"891","2025-08-24 12:53:11.441 PM","1.443"
"892","2025-08-24 12:53:11.442 PM","1.443"
"893","2025-08-24 12:53:11.443 PM","1.443"
"894","2025-08-24 12:53:11.444 PM","1.443"
"895","2025-08-24 12:53:11.445 PM","1.443"
"896","2025-08-24 12:53:11.446 PM","1.443"
"897","2025-08-24 12:53:11.447 PM","1.443"
"898","2025-08-24 12:53:11.448 PM","1.443"
"899","2025-08-24 12:53:11.449 PM","1.443"
"900","2025-08-24 12:53:11.450 PM","1.429"
"901","2025-08-24 12:53:11.451 PM","1.429"
"902","2025-08-24 12:53:11.452 PM","1.429"
"903","2025-08-24 12:53:11.453 PM","1.429"
"904","2025-08-24 12:53:11.454 PM","1.429"
"905","2025-08-24 12:53:11.455 PM","1.429"
"906","2025-08-24 12:53:11.456 PM","1.424"
