"Device: USB-205"
"Serial Number: 22B4008"
"Channel Count: 1"
"Sample Count: 10584"
"Start Time: 2025-08-23 8:40:19.283 PM"
"Scan Rate: 1000"
"Sample","Date/Time","AI0 (V)"
"0","2025-08-23 8:40:19.283 PM","1.502"
"1","2025-08-23 8:40:19.284 PM","1.497"
"2","2025-08-23 8:40:19.285 PM","1.497"
"3","2025-08-23 8:40:19.286 PM","1.497"
"4","2025-08-23 8:40:19.287 PM","1.497"
"5","2025-08-23 8:40:19.288 PM","1.492"
"6","2025-08-23 8:40:19.289 PM","1.492"
"7","2025-08-23 8:40:19.290 PM","1.492"
"8","2025-08-23 8:40:19.291 PM","1.502"
"9","2025-08-23 8:40:19.292 PM","1.502"
"10","2025-08-23 8:40:19.293 PM","1.502"
"11","2025-08-23 8:40:19.294 PM","1.497"
"12","2025-08-23 8:40:19.295 PM","1.497"
"13","2025-08-23 8:40:19.296 PM","1.443"
"14","2025-08-23 8:40:19.297 PM","1.443"
"15","2025-08-23 8:40:19.298 PM","1.443"
"16","2025-08-23 8:40:19.299 PM","1.448"
"17","2025-08-23 8:40:19.300 PM","1.448"
"18","2025-08-23 8:40:19.301 PM","1.448"
"19","2025-08-23 8:40:19.302 PM","1.443"
"20","2025-08-23 8:40:19.303 PM","1.443"
"21","2025-08-23 8:40:19.304 PM","1.443"
"22","2025-08-23 8:40:19.305 PM","1.443"
"23","2025-08-23 8:40:19.306 PM","1.443"
"24","2025-08-23 8:40:19.307 PM","1.443"
"25","2025-08-23 8:40:19.308 PM","1.443"
"26","2025-08-23 8:40:19.309 PM","1.443"
"27","2025-08-23 8:40:19.310 PM","1.443"
"28","2025-08-23 8:40:19.311 PM","1.443"
"29","2025-08-23 8:40:19.312 PM","1.443"
"30","2025-08-23 8:40:19.313 PM","1.502"
"31","2025-08-23 8:40:19.314 PM","1.502"
"32","2025-08-23 8:40:19.315 PM","1.497"
"33","2025-08-23 8:40:19.316 PM","1.502"
"34","2025-08-23 8:40:19.317 PM","1.502"
"35","2025-08-23 8:40:19.318 PM","1.497"
"36","2025-08-23 8:40:19.319 PM","1.497"
"37","2025-08-23 8:40:19.320 PM","1.492"
"38","2025-08-23 8:40:19.321 PM","1.492"
"39","2025-08-23 8:40:19.322 PM","1.492"
"40","2025-08-23 8:40:19.323 PM","1.492"
"41","2025-08-23 8:40:19.324 PM","1.502"
"42","2025-08-23 8:40:19.325 PM","1.502"
"43","2025-08-23 8:40:19.326 PM","1.507"
"44","2025-08-23 8:40:19.327 PM","1.497"
"45","2025-08-23 8:40:19.328 PM","1.502"
"46","2025-08-23 8:40:19.329 PM","1.502"
"47","2025-08-23 8:40:19.330 PM","1.639"
"48","2025-08-23 8:40:19.331 PM","1.639"
"49","2025-08-23 8:40:19.332 PM","1.639"
"50","2025-08-23 8:40:19.333 PM","1.639"
"51","2025-08-23 8:40:19.334 PM","1.639"
"52","2025-08-23 8:40:19.335 PM","1.634"
"53","2025-08-23 8:40:19.336 PM","1.634"
"54","2025-08-23 8:40:19.337 PM","1.639"
"55","2025-08-23 8:40:19.338 PM","1.634"
"56","2025-08-23 8:40:19.339 PM","1.634"
"57","2025-08-23 8:40:19.340 PM","1.634"
"58","2025-08-23 8:40:19.341 PM","1.634"
"59","2025-08-23 8:40:19.342 PM","1.629"
"60","2025-08-23 8:40:19.343 PM","1.634"
"61","2025-08-23 8:40:19.344 PM","1.634"
"62","2025-08-23 8:40:19.345 PM","1.639"
"63","2025-08-23 8:40:19.346 PM","1.731"
"64","2025-08-23 8:40:19.347 PM","1.731"
"65","2025-08-23 8:40:19.348 PM","1.731"
"66","2025-08-23 8:40:19.349 PM","1.731"
"67","2025-08-23 8:40:19.350 PM","1.731"
"68","2025-08-23 8:40:19.351 PM","1.731"
"69","2025-08-23 8:40:19.352 PM","1.726"
"70","2025-08-23 8:40:19.353 PM","1.726"
"71","2025-08-23 8:40:19.354 PM","1.726"
"72","2025-08-23 8:40:19.355 PM","1.717"
"73","2025-08-23 8:40:19.356 PM","1.736"
"74","2025-08-23 8:40:19.357 PM","1.736"
"75","2025-08-23 8:40:19.358 PM","1.736"
"76","2025-08-23 8:40:19.359 PM","1.736"
"77","2025-08-23 8:40:19.360 PM","1.731"
"78","2025-08-23 8:40:19.361 PM","1.731"
"79","2025-08-23 8:40:19.362 PM","1.731"
"80","2025-08-23 8:40:19.363 PM","1.692"
"81","2025-08-23 8:40:19.364 PM","1.692"
"82","2025-08-23 8:40:19.365 PM","1.692"
"83","2025-08-23 8:40:19.366 PM","1.692"
"84","2025-08-23 8:40:19.367 PM","1.692"
"85","2025-08-23 8:40:19.368 PM","1.692"
"86","2025-08-23 8:40:19.369 PM","1.692"
"87","2025-08-23 8:40:19.370 PM","1.692"
"88","2025-08-23 8:40:19.371 PM","1.692"
"89","2025-08-23 8:40:19.372 PM","1.692"
"90","2025-08-23 8:40:19.373 PM","1.692"
"91","2025-08-23 8:40:19.374 PM","1.692"
"92","2025-08-23 8:40:19.375 PM","1.687"
"93","2025-08-23 8:40:19.376 PM","1.687"
"94","2025-08-23 8:40:19.377 PM","1.692"
"95","2025-08-23 8:40:19.378 PM","1.692"
"96","2025-08-23 8:40:19.379 PM","1.595"
"97","2025-08-23 8:40:19.380 PM","1.595"
"98","2025-08-23 8:40:19.381 PM","1.595"
"99","2025-08-23 8:40:19.382 PM","1.595"
"100","2025-08-23 8:40:19.383 PM","1.600"
"101","2025-08-23 8:40:19.384 PM","1.600"
"102","2025-08-23 8:40:19.385 PM","1.590"
"103","2025-08-23 8:40:19.386 PM","1.590"
"104","2025-08-23 8:40:19.387 PM","1.585"
"105","2025-08-23 8:40:19.388 PM","1.595"
"106","2025-08-23 8:40:19.389 PM","1.600"
"107","2025-08-23 8:40:19.390 PM","1.600"
"108","2025-08-23 8:40:19.391 PM","1.604"
"109","2025-08-23 8:40:19.392 PM","1.600"
"110","2025-08-23 8:40:19.393 PM","1.595"
"111","2025-08-23 8:40:19.394 PM","1.595"
"112","2025-08-23 8:40:19.395 PM","1.595"
"113","2025-08-23 8:40:19.396 PM","1.482"
"114","2025-08-23 8:40:19.397 PM","1.482"
"115","2025-08-23 8:40:19.398 PM","1.482"
"116","2025-08-23 8:40:19.399 PM","1.482"
"117","2025-08-23 8:40:19.400 PM","1.482"
"118","2025-08-23 8:40:19.401 PM","1.482"
"119","2025-08-23 8:40:19.402 PM","1.482"
"120","2025-08-23 8:40:19.403 PM","1.482"
"121","2025-08-23 8:40:19.404 PM","1.477"
"122","2025-08-23 8:40:19.405 PM","1.482"
"123","2025-08-23 8:40:19.406 PM","1.477"
"124","2025-08-23 8:40:19.407 PM","1.482"
"125","2025-08-23 8:40:19.408 PM","1.477"
"126","2025-08-23 8:40:19.409 PM","1.482"
"127","2025-08-23 8:40:19.410 PM","1.482"
"128","2025-08-23 8:40:19.411 PM","1.482"
"129","2025-08-23 8:40:19.412 PM","1.463"
"130","2025-08-23 8:40:19.413 PM","1.463"
"131","2025-08-23 8:40:19.414 PM","1.463"
"132","2025-08-23 8:40:19.415 PM","1.463"
"133","2025-08-23 8:40:19.416 PM","1.463"
"134","2025-08-23 8:40:19.417 PM","1.463"
"135","2025-08-23 8:40:19.418 PM","1.458"
"136","2025-08-23 8:40:19.419 PM","1.458"
"137","2025-08-23 8:40:19.420 PM","1.453"
"138","2025-08-23 8:40:19.421 PM","1.468"
"139","2025-08-23 8:40:19.422 PM","1.468"
"140","2025-08-23 8:40:19.423 PM","1.473"
"141","2025-08-23 8:40:19.424 PM","1.473"
"142","2025-08-23 8:40:19.425 PM","1.463"
"143","2025-08-23 8:40:19.426 PM","1.463"
"144","2025-08-23 8:40:19.427 PM","1.463"
"145","2025-08-23 8:40:19.428 PM","1.463"
"146","2025-08-23 8:40:19.429 PM","1.541"
"147","2025-08-23 8:40:19.430 PM","1.541"
"148","2025-08-23 8:40:19.431 PM","1.541"
"149","2025-08-23 8:40:19.432 PM","1.541"
"150","2025-08-23 8:40:19.433 PM","1.541"
"151","2025-08-23 8:40:19.434 PM","1.541"
"152","2025-08-23 8:40:19.435 PM","1.541"
"153","2025-08-23 8:40:19.436 PM","1.541"
"154","2025-08-23 8:40:19.437 PM","1.536"
"155","2025-08-23 8:40:19.438 PM","1.536"
"156","2025-08-23 8:40:19.439 PM","1.536"
"157","2025-08-23 8:40:19.440 PM","1.536"
"158","2025-08-23 8:40:19.441 PM","1.536"
"159","2025-08-23 8:40:19.442 PM","1.536"
"160","2025-08-23 8:40:19.443 PM","1.541"
"161","2025-08-23 8:40:19.444 PM","1.541"
"162","2025-08-23 8:40:19.445 PM","1.658"
"163","2025-08-23 8:40:19.446 PM","1.658"
"164","2025-08-23 8:40:19.447 PM","1.658"
"165","2025-08-23 8:40:19.448 PM","1.658"
"166","2025-08-23 8:40:19.449 PM","1.658"
"167","2025-08-23 8:40:19.450 PM","1.658"
"168","2025-08-23 8:40:19.451 PM","1.653"
"169","2025-08-23 8:40:19.452 PM","1.648"
"170","2025-08-23 8:40:19.453 PM","1.658"
"171","2025-08-23 8:40:19.454 PM","1.658"
"172","2025-08-23 8:40:19.455 PM","1.658"
"173","2025-08-23 8:40:19.456 PM","1.663"
"174","2025-08-23 8:40:19.457 PM","1.692"
"175","2025-08-23 8:40:19.458 PM","1.658"
"176","2025-08-23 8:40:19.459 PM","1.653"
"177","2025-08-23 8:40:19.460 PM","1.658"
"178","2025-08-23 8:40:19.461 PM","1.658"
"179","2025-08-23 8:40:19.462 PM","1.736"
"180","2025-08-23 8:40:19.463 PM","1.731"
"181","2025-08-23 8:40:19.464 PM","1.731"
"182","2025-08-23 8:40:19.465 PM","1.731"
"183","2025-08-23 8:40:19.466 PM","1.731"
"184","2025-08-23 8:40:19.467 PM","1.731"
"185","2025-08-23 8:40:19.468 PM","1.731"
"186","2025-08-23 8:40:19.469 PM","1.731"
"187","2025-08-23 8:40:19.470 PM","1.731"
"188","2025-08-23 8:40:19.471 PM","1.726"
"189","2025-08-23 8:40:19.472 PM","1.731"
"190","2025-08-23 8:40:19.473 PM","1.726"
"191","2025-08-23 8:40:19.474 PM","1.731"
"192","2025-08-23 8:40:19.475 PM","1.731"
"193","2025-08-23 8:40:19.476 PM","1.731"
"194","2025-08-23 8:40:19.477 PM","1.731"
"195","2025-08-23 8:40:19.478 PM","1.673"
"196","2025-08-23 8:40:19.479 PM","1.678"
"197","2025-08-23 8:40:19.480 PM","1.673"
"198","2025-08-23 8:40:19.481 PM","1.673"
"199","2025-08-23 8:40:19.482 PM","1.673"
"200","2025-08-23 8:40:19.483 PM","1.673"
"201","2025-08-23 8:40:19.484 PM","1.668"
"202","2025-08-23 8:40:19.485 PM","1.668"
"203","2025-08-23 8:40:19.486 PM","1.678"
"204","2025-08-23 8:40:19.487 PM","1.678"
"205","2025-08-23 8:40:19.488 PM","1.678"
"206","2025-08-23 8:40:19.489 PM","1.678"
"207","2025-08-23 8:40:19.490 PM","1.673"
"208","2025-08-23 8:40:19.491 PM","1.673"
"209","2025-08-23 8:40:19.492 PM","1.673"
"210","2025-08-23 8:40:19.493 PM","1.673"
"211","2025-08-23 8:40:19.494 PM","1.678"
"212","2025-08-23 8:40:19.495 PM","1.560"
"213","2025-08-23 8:40:19.496 PM","1.560"
"214","2025-08-23 8:40:19.497 PM","1.560"
"215","2025-08-23 8:40:19.498 PM","1.560"
"216","2025-08-23 8:40:19.499 PM","1.560"
"217","2025-08-23 8:40:19.500 PM","1.560"
"218","2025-08-23 8:40:19.501 PM","1.556"
"219","2025-08-23 8:40:19.502 PM","1.556"
"220","2025-08-23 8:40:19.503 PM","1.556"
"221","2025-08-23 8:40:19.504 PM","1.556"
"222","2025-08-23 8:40:19.505 PM","1.556"
"223","2025-08-23 8:40:19.506 PM","1.556"
"224","2025-08-23 8:40:19.507 PM","1.556"
"225","2025-08-23 8:40:19.508 PM","1.556"
"226","2025-08-23 8:40:19.509 PM","1.560"
"227","2025-08-23 8:40:19.510 PM","1.560"
"228","2025-08-23 8:40:19.511 PM","1.463"
"229","2025-08-23 8:40:19.512 PM","1.463"
"230","2025-08-23 8:40:19.513 PM","1.463"
"231","2025-08-23 8:40:19.514 PM","1.463"
"232","2025-08-23 8:40:19.515 PM","1.463"
"233","2025-08-23 8:40:19.516 PM","1.463"
"234","2025-08-23 8:40:19.517 PM","1.458"
"235","2025-08-23 8:40:19.518 PM","1.468"
"236","2025-08-23 8:40:19.519 PM","1.468"
"237","2025-08-23 8:40:19.520 PM","1.468"
"238","2025-08-23 8:40:19.521 PM","1.468"
"239","2025-08-23 8:40:19.522 PM","1.463"
"240","2025-08-23 8:40:19.523 PM","1.463"
"241","2025-08-23 8:40:19.524 PM","1.463"
"242","2025-08-23 8:40:19.525 PM","1.463"
"243","2025-08-23 8:40:19.526 PM","1.463"
"244","2025-08-23 8:40:19.527 PM","1.463"
"245","2025-08-23 8:40:19.528 PM","1.463"
"246","2025-08-23 8:40:19.529 PM","1.463"
"247","2025-08-23 8:40:19.530 PM","1.463"
"248","2025-08-23 8:40:19.531 PM","1.463"
"249","2025-08-23 8:40:19.532 PM","1.468"
"250","2025-08-23 8:40:19.533 PM","1.463"
"251","2025-08-23 8:40:19.534 PM","1.463"
"252","2025-08-23 8:40:19.535 PM","1.463"
"253","2025-08-23 8:40:19.536 PM","1.463"
"254","2025-08-23 8:40:19.537 PM","1.463"
"255","2025-08-23 8:40:19.538 PM","1.463"
"256","2025-08-23 8:40:19.539 PM","1.458"
"257","2025-08-23 8:40:19.540 PM","1.463"
"258","2025-08-23 8:40:19.541 PM","1.458"
"259","2025-08-23 8:40:19.542 PM","1.463"
"260","2025-08-23 8:40:19.543 PM","1.463"
"261","2025-08-23 8:40:19.544 PM","1.580"
"262","2025-08-23 8:40:19.545 PM","1.575"
"263","2025-08-23 8:40:19.546 PM","1.575"
"264","2025-08-23 8:40:19.547 PM","1.575"
"265","2025-08-23 8:40:19.548 PM","1.575"
"266","2025-08-23 8:40:19.549 PM","1.575"
"267","2025-08-23 8:40:19.550 PM","1.556"
"268","2025-08-23 8:40:19.551 PM","1.580"
"269","2025-08-23 8:40:19.552 PM","1.580"
"270","2025-08-23 8:40:19.553 PM","1.585"
"271","2025-08-23 8:40:19.554 PM","1.590"
"272","2025-08-23 8:40:19.555 PM","1.575"
"273","2025-08-23 8:40:19.556 PM","1.575"
"274","2025-08-23 8:40:19.557 PM","1.575"
"275","2025-08-23 8:40:19.558 PM","1.575"
"276","2025-08-23 8:40:19.559 PM","1.575"
"277","2025-08-23 8:40:19.560 PM","1.580"
"278","2025-08-23 8:40:19.561 PM","1.673"
"279","2025-08-23 8:40:19.562 PM","1.673"
"280","2025-08-23 8:40:19.563 PM","1.673"
"281","2025-08-23 8:40:19.564 PM","1.673"
"282","2025-08-23 8:40:19.565 PM","1.673"
"283","2025-08-23 8:40:19.566 PM","1.673"
"284","2025-08-23 8:40:19.567 PM","1.673"
"285","2025-08-23 8:40:19.568 PM","1.673"
"286","2025-08-23 8:40:19.569 PM","1.668"
"287","2025-08-23 8:40:19.570 PM","1.673"
"288","2025-08-23 8:40:19.571 PM","1.673"
"289","2025-08-23 8:40:19.572 PM","1.673"
"290","2025-08-23 8:40:19.573 PM","1.673"
"291","2025-08-23 8:40:19.574 PM","1.673"
"292","2025-08-23 8:40:19.575 PM","1.673"
"293","2025-08-23 8:40:19.576 PM","1.673"
"294","2025-08-23 8:40:19.577 PM","1.731"
"295","2025-08-23 8:40:19.578 PM","1.731"
"296","2025-08-23 8:40:19.579 PM","1.731"
"297","2025-08-23 8:40:19.580 PM","1.731"
"298","2025-08-23 8:40:19.581 PM","1.736"
"299","2025-08-23 8:40:19.582 PM","1.736"
"300","2025-08-23 8:40:19.583 PM","1.736"
"301","2025-08-23 8:40:19.584 PM","1.736"
"302","2025-08-23 8:40:19.585 PM","1.741"
"303","2025-08-23 8:40:19.586 PM","1.736"
"304","2025-08-23 8:40:19.587 PM","1.731"
"305","2025-08-23 8:40:19.588 PM","1.731"
"306","2025-08-23 8:40:19.589 PM","1.731"
"307","2025-08-23 8:40:19.590 PM","1.731"
"308","2025-08-23 8:40:19.591 PM","1.731"
"309","2025-08-23 8:40:19.592 PM","1.731"
"310","2025-08-23 8:40:19.593 PM","1.731"
"311","2025-08-23 8:40:19.594 PM","1.658"
"312","2025-08-23 8:40:19.595 PM","1.653"
"313","2025-08-23 8:40:19.596 PM","1.653"
"314","2025-08-23 8:40:19.597 PM","1.653"
"315","2025-08-23 8:40:19.598 PM","1.658"
"316","2025-08-23 8:40:19.599 PM","1.658"
"317","2025-08-23 8:40:19.600 PM","1.653"
"318","2025-08-23 8:40:19.601 PM","1.653"
"319","2025-08-23 8:40:19.602 PM","1.653"
"320","2025-08-23 8:40:19.603 PM","1.653"
"321","2025-08-23 8:40:19.604 PM","1.653"
"322","2025-08-23 8:40:19.605 PM","1.653"
"323","2025-08-23 8:40:19.606 PM","1.653"
"324","2025-08-23 8:40:19.607 PM","1.653"
"325","2025-08-23 8:40:19.608 PM","1.653"
"326","2025-08-23 8:40:19.609 PM","1.653"
"327","2025-08-23 8:40:19.610 PM","1.521"
"328","2025-08-23 8:40:19.611 PM","1.521"
"329","2025-08-23 8:40:19.612 PM","1.521"
"330","2025-08-23 8:40:19.613 PM","1.521"
"331","2025-08-23 8:40:19.614 PM","1.521"
"332","2025-08-23 8:40:19.615 PM","1.521"
"333","2025-08-23 8:40:19.616 PM","1.526"
"334","2025-08-23 8:40:19.617 PM","1.531"
"335","2025-08-23 8:40:19.618 PM","1.526"
"336","2025-08-23 8:40:19.619 PM","1.521"
"337","2025-08-23 8:40:19.620 PM","1.521"
"338","2025-08-23 8:40:19.621 PM","1.521"
"339","2025-08-23 8:40:19.622 PM","1.521"
"340","2025-08-23 8:40:19.623 PM","1.521"
"341","2025-08-23 8:40:19.624 PM","1.521"
"342","2025-08-23 8:40:19.625 PM","1.521"
"343","2025-08-23 8:40:19.626 PM","1.521"
"344","2025-08-23 8:40:19.627 PM","1.463"
"345","2025-08-23 8:40:19.628 PM","1.463"
"346","2025-08-23 8:40:19.629 PM","1.463"
"347","2025-08-23 8:40:19.630 PM","1.463"
"348","2025-08-23 8:40:19.631 PM","1.463"
"349","2025-08-23 8:40:19.632 PM","1.463"
"350","2025-08-23 8:40:19.633 PM","1.463"
"351","2025-08-23 8:40:19.634 PM","1.463"
"352","2025-08-23 8:40:19.635 PM","1.458"
"353","2025-08-23 8:40:19.636 PM","1.463"
"354","2025-08-23 8:40:19.637 PM","1.463"
"355","2025-08-23 8:40:19.638 PM","1.463"
"356","2025-08-23 8:40:19.639 PM","1.458"
"357","2025-08-23 8:40:19.640 PM","1.458"
"358","2025-08-23 8:40:19.641 PM","1.463"
"359","2025-08-23 8:40:19.642 PM","1.463"
"360","2025-08-23 8:40:19.643 PM","1.497"
"361","2025-08-23 8:40:19.644 PM","1.502"
"362","2025-08-23 8:40:19.645 PM","1.502"
"363","2025-08-23 8:40:19.646 PM","1.502"
"364","2025-08-23 8:40:19.647 PM","1.502"
"365","2025-08-23 8:40:19.648 PM","1.502"
"366","2025-08-23 8:40:19.649 PM","1.507"
"367","2025-08-23 8:40:19.650 PM","1.507"
"368","2025-08-23 8:40:19.651 PM","1.507"
"369","2025-08-23 8:40:19.652 PM","1.497"
"370","2025-08-23 8:40:19.653 PM","1.497"
"371","2025-08-23 8:40:19.654 PM","1.497"
"372","2025-08-23 8:40:19.655 PM","1.497"
"373","2025-08-23 8:40:19.656 PM","1.497"
"374","2025-08-23 8:40:19.657 PM","1.497"
"375","2025-08-23 8:40:19.658 PM","1.497"
"376","2025-08-23 8:40:19.659 PM","1.497"
"377","2025-08-23 8:40:19.660 PM","1.595"
"378","2025-08-23 8:40:19.661 PM","1.595"
"379","2025-08-23 8:40:19.662 PM","1.595"
"380","2025-08-23 8:40:19.663 PM","1.595"
"381","2025-08-23 8:40:19.664 PM","1.595"
"382","2025-08-23 8:40:19.665 PM","1.595"
"383","2025-08-23 8:40:19.666 PM","1.595"
"384","2025-08-23 8:40:19.667 PM","1.595"
"385","2025-08-23 8:40:19.668 PM","1.590"
"386","2025-08-23 8:40:19.669 PM","1.590"
"387","2025-08-23 8:40:19.670 PM","1.590"
"388","2025-08-23 8:40:19.671 PM","1.590"
"389","2025-08-23 8:40:19.672 PM","1.590"
"390","2025-08-23 8:40:19.673 PM","1.590"
"391","2025-08-23 8:40:19.674 PM","1.595"
"392","2025-08-23 8:40:19.675 PM","1.595"
"393","2025-08-23 8:40:19.676 PM","1.707"
"394","2025-08-23 8:40:19.677 PM","1.712"
"395","2025-08-23 8:40:19.678 PM","1.707"
"396","2025-08-23 8:40:19.679 PM","1.712"
"397","2025-08-23 8:40:19.680 PM","1.712"
"398","2025-08-23 8:40:19.681 PM","1.712"
"399","2025-08-23 8:40:19.682 PM","1.717"
"400","2025-08-23 8:40:19.683 PM","1.717"
"401","2025-08-23 8:40:19.684 PM","1.707"
"402","2025-08-23 8:40:19.685 PM","1.707"
"403","2025-08-23 8:40:19.686 PM","1.707"
"404","2025-08-23 8:40:19.687 PM","1.707"
"405","2025-08-23 8:40:19.688 PM","1.707"
"406","2025-08-23 8:40:19.689 PM","1.707"
"407","2025-08-23 8:40:19.690 PM","1.707"
"408","2025-08-23 8:40:19.691 PM","1.707"
"409","2025-08-23 8:40:19.692 PM","1.712"
"410","2025-08-23 8:40:19.693 PM","1.707"
"411","2025-08-23 8:40:19.694 PM","1.707"
"412","2025-08-23 8:40:19.695 PM","1.707"
"413","2025-08-23 8:40:19.696 PM","1.707"
"414","2025-08-23 8:40:19.697 PM","1.712"
"415","2025-08-23 8:40:19.698 PM","1.712"
"416","2025-08-23 8:40:19.699 PM","1.712"
"417","2025-08-23 8:40:19.700 PM","1.707"
"418","2025-08-23 8:40:19.701 PM","1.707"
"419","2025-08-23 8:40:19.702 PM","1.707"
"420","2025-08-23 8:40:19.703 PM","1.707"
"421","2025-08-23 8:40:19.704 PM","1.707"
"422","2025-08-23 8:40:19.705 PM","1.702"
"423","2025-08-23 8:40:19.706 PM","1.702"
"424","2025-08-23 8:40:19.707 PM","1.707"
"425","2025-08-23 8:40:19.708 PM","1.707"
"426","2025-08-23 8:40:19.709 PM","1.634"
"427","2025-08-23 8:40:19.710 PM","1.634"
"428","2025-08-23 8:40:19.711 PM","1.639"
"429","2025-08-23 8:40:19.712 PM","1.639"
"430","2025-08-23 8:40:19.713 PM","1.639"
"431","2025-08-23 8:40:19.714 PM","1.639"
"432","2025-08-23 8:40:19.715 PM","1.643"
"433","2025-08-23 8:40:19.716 PM","1.663"
"434","2025-08-23 8:40:19.717 PM","1.634"
"435","2025-08-23 8:40:19.718 PM","1.634"
"436","2025-08-23 8:40:19.719 PM","1.634"
"437","2025-08-23 8:40:19.720 PM","1.639"
"438","2025-08-23 8:40:19.721 PM","1.634"
"439","2025-08-23 8:40:19.722 PM","1.634"
"440","2025-08-23 8:40:19.723 PM","1.634"
"441","2025-08-23 8:40:19.724 PM","1.634"
"442","2025-08-23 8:40:19.725 PM","1.634"
"443","2025-08-23 8:40:19.726 PM","1.482"
"444","2025-08-23 8:40:19.727 PM","1.482"
"445","2025-08-23 8:40:19.728 PM","1.482"
"446","2025-08-23 8:40:19.729 PM","1.482"
"447","2025-08-23 8:40:19.730 PM","1.482"
"448","2025-08-23 8:40:19.731 PM","1.482"
"449","2025-08-23 8:40:19.732 PM","1.477"
"450","2025-08-23 8:40:19.733 PM","1.482"
"451","2025-08-23 8:40:19.734 PM","1.477"
"452","2025-08-23 8:40:19.735 PM","1.477"
"453","2025-08-23 8:40:19.736 PM","1.482"
"454","2025-08-23 8:40:19.737 PM","1.477"
"455","2025-08-23 8:40:19.738 PM","1.477"
"456","2025-08-23 8:40:19.739 PM","1.477"
"457","2025-08-23 8:40:19.740 PM","1.482"
"458","2025-08-23 8:40:19.741 PM","1.482"
"459","2025-08-23 8:40:19.742 PM","1.448"
"460","2025-08-23 8:40:19.743 PM","1.443"
"461","2025-08-23 8:40:19.744 PM","1.443"
"462","2025-08-23 8:40:19.745 PM","1.448"
"463","2025-08-23 8:40:19.746 PM","1.448"
"464","2025-08-23 8:40:19.747 PM","1.448"
"465","2025-08-23 8:40:19.748 PM","1.453"
"466","2025-08-23 8:40:19.749 PM","1.443"
"467","2025-08-23 8:40:19.750 PM","1.443"
"468","2025-08-23 8:40:19.751 PM","1.443"
"469","2025-08-23 8:40:19.752 PM","1.443"
"470","2025-08-23 8:40:19.753 PM","1.443"
"471","2025-08-23 8:40:19.754 PM","1.443"
"472","2025-08-23 8:40:19.755 PM","1.443"
"473","2025-08-23 8:40:19.756 PM","1.443"
"474","2025-08-23 8:40:19.757 PM","1.443"
"475","2025-08-23 8:40:19.758 PM","1.448"
"476","2025-08-23 8:40:19.759 PM","1.521"
"477","2025-08-23 8:40:19.760 PM","1.521"
"478","2025-08-23 8:40:19.761 PM","1.521"
"479","2025-08-23 8:40:19.762 PM","1.521"
"480","2025-08-23 8:40:19.763 PM","1.521"
"481","2025-08-23 8:40:19.764 PM","1.521"
"482","2025-08-23 8:40:19.765 PM","1.521"
"483","2025-08-23 8:40:19.766 PM","1.521"
"484","2025-08-23 8:40:19.767 PM","1.512"
"485","2025-08-23 8:40:19.768 PM","1.512"
"486","2025-08-23 8:40:19.769 PM","1.512"
"487","2025-08-23 8:40:19.770 PM","1.512"
"488","2025-08-23 8:40:19.771 PM","1.512"
"489","2025-08-23 8:40:19.772 PM","1.512"
"490","2025-08-23 8:40:19.773 PM","1.521"
"491","2025-08-23 8:40:19.774 PM","1.521"
"492","2025-08-23 8:40:19.775 PM","1.639"
"493","2025-08-23 8:40:19.776 PM","1.634"
"494","2025-08-23 8:40:19.777 PM","1.639"
"495","2025-08-23 8:40:19.778 PM","1.639"
"496","2025-08-23 8:40:19.779 PM","1.639"
"497","2025-08-23 8:40:19.780 PM","1.639"
"498","2025-08-23 8:40:19.781 PM","1.639"
"499","2025-08-23 8:40:19.782 PM","1.639"
"500","2025-08-23 8:40:19.783 PM","1.634"
"501","2025-08-23 8:40:19.784 PM","1.634"
"502","2025-08-23 8:40:19.785 PM","1.634"
"503","2025-08-23 8:40:19.786 PM","1.634"
"504","2025-08-23 8:40:19.787 PM","1.634"
"505","2025-08-23 8:40:19.788 PM","1.634"
"506","2025-08-23 8:40:19.789 PM","1.634"
"507","2025-08-23 8:40:19.790 PM","1.634"
"508","2025-08-23 8:40:19.791 PM","1.634"
"509","2025-08-23 8:40:19.792 PM","1.731"
"510","2025-08-23 8:40:19.793 PM","1.731"
"511","2025-08-23 8:40:19.794 PM","1.731"
"512","2025-08-23 8:40:19.795 PM","1.731"
"513","2025-08-23 8:40:19.796 PM","1.736"
"514","2025-08-23 8:40:19.797 PM","1.736"
"515","2025-08-23 8:40:19.798 PM","1.731"
"516","2025-08-23 8:40:19.799 PM","1.731"
"517","2025-08-23 8:40:19.800 PM","1.731"
"518","2025-08-23 8:40:19.801 PM","1.731"
"519","2025-08-23 8:40:19.802 PM","1.726"
"520","2025-08-23 8:40:19.803 PM","1.726"
"521","2025-08-23 8:40:19.804 PM","1.726"
"522","2025-08-23 8:40:19.805 PM","1.726"
"523","2025-08-23 8:40:19.806 PM","1.731"
"524","2025-08-23 8:40:19.807 PM","1.731"
"525","2025-08-23 8:40:19.808 PM","1.692"
"526","2025-08-23 8:40:19.809 PM","1.687"
"527","2025-08-23 8:40:19.810 PM","1.692"
"528","2025-08-23 8:40:19.811 PM","1.692"
"529","2025-08-23 8:40:19.812 PM","1.692"
"530","2025-08-23 8:40:19.813 PM","1.692"
"531","2025-08-23 8:40:19.814 PM","1.692"
"532","2025-08-23 8:40:19.815 PM","1.692"
"533","2025-08-23 8:40:19.816 PM","1.687"
"534","2025-08-23 8:40:19.817 PM","1.692"
"535","2025-08-23 8:40:19.818 PM","1.687"
"536","2025-08-23 8:40:19.819 PM","1.692"
"537","2025-08-23 8:40:19.820 PM","1.692"
"538","2025-08-23 8:40:19.821 PM","1.687"
"539","2025-08-23 8:40:19.822 PM","1.692"
"540","2025-08-23 8:40:19.823 PM","1.692"
"541","2025-08-23 8:40:19.824 PM","1.692"
"542","2025-08-23 8:40:19.825 PM","1.600"
"543","2025-08-23 8:40:19.826 PM","1.600"
"544","2025-08-23 8:40:19.827 PM","1.595"
"545","2025-08-23 8:40:19.828 PM","1.595"
"546","2025-08-23 8:40:19.829 PM","1.595"
"547","2025-08-23 8:40:19.830 PM","1.595"
"548","2025-08-23 8:40:19.831 PM","1.590"
"549","2025-08-23 8:40:19.832 PM","1.590"
"550","2025-08-23 8:40:19.833 PM","1.590"
"551","2025-08-23 8:40:19.834 PM","1.590"
"552","2025-08-23 8:40:19.835 PM","1.590"
"553","2025-08-23 8:40:19.836 PM","1.590"
"554","2025-08-23 8:40:19.837 PM","1.590"
"555","2025-08-23 8:40:19.838 PM","1.590"
"556","2025-08-23 8:40:19.839 PM","1.595"
"557","2025-08-23 8:40:19.840 PM","1.595"
"558","2025-08-23 8:40:19.841 PM","1.463"
"559","2025-08-23 8:40:19.842 PM","1.463"
"560","2025-08-23 8:40:19.843 PM","1.463"
"561","2025-08-23 8:40:19.844 PM","1.463"
"562","2025-08-23 8:40:19.845 PM","1.463"
"563","2025-08-23 8:40:19.846 PM","1.463"
"564","2025-08-23 8:40:19.847 PM","1.463"
"565","2025-08-23 8:40:19.848 PM","1.463"
"566","2025-08-23 8:40:19.849 PM","1.463"
"567","2025-08-23 8:40:19.850 PM","1.463"
"568","2025-08-23 8:40:19.851 PM","1.463"
"569","2025-08-23 8:40:19.852 PM","1.463"
"570","2025-08-23 8:40:19.853 PM","1.463"
"571","2025-08-23 8:40:19.854 PM","1.463"
"572","2025-08-23 8:40:19.855 PM","1.463"
"573","2025-08-23 8:40:19.856 PM","1.463"
"574","2025-08-23 8:40:19.857 PM","1.463"
"575","2025-08-23 8:40:19.858 PM","1.463"
"576","2025-08-23 8:40:19.859 PM","1.463"
"577","2025-08-23 8:40:19.860 PM","1.463"
"578","2025-08-23 8:40:19.861 PM","1.463"
"579","2025-08-23 8:40:19.862 PM","1.463"
"580","2025-08-23 8:40:19.863 PM","1.463"
"581","2025-08-23 8:40:19.864 PM","1.463"
"582","2025-08-23 8:40:19.865 PM","1.458"
"583","2025-08-23 8:40:19.866 PM","1.458"
"584","2025-08-23 8:40:19.867 PM","1.458"
"585","2025-08-23 8:40:19.868 PM","1.458"
"586","2025-08-23 8:40:19.869 PM","1.458"
"587","2025-08-23 8:40:19.870 PM","1.458"
"588","2025-08-23 8:40:19.871 PM","1.458"
"589","2025-08-23 8:40:19.872 PM","1.463"
"590","2025-08-23 8:40:19.873 PM","1.463"
"591","2025-08-23 8:40:19.874 PM","1.541"
"592","2025-08-23 8:40:19.875 PM","1.541"
"593","2025-08-23 8:40:19.876 PM","1.541"
"594","2025-08-23 8:40:19.877 PM","1.536"
"595","2025-08-23 8:40:19.878 PM","1.541"
"596","2025-08-23 8:40:19.879 PM","1.541"
"597","2025-08-23 8:40:19.880 PM","1.541"
"598","2025-08-23 8:40:19.881 PM","1.541"
"599","2025-08-23 8:40:19.882 PM","1.541"
"600","2025-08-23 8:40:19.883 PM","1.541"
"601","2025-08-23 8:40:19.884 PM","1.541"
"602","2025-08-23 8:40:19.885 PM","1.536"
"603","2025-08-23 8:40:19.886 PM","1.541"
"604","2025-08-23 8:40:19.887 PM","1.541"
"605","2025-08-23 8:40:19.888 PM","1.536"
"606","2025-08-23 8:40:19.889 PM","1.541"
"607","2025-08-23 8:40:19.890 PM","1.541"
"608","2025-08-23 8:40:19.891 PM","1.658"
"609","2025-08-23 8:40:19.892 PM","1.653"
"610","2025-08-23 8:40:19.893 PM","1.658"
"611","2025-08-23 8:40:19.894 PM","1.658"
"612","2025-08-23 8:40:19.895 PM","1.658"
"613","2025-08-23 8:40:19.896 PM","1.658"
"614","2025-08-23 8:40:19.897 PM","1.653"
"615","2025-08-23 8:40:19.898 PM","1.653"
"616","2025-08-23 8:40:19.899 PM","1.653"
"617","2025-08-23 8:40:19.900 PM","1.653"
"618","2025-08-23 8:40:19.901 PM","1.653"
"619","2025-08-23 8:40:19.902 PM","1.648"
"620","2025-08-23 8:40:19.903 PM","1.648"
"621","2025-08-23 8:40:19.904 PM","1.648"
"622","2025-08-23 8:40:19.905 PM","1.653"
"623","2025-08-23 8:40:19.906 PM","1.658"
"624","2025-08-23 8:40:19.907 PM","1.653"
"625","2025-08-23 8:40:19.908 PM","1.731"
"626","2025-08-23 8:40:19.909 PM","1.731"
"627","2025-08-23 8:40:19.910 PM","1.736"
"628","2025-08-23 8:40:19.911 PM","1.736"
"629","2025-08-23 8:40:19.912 PM","1.731"
"630","2025-08-23 8:40:19.913 PM","1.731"
"631","2025-08-23 8:40:19.914 PM","1.731"
"632","2025-08-23 8:40:19.915 PM","1.731"
"633","2025-08-23 8:40:19.916 PM","1.731"
"634","2025-08-23 8:40:19.917 PM","1.731"
"635","2025-08-23 8:40:19.918 PM","1.731"
"636","2025-08-23 8:40:19.919 PM","1.731"
"637","2025-08-23 8:40:19.920 PM","1.731"
"638","2025-08-23 8:40:19.921 PM","1.731"
"639","2025-08-23 8:40:19.922 PM","1.731"
"640","2025-08-23 8:40:19.923 PM","1.731"
"641","2025-08-23 8:40:19.924 PM","1.673"
"642","2025-08-23 8:40:19.925 PM","1.673"
"643","2025-08-23 8:40:19.926 PM","1.678"
"644","2025-08-23 8:40:19.927 PM","1.673"
"645","2025-08-23 8:40:19.928 PM","1.673"
"646","2025-08-23 8:40:19.929 PM","1.673"
"647","2025-08-23 8:40:19.930 PM","1.673"
"648","2025-08-23 8:40:19.931 PM","1.668"
"649","2025-08-23 8:40:19.932 PM","1.673"
"650","2025-08-23 8:40:19.933 PM","1.668"
"651","2025-08-23 8:40:19.934 PM","1.668"
"652","2025-08-23 8:40:19.935 PM","1.668"
"653","2025-08-23 8:40:19.936 PM","1.663"
"654","2025-08-23 8:40:19.937 PM","1.668"
"655","2025-08-23 8:40:19.938 PM","1.673"
"656","2025-08-23 8:40:19.939 PM","1.673"
"657","2025-08-23 8:40:19.940 PM","1.541"
"658","2025-08-23 8:40:19.941 PM","1.541"
"659","2025-08-23 8:40:19.942 PM","1.541"
"660","2025-08-23 8:40:19.943 PM","1.541"
"661","2025-08-23 8:40:19.944 PM","1.541"
"662","2025-08-23 8:40:19.945 PM","1.541"
"663","2025-08-23 8:40:19.946 PM","1.541"
"664","2025-08-23 8:40:19.947 PM","1.541"
"665","2025-08-23 8:40:19.948 PM","1.541"
"666","2025-08-23 8:40:19.949 PM","1.541"
"667","2025-08-23 8:40:19.950 PM","1.541"
"668","2025-08-23 8:40:19.951 PM","1.541"
"669","2025-08-23 8:40:19.952 PM","1.536"
"670","2025-08-23 8:40:19.953 PM","1.536"
"671","2025-08-23 8:40:19.954 PM","1.536"
"672","2025-08-23 8:40:19.955 PM","1.536"
"673","2025-08-23 8:40:19.956 PM","1.541"
"674","2025-08-23 8:40:19.957 PM","1.463"
"675","2025-08-23 8:40:19.958 PM","1.463"
"676","2025-08-23 8:40:19.959 PM","1.463"
"677","2025-08-23 8:40:19.960 PM","1.463"
"678","2025-08-23 8:40:19.961 PM","1.463"
"679","2025-08-23 8:40:19.962 PM","1.463"
"680","2025-08-23 8:40:19.963 PM","1.463"
"681","2025-08-23 8:40:19.964 PM","1.463"
"682","2025-08-23 8:40:19.965 PM","1.458"
"683","2025-08-23 8:40:19.966 PM","1.458"
"684","2025-08-23 8:40:19.967 PM","1.458"
"685","2025-08-23 8:40:19.968 PM","1.458"
"686","2025-08-23 8:40:19.969 PM","1.453"
"687","2025-08-23 8:40:19.970 PM","1.458"
"688","2025-08-23 8:40:19.971 PM","1.463"
"689","2025-08-23 8:40:19.972 PM","1.463"
"690","2025-08-23 8:40:19.973 PM","1.482"
"691","2025-08-23 8:40:19.974 PM","1.482"
"692","2025-08-23 8:40:19.975 PM","1.482"
"693","2025-08-23 8:40:19.976 PM","1.482"
"694","2025-08-23 8:40:19.977 PM","1.482"
"695","2025-08-23 8:40:19.978 PM","1.482"
"696","2025-08-23 8:40:19.979 PM","1.482"
"697","2025-08-23 8:40:19.980 PM","1.477"
"698","2025-08-23 8:40:19.981 PM","1.477"
"699","2025-08-23 8:40:19.982 PM","1.482"
"700","2025-08-23 8:40:19.983 PM","1.482"
"701","2025-08-23 8:40:19.984 PM","1.482"
"702","2025-08-23 8:40:19.985 PM","1.482"
"703","2025-08-23 8:40:19.986 PM","1.477"
"704","2025-08-23 8:40:19.987 PM","1.477"
"705","2025-08-23 8:40:19.988 PM","1.482"
"706","2025-08-23 8:40:19.989 PM","1.482"
"707","2025-08-23 8:40:19.990 PM","1.575"
"708","2025-08-23 8:40:19.991 PM","1.575"
"709","2025-08-23 8:40:19.992 PM","1.580"
"710","2025-08-23 8:40:19.993 PM","1.580"
"711","2025-08-23 8:40:19.994 PM","1.575"
"712","2025-08-23 8:40:19.995 PM","1.575"
"713","2025-08-23 8:40:19.996 PM","1.575"
"714","2025-08-23 8:40:19.997 PM","1.575"
"715","2025-08-23 8:40:19.998 PM","1.575"
"716","2025-08-23 8:40:19.999 PM","1.570"
"717","2025-08-23 8:40:20.000 PM","1.570"
"718","2025-08-23 8:40:20.001 PM","1.570"
"719","2025-08-23 8:40:20.002 PM","1.570"
"720","2025-08-23 8:40:20.003 PM","1.570"
"721","2025-08-23 8:40:20.004 PM","1.575"
"722","2025-08-23 8:40:20.005 PM","1.575"
"723","2025-08-23 8:40:20.006 PM","1.575"
"724","2025-08-23 8:40:20.007 PM","1.692"
"725","2025-08-23 8:40:20.008 PM","1.692"
"726","2025-08-23 8:40:20.009 PM","1.692"
"727","2025-08-23 8:40:20.010 PM","1.692"
"728","2025-08-23 8:40:20.011 PM","1.692"
"729","2025-08-23 8:40:20.012 PM","1.692"
"730","2025-08-23 8:40:20.013 PM","1.692"
"731","2025-08-23 8:40:20.014 PM","1.692"
"732","2025-08-23 8:40:20.015 PM","1.692"
"733","2025-08-23 8:40:20.016 PM","1.692"
"734","2025-08-23 8:40:20.017 PM","1.687"
"735","2025-08-23 8:40:20.018 PM","1.692"
"736","2025-08-23 8:40:20.019 PM","1.692"
"737","2025-08-23 8:40:20.020 PM","1.687"
"738","2025-08-23 8:40:20.021 PM","1.687"
"739","2025-08-23 8:40:20.022 PM","1.687"
"740","2025-08-23 8:40:20.023 PM","1.731"
"741","2025-08-23 8:40:20.024 PM","1.736"
"742","2025-08-23 8:40:20.025 PM","1.736"
"743","2025-08-23 8:40:20.026 PM","1.736"
"744","2025-08-23 8:40:20.027 PM","1.731"
"745","2025-08-23 8:40:20.028 PM","1.731"
"746","2025-08-23 8:40:20.029 PM","1.731"
"747","2025-08-23 8:40:20.030 PM","1.726"
"748","2025-08-23 8:40:20.031 PM","1.726"
"749","2025-08-23 8:40:20.032 PM","1.726"
"750","2025-08-23 8:40:20.033 PM","1.726"
"751","2025-08-23 8:40:20.034 PM","1.726"
"752","2025-08-23 8:40:20.035 PM","1.726"
"753","2025-08-23 8:40:20.036 PM","1.717"
"754","2025-08-23 8:40:20.037 PM","1.731"
"755","2025-08-23 8:40:20.038 PM","1.731"
"756","2025-08-23 8:40:20.039 PM","1.731"
"757","2025-08-23 8:40:20.040 PM","1.653"
"758","2025-08-23 8:40:20.041 PM","1.653"
"759","2025-08-23 8:40:20.042 PM","1.653"
"760","2025-08-23 8:40:20.043 PM","1.653"
"761","2025-08-23 8:40:20.044 PM","1.653"
"762","2025-08-23 8:40:20.045 PM","1.653"
"763","2025-08-23 8:40:20.046 PM","1.653"
"764","2025-08-23 8:40:20.047 PM","1.653"
"765","2025-08-23 8:40:20.048 PM","1.653"
"766","2025-08-23 8:40:20.049 PM","1.653"
"767","2025-08-23 8:40:20.050 PM","1.653"
"768","2025-08-23 8:40:20.051 PM","1.653"
"769","2025-08-23 8:40:20.052 PM","1.653"
"770","2025-08-23 8:40:20.053 PM","1.653"
"771","2025-08-23 8:40:20.054 PM","1.653"
"772","2025-08-23 8:40:20.055 PM","1.653"
"773","2025-08-23 8:40:20.056 PM","1.502"
"774","2025-08-23 8:40:20.057 PM","1.502"
"775","2025-08-23 8:40:20.058 PM","1.502"
"776","2025-08-23 8:40:20.059 PM","1.502"
"777","2025-08-23 8:40:20.060 PM","1.502"
"778","2025-08-23 8:40:20.061 PM","1.497"
"779","2025-08-23 8:40:20.062 PM","1.497"
"780","2025-08-23 8:40:20.063 PM","1.497"
"781","2025-08-23 8:40:20.064 PM","1.492"
"782","2025-08-23 8:40:20.065 PM","1.492"
"783","2025-08-23 8:40:20.066 PM","1.492"
"784","2025-08-23 8:40:20.067 PM","1.497"
"785","2025-08-23 8:40:20.068 PM","1.492"
"786","2025-08-23 8:40:20.069 PM","1.502"
"787","2025-08-23 8:40:20.070 PM","1.497"
"788","2025-08-23 8:40:20.071 PM","1.497"
"789","2025-08-23 8:40:20.072 PM","1.443"
"790","2025-08-23 8:40:20.073 PM","1.443"
"791","2025-08-23 8:40:20.074 PM","1.443"
"792","2025-08-23 8:40:20.075 PM","1.448"
"793","2025-08-23 8:40:20.076 PM","1.448"
"794","2025-08-23 8:40:20.077 PM","1.448"
"795","2025-08-23 8:40:20.078 PM","1.448"
"796","2025-08-23 8:40:20.079 PM","1.448"
"797","2025-08-23 8:40:20.080 PM","1.443"
"798","2025-08-23 8:40:20.081 PM","1.448"
"799","2025-08-23 8:40:20.082 PM","1.443"
"800","2025-08-23 8:40:20.083 PM","1.443"
"801","2025-08-23 8:40:20.084 PM","1.443"
"802","2025-08-23 8:40:20.085 PM","1.443"
"803","2025-08-23 8:40:20.086 PM","1.443"
"804","2025-08-23 8:40:20.087 PM","1.443"
"805","2025-08-23 8:40:20.088 PM","1.443"
"806","2025-08-23 8:40:20.089 PM","1.497"
"807","2025-08-23 8:40:20.090 PM","1.502"
"808","2025-08-23 8:40:20.091 PM","1.497"
"809","2025-08-23 8:40:20.092 PM","1.502"
"810","2025-08-23 8:40:20.093 PM","1.502"
"811","2025-08-23 8:40:20.094 PM","1.502"
"812","2025-08-23 8:40:20.095 PM","1.497"
"813","2025-08-23 8:40:20.096 PM","1.497"
"814","2025-08-23 8:40:20.097 PM","1.497"
"815","2025-08-23 8:40:20.098 PM","1.492"
"816","2025-08-23 8:40:20.099 PM","1.492"
"817","2025-08-23 8:40:20.100 PM","1.492"
"818","2025-08-23 8:40:20.101 PM","1.502"
"819","2025-08-23 8:40:20.102 PM","1.507"
"820","2025-08-23 8:40:20.103 PM","1.497"
"821","2025-08-23 8:40:20.104 PM","1.502"
"822","2025-08-23 8:40:20.105 PM","1.502"
"823","2025-08-23 8:40:20.106 PM","1.614"
"824","2025-08-23 8:40:20.107 PM","1.614"
"825","2025-08-23 8:40:20.108 PM","1.609"
"826","2025-08-23 8:40:20.109 PM","1.614"
"827","2025-08-23 8:40:20.110 PM","1.614"
"828","2025-08-23 8:40:20.111 PM","1.614"
"829","2025-08-23 8:40:20.112 PM","1.614"
"830","2025-08-23 8:40:20.113 PM","1.609"
"831","2025-08-23 8:40:20.114 PM","1.614"
"832","2025-08-23 8:40:20.115 PM","1.609"
"833","2025-08-23 8:40:20.116 PM","1.614"
"834","2025-08-23 8:40:20.117 PM","1.614"
"835","2025-08-23 8:40:20.118 PM","1.609"
"836","2025-08-23 8:40:20.119 PM","1.609"
"837","2025-08-23 8:40:20.120 PM","1.614"
"838","2025-08-23 8:40:20.121 PM","1.614"
"839","2025-08-23 8:40:20.122 PM","1.712"
"840","2025-08-23 8:40:20.123 PM","1.712"
"841","2025-08-23 8:40:20.124 PM","1.712"
"842","2025-08-23 8:40:20.125 PM","1.712"
"843","2025-08-23 8:40:20.126 PM","1.712"
"844","2025-08-23 8:40:20.127 PM","1.712"
"845","2025-08-23 8:40:20.128 PM","1.707"
"846","2025-08-23 8:40:20.129 PM","1.707"
"847","2025-08-23 8:40:20.130 PM","1.702"
"848","2025-08-23 8:40:20.131 PM","1.702"
"849","2025-08-23 8:40:20.132 PM","1.697"
"850","2025-08-23 8:40:20.133 PM","1.702"
"851","2025-08-23 8:40:20.134 PM","1.712"
"852","2025-08-23 8:40:20.135 PM","1.712"
"853","2025-08-23 8:40:20.136 PM","1.707"
"854","2025-08-23 8:40:20.137 PM","1.707"
"855","2025-08-23 8:40:20.138 PM","1.712"
"856","2025-08-23 8:40:20.139 PM","1.707"
"857","2025-08-23 8:40:20.140 PM","1.707"
"858","2025-08-23 8:40:20.141 PM","1.712"
"859","2025-08-23 8:40:20.142 PM","1.707"
"860","2025-08-23 8:40:20.143 PM","1.712"
"861","2025-08-23 8:40:20.144 PM","1.707"
"862","2025-08-23 8:40:20.145 PM","1.707"
"863","2025-08-23 8:40:20.146 PM","1.707"
"864","2025-08-23 8:40:20.147 PM","1.707"
"865","2025-08-23 8:40:20.148 PM","1.707"
"866","2025-08-23 8:40:20.149 PM","1.707"
"867","2025-08-23 8:40:20.150 PM","1.707"
"868","2025-08-23 8:40:20.151 PM","1.707"
"869","2025-08-23 8:40:20.152 PM","1.707"
"870","2025-08-23 8:40:20.153 PM","1.707"
"871","2025-08-23 8:40:20.154 PM","1.712"
"872","2025-08-23 8:40:20.155 PM","1.614"
"873","2025-08-23 8:40:20.156 PM","1.614"
"874","2025-08-23 8:40:20.157 PM","1.614"
"875","2025-08-23 8:40:20.158 PM","1.614"
"876","2025-08-23 8:40:20.159 PM","1.614"
"877","2025-08-23 8:40:20.160 PM","1.614"
"878","2025-08-23 8:40:20.161 PM","1.609"
"879","2025-08-23 8:40:20.162 PM","1.609"
"880","2025-08-23 8:40:20.163 PM","1.604"
"881","2025-08-23 8:40:20.164 PM","1.604"
"882","2025-08-23 8:40:20.165 PM","1.604"
"883","2025-08-23 8:40:20.166 PM","1.614"
"884","2025-08-23 8:40:20.167 PM","1.614"
"885","2025-08-23 8:40:20.168 PM","1.624"
"886","2025-08-23 8:40:20.169 PM","1.614"
"887","2025-08-23 8:40:20.170 PM","1.609"
"888","2025-08-23 8:40:20.171 PM","1.614"
"889","2025-08-23 8:40:20.172 PM","1.482"
"890","2025-08-23 8:40:20.173 PM","1.482"
"891","2025-08-23 8:40:20.174 PM","1.482"
"892","2025-08-23 8:40:20.175 PM","1.482"
"893","2025-08-23 8:40:20.176 PM","1.482"
"894","2025-08-23 8:40:20.177 PM","1.482"
"895","2025-08-23 8:40:20.178 PM","1.482"
"896","2025-08-23 8:40:20.179 PM","1.477"
"897","2025-08-23 8:40:20.180 PM","1.482"
"898","2025-08-23 8:40:20.181 PM","1.477"
"899","2025-08-23 8:40:20.182 PM","1.477"
"900","2025-08-23 8:40:20.183 PM","1.477"
"901","2025-08-23 8:40:20.184 PM","1.477"
"902","2025-08-23 8:40:20.185 PM","1.477"
"903","2025-08-23 8:40:20.186 PM","1.477"
"904","2025-08-23 8:40:20.187 PM","1.482"
"905","2025-08-23 8:40:20.188 PM","1.463"
"906","2025-08-23 8:40:20.189 PM","1.463"
"907","2025-08-23 8:40:20.190 PM","1.463"
"908","2025-08-23 8:40:20.191 PM","1.463"
"909","2025-08-23 8:40:20.192 PM","1.463"
"910","2025-08-23 8:40:20.193 PM","1.463"
"911","2025-08-23 8:40:20.194 PM","1.458"
"912","2025-08-23 8:40:20.195 PM","1.458"
"913","2025-08-23 8:40:20.196 PM","1.458"
"914","2025-08-23 8:40:20.197 PM","1.453"
"915","2025-08-23 8:40:20.198 PM","1.458"
"916","2025-08-23 8:40:20.199 PM","1.468"
"917","2025-08-23 8:40:20.200 PM","1.468"
"918","2025-08-23 8:40:20.201 PM","1.473"
"919","2025-08-23 8:40:20.202 PM","1.458"
"920","2025-08-23 8:40:20.203 PM","1.463"
"921","2025-08-23 8:40:20.204 PM","1.463"
"922","2025-08-23 8:40:20.205 PM","1.521"
"923","2025-08-23 8:40:20.206 PM","1.521"
"924","2025-08-23 8:40:20.207 PM","1.526"
"925","2025-08-23 8:40:20.208 PM","1.521"
"926","2025-08-23 8:40:20.209 PM","1.526"
"927","2025-08-23 8:40:20.210 PM","1.526"
