"Device: USB-205"
"Serial Number: 22B4008"
"Channel Count: 1"
"Sample Count: 10458"
"Start Time: 2025-08-24 12:19:37.533 PM"
"Scan Rate: 1000"
"Sample","Date/Time","AI0 (V)"
"0","2025-08-24 12:19:37.533 PM","1.380"
"1","2025-08-24 12:19:37.534 PM","1.385"
"2","2025-08-24 12:19:37.535 PM","1.380"
"3","2025-08-24 12:19:37.536 PM","1.385"
"4","2025-08-24 12:19:37.537 PM","1.380"
"5","2025-08-24 12:19:37.538 PM","1.385"
"6","2025-08-24 12:19:37.539 PM","1.385"
"7","2025-08-24 12:19:37.540 PM","1.658"
"8","2025-08-24 12:19:37.541 PM","1.658"
"9","2025-08-24 12:19:37.542 PM","1.658"
"10","2025-08-24 12:19:37.543 PM","1.653"
"11","2025-08-24 12:19:37.544 PM","1.658"
"12","2025-08-24 12:19:37.545 PM","1.653"
"13","2025-08-24 12:19:37.546 PM","1.648"
"14","2025-08-24 12:19:37.547 PM","1.648"
"15","2025-08-24 12:19:37.548 PM","1.648"
"16","2025-08-24 12:19:37.549 PM","1.648"
"17","2025-08-24 12:19:37.550 PM","1.648"
"18","2025-08-24 12:19:37.551 PM","1.648"
"19","2025-08-24 12:19:37.552 PM","1.658"
"20","2025-08-24 12:19:37.553 PM","1.658"
"21","2025-08-24 12:19:37.554 PM","1.653"
"22","2025-08-24 12:19:37.555 PM","1.653"
"23","2025-08-24 12:19:37.556 PM","1.404"
"24","2025-08-24 12:19:37.557 PM","1.404"
"25","2025-08-24 12:19:37.558 PM","1.404"
"26","2025-08-24 12:19:37.559 PM","1.404"
"27","2025-08-24 12:19:37.560 PM","1.404"
"28","2025-08-24 12:19:37.561 PM","1.404"
"29","2025-08-24 12:19:37.562 PM","1.404"
"30","2025-08-24 12:19:37.563 PM","1.404"
"31","2025-08-24 12:19:37.564 PM","1.404"
"32","2025-08-24 12:19:37.565 PM","1.404"
"33","2025-08-24 12:19:37.566 PM","1.404"
"34","2025-08-24 12:19:37.567 PM","1.404"
"35","2025-08-24 12:19:37.568 PM","1.399"
"36","2025-08-24 12:19:37.569 PM","1.399"
"37","2025-08-24 12:19:37.570 PM","1.399"
"38","2025-08-24 12:19:37.571 PM","1.399"
"39","2025-08-24 12:19:37.572 PM","1.404"
"40","2025-08-24 12:19:37.573 PM","1.541"
"41","2025-08-24 12:19:37.574 PM","1.541"
"42","2025-08-24 12:19:37.575 PM","1.541"
"43","2025-08-24 12:19:37.576 PM","1.541"
"44","2025-08-24 12:19:37.577 PM","1.541"
"45","2025-08-24 12:19:37.578 PM","1.541"
"46","2025-08-24 12:19:37.579 PM","1.536"
"47","2025-08-24 12:19:37.580 PM","1.536"
"48","2025-08-24 12:19:37.581 PM","1.531"
"49","2025-08-24 12:19:37.582 PM","1.531"
"50","2025-08-24 12:19:37.583 PM","1.531"
"51","2025-08-24 12:19:37.584 PM","1.541"
"52","2025-08-24 12:19:37.585 PM","1.546"
"53","2025-08-24 12:19:37.586 PM","1.546"
"54","2025-08-24 12:19:37.587 PM","1.541"
"55","2025-08-24 12:19:37.588 PM","1.541"
"56","2025-08-24 12:19:37.589 PM","1.536"
"57","2025-08-24 12:19:37.590 PM","1.575"
"58","2025-08-24 12:19:37.591 PM","1.575"
"59","2025-08-24 12:19:37.592 PM","1.575"
"60","2025-08-24 12:19:37.593 PM","1.580"
"61","2025-08-24 12:19:37.594 PM","1.580"
"62","2025-08-24 12:19:37.595 PM","1.575"
"63","2025-08-24 12:19:37.596 PM","1.575"
"64","2025-08-24 12:19:37.597 PM","1.575"
"65","2025-08-24 12:19:37.598 PM","1.575"
"66","2025-08-24 12:19:37.599 PM","1.575"
"67","2025-08-24 12:19:37.600 PM","1.575"
"68","2025-08-24 12:19:37.601 PM","1.575"
"69","2025-08-24 12:19:37.602 PM","1.575"
"70","2025-08-24 12:19:37.603 PM","1.575"
"71","2025-08-24 12:19:37.604 PM","1.575"
"72","2025-08-24 12:19:37.605 PM","1.575"
"73","2025-08-24 12:19:37.606 PM","1.370"
"74","2025-08-24 12:19:37.607 PM","1.370"
"75","2025-08-24 12:19:37.608 PM","1.370"
"76","2025-08-24 12:19:37.609 PM","1.365"
"77","2025-08-24 12:19:37.610 PM","1.370"
"78","2025-08-24 12:19:37.611 PM","1.370"
"79","2025-08-24 12:19:37.612 PM","1.365"
"80","2025-08-24 12:19:37.613 PM","1.360"
"81","2025-08-24 12:19:37.614 PM","1.360"
"82","2025-08-24 12:19:37.615 PM","1.360"
"83","2025-08-24 12:19:37.616 PM","1.370"
"84","2025-08-24 12:19:37.617 PM","1.375"
"85","2025-08-24 12:19:37.618 PM","1.375"
"86","2025-08-24 12:19:37.619 PM","1.375"
"87","2025-08-24 12:19:37.620 PM","1.365"
"88","2025-08-24 12:19:37.621 PM","1.365"
"89","2025-08-24 12:19:37.622 PM","1.370"
"90","2025-08-24 12:19:37.623 PM","1.658"
"91","2025-08-24 12:19:37.624 PM","1.658"
"92","2025-08-24 12:19:37.625 PM","1.658"
"93","2025-08-24 12:19:37.626 PM","1.658"
"94","2025-08-24 12:19:37.627 PM","1.658"
"95","2025-08-24 12:19:37.628 PM","1.658"
"96","2025-08-24 12:19:37.629 PM","1.658"
"97","2025-08-24 12:19:37.630 PM","1.653"
"98","2025-08-24 12:19:37.631 PM","1.653"
"99","2025-08-24 12:19:37.632 PM","1.658"
"100","2025-08-24 12:19:37.633 PM","1.658"
"101","2025-08-24 12:19:37.634 PM","1.653"
"102","2025-08-24 12:19:37.635 PM","1.653"
"103","2025-08-24 12:19:37.636 PM","1.653"
"104","2025-08-24 12:19:37.637 PM","1.653"
"105","2025-08-24 12:19:37.638 PM","1.658"
"106","2025-08-24 12:19:37.639 PM","1.404"
"107","2025-08-24 12:19:37.640 PM","1.404"
"108","2025-08-24 12:19:37.641 PM","1.404"
"109","2025-08-24 12:19:37.642 PM","1.404"
"110","2025-08-24 12:19:37.643 PM","1.404"
"111","2025-08-24 12:19:37.644 PM","1.404"
"112","2025-08-24 12:19:37.645 PM","1.399"
"113","2025-08-24 12:19:37.646 PM","1.399"
"114","2025-08-24 12:19:37.647 PM","1.394"
"115","2025-08-24 12:19:37.648 PM","1.409"
"116","2025-08-24 12:19:37.649 PM","1.409"
"117","2025-08-24 12:19:37.650 PM","1.409"
"118","2025-08-24 12:19:37.651 PM","1.409"
"119","2025-08-24 12:19:37.652 PM","1.409"
"120","2025-08-24 12:19:37.653 PM","1.404"
"121","2025-08-24 12:19:37.654 PM","1.404"
"122","2025-08-24 12:19:37.655 PM","1.404"
"123","2025-08-24 12:19:37.656 PM","1.521"
"124","2025-08-24 12:19:37.657 PM","1.521"
"125","2025-08-24 12:19:37.658 PM","1.521"
"126","2025-08-24 12:19:37.659 PM","1.526"
"127","2025-08-24 12:19:37.660 PM","1.526"
"128","2025-08-24 12:19:37.661 PM","1.521"
"129","2025-08-24 12:19:37.662 PM","1.521"
"130","2025-08-24 12:19:37.663 PM","1.521"
"131","2025-08-24 12:19:37.664 PM","1.521"
"132","2025-08-24 12:19:37.665 PM","1.521"
"133","2025-08-24 12:19:37.666 PM","1.521"
"134","2025-08-24 12:19:37.667 PM","1.521"
"135","2025-08-24 12:19:37.668 PM","1.521"
"136","2025-08-24 12:19:37.669 PM","1.521"
"137","2025-08-24 12:19:37.670 PM","1.521"
"138","2025-08-24 12:19:37.671 PM","1.521"
"139","2025-08-24 12:19:37.672 PM","1.595"
"140","2025-08-24 12:19:37.673 PM","1.595"
"141","2025-08-24 12:19:37.674 PM","1.595"
"142","2025-08-24 12:19:37.675 PM","1.595"
"143","2025-08-24 12:19:37.676 PM","1.595"
"144","2025-08-24 12:19:37.677 PM","1.595"
"145","2025-08-24 12:19:37.678 PM","1.590"
"146","2025-08-24 12:19:37.679 PM","1.590"
"147","2025-08-24 12:19:37.680 PM","1.595"
"148","2025-08-24 12:19:37.681 PM","1.600"
"149","2025-08-24 12:19:37.682 PM","1.600"
"150","2025-08-24 12:19:37.683 PM","1.604"
"151","2025-08-24 12:19:37.684 PM","1.600"
"152","2025-08-24 12:19:37.685 PM","1.595"
"153","2025-08-24 12:19:37.686 PM","1.595"
"154","2025-08-24 12:19:37.687 PM","1.595"
"155","2025-08-24 12:19:37.688 PM","1.365"
"156","2025-08-24 12:19:37.689 PM","1.370"
"157","2025-08-24 12:19:37.690 PM","1.365"
"158","2025-08-24 12:19:37.691 PM","1.365"
"159","2025-08-24 12:19:37.692 PM","1.365"
"160","2025-08-24 12:19:37.693 PM","1.370"
"161","2025-08-24 12:19:37.694 PM","1.370"
"162","2025-08-24 12:19:37.695 PM","1.365"
"163","2025-08-24 12:19:37.696 PM","1.365"
"164","2025-08-24 12:19:37.697 PM","1.365"
"165","2025-08-24 12:19:37.698 PM","1.365"
"166","2025-08-24 12:19:37.699 PM","1.365"
"167","2025-08-24 12:19:37.700 PM","1.370"
"168","2025-08-24 12:19:37.701 PM","1.365"
"169","2025-08-24 12:19:37.702 PM","1.360"
"170","2025-08-24 12:19:37.703 PM","1.370"
"171","2025-08-24 12:19:37.704 PM","1.370"
"172","2025-08-24 12:19:37.705 PM","1.658"
"173","2025-08-24 12:19:37.706 PM","1.658"
"174","2025-08-24 12:19:37.707 PM","1.658"
"175","2025-08-24 12:19:37.708 PM","1.658"
"176","2025-08-24 12:19:37.709 PM","1.658"
"177","2025-08-24 12:19:37.710 PM","1.658"
"178","2025-08-24 12:19:37.711 PM","1.648"
"179","2025-08-24 12:19:37.712 PM","1.648"
"180","2025-08-24 12:19:37.713 PM","1.663"
"181","2025-08-24 12:19:37.714 PM","1.663"
"182","2025-08-24 12:19:37.715 PM","1.663"
"183","2025-08-24 12:19:37.716 PM","1.663"
"184","2025-08-24 12:19:37.717 PM","1.653"
"185","2025-08-24 12:19:37.718 PM","1.653"
"186","2025-08-24 12:19:37.719 PM","1.653"
"187","2025-08-24 12:19:37.720 PM","1.658"
"188","2025-08-24 12:19:37.721 PM","1.658"
"189","2025-08-24 12:19:37.722 PM","1.424"
"190","2025-08-24 12:19:37.723 PM","1.429"
"191","2025-08-24 12:19:37.724 PM","1.429"
"192","2025-08-24 12:19:37.725 PM","1.429"
"193","2025-08-24 12:19:37.726 PM","1.424"
"194","2025-08-24 12:19:37.727 PM","1.424"
"195","2025-08-24 12:19:37.728 PM","1.424"
"196","2025-08-24 12:19:37.729 PM","1.424"
"197","2025-08-24 12:19:37.730 PM","1.424"
"198","2025-08-24 12:19:37.731 PM","1.424"
"199","2025-08-24 12:19:37.732 PM","1.424"
"200","2025-08-24 12:19:37.733 PM","1.424"
"201","2025-08-24 12:19:37.734 PM","1.424"
"202","2025-08-24 12:19:37.735 PM","1.424"
"203","2025-08-24 12:19:37.736 PM","1.429"
"204","2025-08-24 12:19:37.737 PM","1.429"
"205","2025-08-24 12:19:37.738 PM","1.502"
"206","2025-08-24 12:19:37.739 PM","1.497"
"207","2025-08-24 12:19:37.740 PM","1.497"
"208","2025-08-24 12:19:37.741 PM","1.502"
"209","2025-08-24 12:19:37.742 PM","1.502"
"210","2025-08-24 12:19:37.743 PM","1.502"
"211","2025-08-24 12:19:37.744 PM","1.492"
"212","2025-08-24 12:19:37.745 PM","1.502"
"213","2025-08-24 12:19:37.746 PM","1.507"
"214","2025-08-24 12:19:37.747 PM","1.507"
"215","2025-08-24 12:19:37.748 PM","1.507"
"216","2025-08-24 12:19:37.749 PM","1.497"
"217","2025-08-24 12:19:37.750 PM","1.497"
"218","2025-08-24 12:19:37.751 PM","1.502"
"219","2025-08-24 12:19:37.752 PM","1.497"
"220","2025-08-24 12:19:37.753 PM","1.502"
"221","2025-08-24 12:19:37.754 PM","1.502"
"222","2025-08-24 12:19:37.755 PM","1.614"
"223","2025-08-24 12:19:37.756 PM","1.614"
"224","2025-08-24 12:19:37.757 PM","1.614"
"225","2025-08-24 12:19:37.758 PM","1.614"
"226","2025-08-24 12:19:37.759 PM","1.614"
"227","2025-08-24 12:19:37.760 PM","1.614"
"228","2025-08-24 12:19:37.761 PM","1.609"
"229","2025-08-24 12:19:37.762 PM","1.609"
"230","2025-08-24 12:19:37.763 PM","1.614"
"231","2025-08-24 12:19:37.764 PM","1.609"
"232","2025-08-24 12:19:37.765 PM","1.614"
"233","2025-08-24 12:19:37.766 PM","1.609"
"234","2025-08-24 12:19:37.767 PM","1.609"
"235","2025-08-24 12:19:37.768 PM","1.609"
"236","2025-08-24 12:19:37.769 PM","1.614"
"237","2025-08-24 12:19:37.770 PM","1.614"
"238","2025-08-24 12:19:37.771 PM","1.370"
"239","2025-08-24 12:19:37.772 PM","1.370"
"240","2025-08-24 12:19:37.773 PM","1.370"
"241","2025-08-24 12:19:37.774 PM","1.370"
"242","2025-08-24 12:19:37.775 PM","1.370"
"243","2025-08-24 12:19:37.776 PM","1.370"
"244","2025-08-24 12:19:37.777 PM","1.375"
"245","2025-08-24 12:19:37.778 PM","1.375"
"246","2025-08-24 12:19:37.779 PM","1.375"
"247","2025-08-24 12:19:37.780 PM","1.380"
"248","2025-08-24 12:19:37.781 PM","1.365"
"249","2025-08-24 12:19:37.782 PM","1.365"
"250","2025-08-24 12:19:37.783 PM","1.365"
"251","2025-08-24 12:19:37.784 PM","1.370"
"252","2025-08-24 12:19:37.785 PM","1.365"
"253","2025-08-24 12:19:37.786 PM","1.365"
"254","2025-08-24 12:19:37.787 PM","1.370"
"255","2025-08-24 12:19:37.788 PM","1.658"
"256","2025-08-24 12:19:37.789 PM","1.653"
"257","2025-08-24 12:19:37.790 PM","1.658"
"258","2025-08-24 12:19:37.791 PM","1.658"
"259","2025-08-24 12:19:37.792 PM","1.658"
"260","2025-08-24 12:19:37.793 PM","1.658"
"261","2025-08-24 12:19:37.794 PM","1.653"
"262","2025-08-24 12:19:37.795 PM","1.653"
"263","2025-08-24 12:19:37.796 PM","1.653"
"264","2025-08-24 12:19:37.797 PM","1.653"
"265","2025-08-24 12:19:37.798 PM","1.653"
"266","2025-08-24 12:19:37.799 PM","1.653"
"267","2025-08-24 12:19:37.800 PM","1.653"
"268","2025-08-24 12:19:37.801 PM","1.653"
"269","2025-08-24 12:19:37.802 PM","1.653"
"270","2025-08-24 12:19:37.803 PM","1.658"
"271","2025-08-24 12:19:37.804 PM","1.448"
"272","2025-08-24 12:19:37.805 PM","1.448"
"273","2025-08-24 12:19:37.806 PM","1.448"
"274","2025-08-24 12:19:37.807 PM","1.448"
"275","2025-08-24 12:19:37.808 PM","1.443"
"276","2025-08-24 12:19:37.809 PM","1.448"
"277","2025-08-24 12:19:37.810 PM","1.453"
"278","2025-08-24 12:19:37.811 PM","1.453"
"279","2025-08-24 12:19:37.812 PM","1.453"
"280","2025-08-24 12:19:37.813 PM","1.443"
"281","2025-08-24 12:19:37.814 PM","1.443"
"282","2025-08-24 12:19:37.815 PM","1.443"
"283","2025-08-24 12:19:37.816 PM","1.443"
"284","2025-08-24 12:19:37.817 PM","1.443"
"285","2025-08-24 12:19:37.818 PM","1.443"
"286","2025-08-24 12:19:37.819 PM","1.448"
"287","2025-08-24 12:19:37.820 PM","1.448"
"288","2025-08-24 12:19:37.821 PM","1.482"
"289","2025-08-24 12:19:37.822 PM","1.482"
"290","2025-08-24 12:19:37.823 PM","1.482"
"291","2025-08-24 12:19:37.824 PM","1.482"
"292","2025-08-24 12:19:37.825 PM","1.482"
"293","2025-08-24 12:19:37.826 PM","1.482"
"294","2025-08-24 12:19:37.827 PM","1.482"
"295","2025-08-24 12:19:37.828 PM","1.482"
"296","2025-08-24 12:19:37.829 PM","1.477"
"297","2025-08-24 12:19:37.830 PM","1.482"
"298","2025-08-24 12:19:37.831 PM","1.477"
"299","2025-08-24 12:19:37.832 PM","1.477"
"300","2025-08-24 12:19:37.833 PM","1.477"
"301","2025-08-24 12:19:37.834 PM","1.477"
"302","2025-08-24 12:19:37.835 PM","1.482"
"303","2025-08-24 12:19:37.836 PM","1.482"
"304","2025-08-24 12:19:37.837 PM","1.609"
"305","2025-08-24 12:19:37.838 PM","1.614"
"306","2025-08-24 12:19:37.839 PM","1.614"
"307","2025-08-24 12:19:37.840 PM","1.614"
"308","2025-08-24 12:19:37.841 PM","1.614"
"309","2025-08-24 12:19:37.842 PM","1.614"
"310","2025-08-24 12:19:37.843 PM","1.624"
"311","2025-08-24 12:19:37.844 PM","1.629"
"312","2025-08-24 12:19:37.845 PM","1.614"
"313","2025-08-24 12:19:37.846 PM","1.614"
"314","2025-08-24 12:19:37.847 PM","1.609"
"315","2025-08-24 12:19:37.848 PM","1.609"
"316","2025-08-24 12:19:37.849 PM","1.614"
"317","2025-08-24 12:19:37.850 PM","1.614"
"318","2025-08-24 12:19:37.851 PM","1.614"
"319","2025-08-24 12:19:37.852 PM","1.614"
"320","2025-08-24 12:19:37.853 PM","1.609"
"321","2025-08-24 12:19:37.854 PM","1.346"
"322","2025-08-24 12:19:37.855 PM","1.346"
"323","2025-08-24 12:19:37.856 PM","1.350"
"324","2025-08-24 12:19:37.857 PM","1.350"
"325","2025-08-24 12:19:37.858 PM","1.346"
"326","2025-08-24 12:19:37.859 PM","1.346"
"327","2025-08-24 12:19:37.860 PM","1.346"
"328","2025-08-24 12:19:37.861 PM","1.341"
"329","2025-08-24 12:19:37.862 PM","1.346"
"330","2025-08-24 12:19:37.863 PM","1.341"
"331","2025-08-24 12:19:37.864 PM","1.341"
"332","2025-08-24 12:19:37.865 PM","1.341"
"333","2025-08-24 12:19:37.866 PM","1.341"
"334","2025-08-24 12:19:37.867 PM","1.341"
"335","2025-08-24 12:19:37.868 PM","1.346"
"336","2025-08-24 12:19:37.869 PM","1.346"
"337","2025-08-24 12:19:37.870 PM","1.653"
"338","2025-08-24 12:19:37.871 PM","1.658"
"339","2025-08-24 12:19:37.872 PM","1.653"
"340","2025-08-24 12:19:37.873 PM","1.658"
"341","2025-08-24 12:19:37.874 PM","1.653"
"342","2025-08-24 12:19:37.875 PM","1.658"
"343","2025-08-24 12:19:37.876 PM","1.663"
"344","2025-08-24 12:19:37.877 PM","1.697"
"345","2025-08-24 12:19:37.878 PM","1.653"
"346","2025-08-24 12:19:37.879 PM","1.653"
"347","2025-08-24 12:19:37.880 PM","1.653"
"348","2025-08-24 12:19:37.881 PM","1.653"
"349","2025-08-24 12:19:37.882 PM","1.653"
"350","2025-08-24 12:19:37.883 PM","1.653"
"351","2025-08-24 12:19:37.884 PM","1.653"
"352","2025-08-24 12:19:37.885 PM","1.653"
"353","2025-08-24 12:19:37.886 PM","1.653"
"354","2025-08-24 12:19:37.887 PM","1.463"
"355","2025-08-24 12:19:37.888 PM","1.468"
"356","2025-08-24 12:19:37.889 PM","1.463"
"357","2025-08-24 12:19:37.890 PM","1.463"
"358","2025-08-24 12:19:37.891 PM","1.463"
"359","2025-08-24 12:19:37.892 PM","1.463"
"360","2025-08-24 12:19:37.893 PM","1.463"
"361","2025-08-24 12:19:37.894 PM","1.463"
"362","2025-08-24 12:19:37.895 PM","1.458"
"363","2025-08-24 12:19:37.896 PM","1.458"
"364","2025-08-24 12:19:37.897 PM","1.458"
"365","2025-08-24 12:19:37.898 PM","1.458"
"366","2025-08-24 12:19:37.899 PM","1.458"
"367","2025-08-24 12:19:37.900 PM","1.458"
"368","2025-08-24 12:19:37.901 PM","1.463"
"369","2025-08-24 12:19:37.902 PM","1.463"
"370","2025-08-24 12:19:37.903 PM","1.463"
"371","2025-08-24 12:19:37.904 PM","1.463"
"372","2025-08-24 12:19:37.905 PM","1.463"
"373","2025-08-24 12:19:37.906 PM","1.463"
"374","2025-08-24 12:19:37.907 PM","1.463"
"375","2025-08-24 12:19:37.908 PM","1.463"
"376","2025-08-24 12:19:37.909 PM","1.473"
"377","2025-08-24 12:19:37.910 PM","1.463"
"378","2025-08-24 12:19:37.911 PM","1.463"
"379","2025-08-24 12:19:37.912 PM","1.463"
"380","2025-08-24 12:19:37.913 PM","1.463"
"381","2025-08-24 12:19:37.914 PM","1.463"
"382","2025-08-24 12:19:37.915 PM","1.463"
"383","2025-08-24 12:19:37.916 PM","1.458"
"384","2025-08-24 12:19:37.917 PM","1.463"
"385","2025-08-24 12:19:37.918 PM","1.458"
"386","2025-08-24 12:19:37.919 PM","1.463"
"387","2025-08-24 12:19:37.920 PM","1.639"
"388","2025-08-24 12:19:37.921 PM","1.639"
"389","2025-08-24 12:19:37.922 PM","1.639"
"390","2025-08-24 12:19:37.923 PM","1.634"
"391","2025-08-24 12:19:37.924 PM","1.639"
"392","2025-08-24 12:19:37.925 PM","1.639"
"393","2025-08-24 12:19:37.926 PM","1.634"
"394","2025-08-24 12:19:37.927 PM","1.634"
"395","2025-08-24 12:19:37.928 PM","1.634"
"396","2025-08-24 12:19:37.929 PM","1.634"
"397","2025-08-24 12:19:37.930 PM","1.634"
"398","2025-08-24 12:19:37.931 PM","1.634"
"399","2025-08-24 12:19:37.932 PM","1.629"
"400","2025-08-24 12:19:37.933 PM","1.629"
"401","2025-08-24 12:19:37.934 PM","1.639"
"402","2025-08-24 12:19:37.935 PM","1.634"
"403","2025-08-24 12:19:37.936 PM","1.346"
"404","2025-08-24 12:19:37.937 PM","1.350"
"405","2025-08-24 12:19:37.938 PM","1.350"
"406","2025-08-24 12:19:37.939 PM","1.350"
"407","2025-08-24 12:19:37.940 PM","1.346"
"408","2025-08-24 12:19:37.941 PM","1.346"
"409","2025-08-24 12:19:37.942 PM","1.350"
"410","2025-08-24 12:19:37.943 PM","1.346"
"411","2025-08-24 12:19:37.944 PM","1.346"
"412","2025-08-24 12:19:37.945 PM","1.346"
"413","2025-08-24 12:19:37.946 PM","1.346"
"414","2025-08-24 12:19:37.947 PM","1.346"
"415","2025-08-24 12:19:37.948 PM","1.346"
"416","2025-08-24 12:19:37.949 PM","1.346"
"417","2025-08-24 12:19:37.950 PM","1.346"
"418","2025-08-24 12:19:37.951 PM","1.346"
"419","2025-08-24 12:19:37.952 PM","1.346"
"420","2025-08-24 12:19:37.953 PM","1.653"
"421","2025-08-24 12:19:37.954 PM","1.653"
"422","2025-08-24 12:19:37.955 PM","1.653"
"423","2025-08-24 12:19:37.956 PM","1.658"
"424","2025-08-24 12:19:37.957 PM","1.653"
"425","2025-08-24 12:19:37.958 PM","1.653"
"426","2025-08-24 12:19:37.959 PM","1.653"
"427","2025-08-24 12:19:37.960 PM","1.653"
"428","2025-08-24 12:19:37.961 PM","1.653"
"429","2025-08-24 12:19:37.962 PM","1.653"
"430","2025-08-24 12:19:37.963 PM","1.648"
"431","2025-08-24 12:19:37.964 PM","1.653"
"432","2025-08-24 12:19:37.965 PM","1.648"
"433","2025-08-24 12:19:37.966 PM","1.648"
"434","2025-08-24 12:19:37.967 PM","1.653"
"435","2025-08-24 12:19:37.968 PM","1.653"
"436","2025-08-24 12:19:37.969 PM","1.482"
"437","2025-08-24 12:19:37.970 PM","1.482"
"438","2025-08-24 12:19:37.971 PM","1.482"
"439","2025-08-24 12:19:37.972 PM","1.482"
"440","2025-08-24 12:19:37.973 PM","1.482"
"441","2025-08-24 12:19:37.974 PM","1.482"
"442","2025-08-24 12:19:37.975 PM","1.482"
"443","2025-08-24 12:19:37.976 PM","1.482"
"444","2025-08-24 12:19:37.977 PM","1.482"
"445","2025-08-24 12:19:37.978 PM","1.482"
"446","2025-08-24 12:19:37.979 PM","1.482"
"447","2025-08-24 12:19:37.980 PM","1.482"
"448","2025-08-24 12:19:37.981 PM","1.477"
"449","2025-08-24 12:19:37.982 PM","1.477"
"450","2025-08-24 12:19:37.983 PM","1.482"
"451","2025-08-24 12:19:37.984 PM","1.482"
"452","2025-08-24 12:19:37.985 PM","1.482"
"453","2025-08-24 12:19:37.986 PM","1.443"
"454","2025-08-24 12:19:37.987 PM","1.443"
"455","2025-08-24 12:19:37.988 PM","1.448"
"456","2025-08-24 12:19:37.989 PM","1.443"
"457","2025-08-24 12:19:37.990 PM","1.443"
"458","2025-08-24 12:19:37.991 PM","1.448"
"459","2025-08-24 12:19:37.992 PM","1.443"
"460","2025-08-24 12:19:37.993 PM","1.443"
"461","2025-08-24 12:19:37.994 PM","1.443"
"462","2025-08-24 12:19:37.995 PM","1.443"
"463","2025-08-24 12:19:37.996 PM","1.438"
"464","2025-08-24 12:19:37.997 PM","1.443"
"465","2025-08-24 12:19:37.998 PM","1.443"
"466","2025-08-24 12:19:37.999 PM","1.438"
"467","2025-08-24 12:19:38.000 PM","1.443"
"468","2025-08-24 12:19:38.001 PM","1.443"
"469","2025-08-24 12:19:38.002 PM","1.639"
"470","2025-08-24 12:19:38.003 PM","1.639"
"471","2025-08-24 12:19:38.004 PM","1.634"
"472","2025-08-24 12:19:38.005 PM","1.639"
"473","2025-08-24 12:19:38.006 PM","1.639"
"474","2025-08-24 12:19:38.007 PM","1.634"
"475","2025-08-24 12:19:38.008 PM","1.634"
"476","2025-08-24 12:19:38.009 PM","1.634"
"477","2025-08-24 12:19:38.010 PM","1.634"
"478","2025-08-24 12:19:38.011 PM","1.634"
"479","2025-08-24 12:19:38.012 PM","1.634"
"480","2025-08-24 12:19:38.013 PM","1.634"
"481","2025-08-24 12:19:38.014 PM","1.634"
"482","2025-08-24 12:19:38.015 PM","1.634"
"483","2025-08-24 12:19:38.016 PM","1.634"
"484","2025-08-24 12:19:38.017 PM","1.639"
"485","2025-08-24 12:19:38.018 PM","1.639"
"486","2025-08-24 12:19:38.019 PM","1.346"
"487","2025-08-24 12:19:38.020 PM","1.346"
"488","2025-08-24 12:19:38.021 PM","1.350"
"489","2025-08-24 12:19:38.022 PM","1.350"
"490","2025-08-24 12:19:38.023 PM","1.350"
"491","2025-08-24 12:19:38.024 PM","1.350"
"492","2025-08-24 12:19:38.025 PM","1.346"
"493","2025-08-24 12:19:38.026 PM","1.346"
"494","2025-08-24 12:19:38.027 PM","1.346"
"495","2025-08-24 12:19:38.028 PM","1.346"
"496","2025-08-24 12:19:38.029 PM","1.341"
"497","2025-08-24 12:19:38.030 PM","1.341"
"498","2025-08-24 12:19:38.031 PM","1.341"
"499","2025-08-24 12:19:38.032 PM","1.336"
"500","2025-08-24 12:19:38.033 PM","1.346"
"501","2025-08-24 12:19:38.034 PM","1.346"
"502","2025-08-24 12:19:38.035 PM","1.346"
"503","2025-08-24 12:19:38.036 PM","1.639"
"504","2025-08-24 12:19:38.037 PM","1.639"
"505","2025-08-24 12:19:38.038 PM","1.634"
"506","2025-08-24 12:19:38.039 PM","1.634"
"507","2025-08-24 12:19:38.040 PM","1.634"
"508","2025-08-24 12:19:38.041 PM","1.634"
"509","2025-08-24 12:19:38.042 PM","1.634"
"510","2025-08-24 12:19:38.043 PM","1.634"
"511","2025-08-24 12:19:38.044 PM","1.634"
"512","2025-08-24 12:19:38.045 PM","1.634"
"513","2025-08-24 12:19:38.046 PM","1.639"
"514","2025-08-24 12:19:38.047 PM","1.634"
"515","2025-08-24 12:19:38.048 PM","1.634"
"516","2025-08-24 12:19:38.049 PM","1.634"
"517","2025-08-24 12:19:38.050 PM","1.634"
"518","2025-08-24 12:19:38.051 PM","1.634"
"519","2025-08-24 12:19:38.052 PM","1.497"
"520","2025-08-24 12:19:38.053 PM","1.502"
"521","2025-08-24 12:19:38.054 PM","1.502"
"522","2025-08-24 12:19:38.055 PM","1.502"
"523","2025-08-24 12:19:38.056 PM","1.502"
"524","2025-08-24 12:19:38.057 PM","1.502"
"525","2025-08-24 12:19:38.058 PM","1.497"
"526","2025-08-24 12:19:38.059 PM","1.497"
"527","2025-08-24 12:19:38.060 PM","1.492"
"528","2025-08-24 12:19:38.061 PM","1.497"
"529","2025-08-24 12:19:38.062 PM","1.492"
"530","2025-08-24 12:19:38.063 PM","1.492"
"531","2025-08-24 12:19:38.064 PM","1.492"
"532","2025-08-24 12:19:38.065 PM","1.492"
"533","2025-08-24 12:19:38.066 PM","1.497"
"534","2025-08-24 12:19:38.067 PM","1.502"
"535","2025-08-24 12:19:38.068 PM","1.429"
"536","2025-08-24 12:19:38.069 PM","1.429"
"537","2025-08-24 12:19:38.070 PM","1.429"
"538","2025-08-24 12:19:38.071 PM","1.429"
"539","2025-08-24 12:19:38.072 PM","1.429"
"540","2025-08-24 12:19:38.073 PM","1.429"
"541","2025-08-24 12:19:38.074 PM","1.429"
"542","2025-08-24 12:19:38.075 PM","1.429"
"543","2025-08-24 12:19:38.076 PM","1.424"
"544","2025-08-24 12:19:38.077 PM","1.424"
"545","2025-08-24 12:19:38.078 PM","1.424"
"546","2025-08-24 12:19:38.079 PM","1.424"
"547","2025-08-24 12:19:38.080 PM","1.424"
"548","2025-08-24 12:19:38.081 PM","1.424"
"549","2025-08-24 12:19:38.082 PM","1.424"
"550","2025-08-24 12:19:38.083 PM","1.424"
"551","2025-08-24 12:19:38.084 PM","1.424"
"552","2025-08-24 12:19:38.085 PM","1.653"
"553","2025-08-24 12:19:38.086 PM","1.653"
"554","2025-08-24 12:19:38.087 PM","1.653"
"555","2025-08-24 12:19:38.088 PM","1.653"
"556","2025-08-24 12:19:38.089 PM","1.653"
"557","2025-08-24 12:19:38.090 PM","1.653"
"558","2025-08-24 12:19:38.091 PM","1.648"
"559","2025-08-24 12:19:38.092 PM","1.648"
"560","2025-08-24 12:19:38.093 PM","1.653"
"561","2025-08-24 12:19:38.094 PM","1.648"
"562","2025-08-24 12:19:38.095 PM","1.648"
"563","2025-08-24 12:19:38.096 PM","1.648"
"564","2025-08-24 12:19:38.097 PM","1.648"
"565","2025-08-24 12:19:38.098 PM","1.643"
"566","2025-08-24 12:19:38.099 PM","1.653"
"567","2025-08-24 12:19:38.100 PM","1.653"
"568","2025-08-24 12:19:38.101 PM","1.370"
"569","2025-08-24 12:19:38.102 PM","1.370"
"570","2025-08-24 12:19:38.103 PM","1.370"
"571","2025-08-24 12:19:38.104 PM","1.370"
"572","2025-08-24 12:19:38.105 PM","1.370"
"573","2025-08-24 12:19:38.106 PM","1.370"
"574","2025-08-24 12:19:38.107 PM","1.370"
"575","2025-08-24 12:19:38.108 PM","1.365"
"576","2025-08-24 12:19:38.109 PM","1.365"
"577","2025-08-24 12:19:38.110 PM","1.365"
"578","2025-08-24 12:19:38.111 PM","1.365"
"579","2025-08-24 12:19:38.112 PM","1.365"
"580","2025-08-24 12:19:38.113 PM","1.365"
"581","2025-08-24 12:19:38.114 PM","1.365"
"582","2025-08-24 12:19:38.115 PM","1.365"
"583","2025-08-24 12:19:38.116 PM","1.370"
"584","2025-08-24 12:19:38.117 PM","1.370"
"585","2025-08-24 12:19:38.118 PM","1.614"
"586","2025-08-24 12:19:38.119 PM","1.614"
"587","2025-08-24 12:19:38.120 PM","1.609"
"588","2025-08-24 12:19:38.121 PM","1.614"
"589","2025-08-24 12:19:38.122 PM","1.614"
"590","2025-08-24 12:19:38.123 PM","1.614"
"591","2025-08-24 12:19:38.124 PM","1.614"
"592","2025-08-24 12:19:38.125 PM","1.609"
"593","2025-08-24 12:19:38.126 PM","1.604"
"594","2025-08-24 12:19:38.127 PM","1.609"
"595","2025-08-24 12:19:38.128 PM","1.604"
"596","2025-08-24 12:19:38.129 PM","1.604"
"597","2025-08-24 12:19:38.130 PM","1.604"
"598","2025-08-24 12:19:38.131 PM","1.614"
"599","2025-08-24 12:19:38.132 PM","1.614"
"600","2025-08-24 12:19:38.133 PM","1.609"
"601","2025-08-24 12:19:38.134 PM","1.521"
"602","2025-08-24 12:19:38.135 PM","1.526"
"603","2025-08-24 12:19:38.136 PM","1.521"
"604","2025-08-24 12:19:38.137 PM","1.526"
"605","2025-08-24 12:19:38.138 PM","1.521"
"606","2025-08-24 12:19:38.139 PM","1.521"
"607","2025-08-24 12:19:38.140 PM","1.521"
"608","2025-08-24 12:19:38.141 PM","1.521"
"609","2025-08-24 12:19:38.142 PM","1.521"
"610","2025-08-24 12:19:38.143 PM","1.521"
"611","2025-08-24 12:19:38.144 PM","1.521"
"612","2025-08-24 12:19:38.145 PM","1.521"
"613","2025-08-24 12:19:38.146 PM","1.521"
"614","2025-08-24 12:19:38.147 PM","1.521"
"615","2025-08-24 12:19:38.148 PM","1.521"
"616","2025-08-24 12:19:38.149 PM","1.521"
"617","2025-08-24 12:19:38.150 PM","1.521"
"618","2025-08-24 12:19:38.151 PM","1.429"
"619","2025-08-24 12:19:38.152 PM","1.424"
"620","2025-08-24 12:19:38.153 PM","1.424"
"621","2025-08-24 12:19:38.154 PM","1.429"
"622","2025-08-24 12:19:38.155 PM","1.429"
"623","2025-08-24 12:19:38.156 PM","1.429"
"624","2025-08-24 12:19:38.157 PM","1.424"
"625","2025-08-24 12:19:38.158 PM","1.424"
"626","2025-08-24 12:19:38.159 PM","1.424"
"627","2025-08-24 12:19:38.160 PM","1.419"
"628","2025-08-24 12:19:38.161 PM","1.419"
"629","2025-08-24 12:19:38.162 PM","1.419"
"630","2025-08-24 12:19:38.163 PM","1.429"
"631","2025-08-24 12:19:38.164 PM","1.433"
"632","2025-08-24 12:19:38.165 PM","1.429"
"633","2025-08-24 12:19:38.166 PM","1.429"
"634","2025-08-24 12:19:38.167 PM","1.429"
"635","2025-08-24 12:19:38.168 PM","1.653"
"636","2025-08-24 12:19:38.169 PM","1.658"
"637","2025-08-24 12:19:38.170 PM","1.653"
"638","2025-08-24 12:19:38.171 PM","1.658"
"639","2025-08-24 12:19:38.172 PM","1.658"
"640","2025-08-24 12:19:38.173 PM","1.658"
"641","2025-08-24 12:19:38.174 PM","1.653"
"642","2025-08-24 12:19:38.175 PM","1.653"
"643","2025-08-24 12:19:38.176 PM","1.653"
"644","2025-08-24 12:19:38.177 PM","1.653"
"645","2025-08-24 12:19:38.178 PM","1.653"
"646","2025-08-24 12:19:38.179 PM","1.653"
"647","2025-08-24 12:19:38.180 PM","1.653"
"648","2025-08-24 12:19:38.181 PM","1.653"
"649","2025-08-24 12:19:38.182 PM","1.653"
"650","2025-08-24 12:19:38.183 PM","1.653"
"651","2025-08-24 12:19:38.184 PM","1.370"
"652","2025-08-24 12:19:38.185 PM","1.370"
"653","2025-08-24 12:19:38.186 PM","1.370"
"654","2025-08-24 12:19:38.187 PM","1.370"
"655","2025-08-24 12:19:38.188 PM","1.370"
"656","2025-08-24 12:19:38.189 PM","1.370"
"657","2025-08-24 12:19:38.190 PM","1.365"
"658","2025-08-24 12:19:38.191 PM","1.365"
"659","2025-08-24 12:19:38.192 PM","1.360"
"660","2025-08-24 12:19:38.193 PM","1.360"
"661","2025-08-24 12:19:38.194 PM","1.360"
"662","2025-08-24 12:19:38.195 PM","1.370"
"663","2025-08-24 12:19:38.196 PM","1.375"
"664","2025-08-24 12:19:38.197 PM","1.375"
"665","2025-08-24 12:19:38.198 PM","1.365"
"666","2025-08-24 12:19:38.199 PM","1.365"
"667","2025-08-24 12:19:38.200 PM","1.365"
"668","2025-08-24 12:19:38.201 PM","1.595"
"669","2025-08-24 12:19:38.202 PM","1.595"
"670","2025-08-24 12:19:38.203 PM","1.595"
"671","2025-08-24 12:19:38.204 PM","1.595"
"672","2025-08-24 12:19:38.205 PM","1.595"
"673","2025-08-24 12:19:38.206 PM","1.595"
"674","2025-08-24 12:19:38.207 PM","1.595"
"675","2025-08-24 12:19:38.208 PM","1.595"
"676","2025-08-24 12:19:38.209 PM","1.595"
"677","2025-08-24 12:19:38.210 PM","1.595"
"678","2025-08-24 12:19:38.211 PM","1.590"
"679","2025-08-24 12:19:38.212 PM","1.595"
"680","2025-08-24 12:19:38.213 PM","1.590"
"681","2025-08-24 12:19:38.214 PM","1.595"
"682","2025-08-24 12:19:38.215 PM","1.595"
"683","2025-08-24 12:19:38.216 PM","1.595"
"684","2025-08-24 12:19:38.217 PM","1.541"
"685","2025-08-24 12:19:38.218 PM","1.541"
"686","2025-08-24 12:19:38.219 PM","1.541"
"687","2025-08-24 12:19:38.220 PM","1.541"
"688","2025-08-24 12:19:38.221 PM","1.546"
"689","2025-08-24 12:19:38.222 PM","1.541"
"690","2025-08-24 12:19:38.223 PM","1.536"
"691","2025-08-24 12:19:38.224 PM","1.531"
"692","2025-08-24 12:19:38.225 PM","1.536"
"693","2025-08-24 12:19:38.226 PM","1.531"
"694","2025-08-24 12:19:38.227 PM","1.531"
"695","2025-08-24 12:19:38.228 PM","1.546"
"696","2025-08-24 12:19:38.229 PM","1.546"
"697","2025-08-24 12:19:38.230 PM","1.551"
"698","2025-08-24 12:19:38.231 PM","1.541"
"699","2025-08-24 12:19:38.232 PM","1.541"
"700","2025-08-24 12:19:38.233 PM","1.404"
"701","2025-08-24 12:19:38.234 PM","1.404"
"702","2025-08-24 12:19:38.235 PM","1.404"
"703","2025-08-24 12:19:38.236 PM","1.404"
"704","2025-08-24 12:19:38.237 PM","1.404"
"705","2025-08-24 12:19:38.238 PM","1.404"
"706","2025-08-24 12:19:38.239 PM","1.404"
"707","2025-08-24 12:19:38.240 PM","1.404"
"708","2025-08-24 12:19:38.241 PM","1.404"
"709","2025-08-24 12:19:38.242 PM","1.404"
"710","2025-08-24 12:19:38.243 PM","1.404"
"711","2025-08-24 12:19:38.244 PM","1.404"
"712","2025-08-24 12:19:38.245 PM","1.399"
"713","2025-08-24 12:19:38.246 PM","1.399"
"714","2025-08-24 12:19:38.247 PM","1.404"
"715","2025-08-24 12:19:38.248 PM","1.399"
"716","2025-08-24 12:19:38.249 PM","1.404"
"717","2025-08-24 12:19:38.250 PM","1.658"
"718","2025-08-24 12:19:38.251 PM","1.658"
"719","2025-08-24 12:19:38.252 PM","1.653"
"720","2025-08-24 12:19:38.253 PM","1.658"
"721","2025-08-24 12:19:38.254 PM","1.658"
"722","2025-08-24 12:19:38.255 PM","1.658"
"723","2025-08-24 12:19:38.256 PM","1.653"
"724","2025-08-24 12:19:38.257 PM","1.648"
"725","2025-08-24 12:19:38.258 PM","1.643"
"726","2025-08-24 12:19:38.259 PM","1.648"
"727","2025-08-24 12:19:38.260 PM","1.658"
"728","2025-08-24 12:19:38.261 PM","1.658"
"729","2025-08-24 12:19:38.262 PM","1.663"
"730","2025-08-24 12:19:38.263 PM","1.668"
"731","2025-08-24 12:19:38.264 PM","1.653"
"732","2025-08-24 12:19:38.265 PM","1.658"
"733","2025-08-24 12:19:38.266 PM","1.365"
"734","2025-08-24 12:19:38.267 PM","1.365"
"735","2025-08-24 12:19:38.268 PM","1.370"
"736","2025-08-24 12:19:38.269 PM","1.365"
"737","2025-08-24 12:19:38.270 PM","1.370"
"738","2025-08-24 12:19:38.271 PM","1.365"
"739","2025-08-24 12:19:38.272 PM","1.370"
"740","2025-08-24 12:19:38.273 PM","1.365"
"741","2025-08-24 12:19:38.274 PM","1.365"
"742","2025-08-24 12:19:38.275 PM","1.365"
"743","2025-08-24 12:19:38.276 PM","1.365"
"744","2025-08-24 12:19:38.277 PM","1.365"
"745","2025-08-24 12:19:38.278 PM","1.365"
"746","2025-08-24 12:19:38.279 PM","1.365"
"747","2025-08-24 12:19:38.280 PM","1.365"
"748","2025-08-24 12:19:38.281 PM","1.370"
"749","2025-08-24 12:19:38.282 PM","1.370"
"750","2025-08-24 12:19:38.283 PM","1.575"
"751","2025-08-24 12:19:38.284 PM","1.575"
"752","2025-08-24 12:19:38.285 PM","1.575"
"753","2025-08-24 12:19:38.286 PM","1.575"
"754","2025-08-24 12:19:38.287 PM","1.575"
"755","2025-08-24 12:19:38.288 PM","1.575"
"756","2025-08-24 12:19:38.289 PM","1.570"
"757","2025-08-24 12:19:38.290 PM","1.570"
"758","2025-08-24 12:19:38.291 PM","1.570"
"759","2025-08-24 12:19:38.292 PM","1.580"
"760","2025-08-24 12:19:38.293 PM","1.580"
"761","2025-08-24 12:19:38.294 PM","1.585"
"762","2025-08-24 12:19:38.295 PM","1.585"
"763","2025-08-24 12:19:38.296 PM","1.575"
"764","2025-08-24 12:19:38.297 PM","1.575"
"765","2025-08-24 12:19:38.298 PM","1.575"
"766","2025-08-24 12:19:38.299 PM","1.575"
"767","2025-08-24 12:19:38.300 PM","1.560"
"768","2025-08-24 12:19:38.301 PM","1.560"
"769","2025-08-24 12:19:38.302 PM","1.560"
"770","2025-08-24 12:19:38.303 PM","1.560"
"771","2025-08-24 12:19:38.304 PM","1.560"
"772","2025-08-24 12:19:38.305 PM","1.560"
"773","2025-08-24 12:19:38.306 PM","1.560"
"774","2025-08-24 12:19:38.307 PM","1.556"
"775","2025-08-24 12:19:38.308 PM","1.556"
"776","2025-08-24 12:19:38.309 PM","1.556"
"777","2025-08-24 12:19:38.310 PM","1.556"
"778","2025-08-24 12:19:38.311 PM","1.556"
"779","2025-08-24 12:19:38.312 PM","1.556"
"780","2025-08-24 12:19:38.313 PM","1.556"
"781","2025-08-24 12:19:38.314 PM","1.556"
"782","2025-08-24 12:19:38.315 PM","1.560"
"783","2025-08-24 12:19:38.316 PM","1.385"
"784","2025-08-24 12:19:38.317 PM","1.385"
"785","2025-08-24 12:19:38.318 PM","1.385"
"786","2025-08-24 12:19:38.319 PM","1.385"
"787","2025-08-24 12:19:38.320 PM","1.385"
"788","2025-08-24 12:19:38.321 PM","1.385"
"789","2025-08-24 12:19:38.322 PM","1.380"
"790","2025-08-24 12:19:38.323 PM","1.380"
"791","2025-08-24 12:19:38.324 PM","1.389"
"792","2025-08-24 12:19:38.325 PM","1.389"
"793","2025-08-24 12:19:38.326 PM","1.394"
"794","2025-08-24 12:19:38.327 PM","1.394"
"795","2025-08-24 12:19:38.328 PM","1.385"
"796","2025-08-24 12:19:38.329 PM","1.385"
"797","2025-08-24 12:19:38.330 PM","1.385"
"798","2025-08-24 12:19:38.331 PM","1.385"
"799","2025-08-24 12:19:38.332 PM","1.385"
"800","2025-08-24 12:19:38.333 PM","1.658"
"801","2025-08-24 12:19:38.334 PM","1.658"
"802","2025-08-24 12:19:38.335 PM","1.653"
"803","2025-08-24 12:19:38.336 PM","1.658"
"804","2025-08-24 12:19:38.337 PM","1.653"
"805","2025-08-24 12:19:38.338 PM","1.658"
"806","2025-08-24 12:19:38.339 PM","1.653"
"807","2025-08-24 12:19:38.340 PM","1.653"
"808","2025-08-24 12:19:38.341 PM","1.653"
"809","2025-08-24 12:19:38.342 PM","1.653"
"810","2025-08-24 12:19:38.343 PM","1.653"
"811","2025-08-24 12:19:38.344 PM","1.653"
"812","2025-08-24 12:19:38.345 PM","1.653"
"813","2025-08-24 12:19:38.346 PM","1.653"
"814","2025-08-24 12:19:38.347 PM","1.653"
"815","2025-08-24 12:19:38.348 PM","1.658"
"816","2025-08-24 12:19:38.349 PM","1.385"
"817","2025-08-24 12:19:38.350 PM","1.385"
"818","2025-08-24 12:19:38.351 PM","1.385"
"819","2025-08-24 12:19:38.352 PM","1.385"
"820","2025-08-24 12:19:38.353 PM","1.385"
"821","2025-08-24 12:19:38.354 PM","1.385"
"822","2025-08-24 12:19:38.355 PM","1.375"
"823","2025-08-24 12:19:38.356 PM","1.389"
"824","2025-08-24 12:19:38.357 PM","1.389"
"825","2025-08-24 12:19:38.358 PM","1.394"
"826","2025-08-24 12:19:38.359 PM","1.394"
"827","2025-08-24 12:19:38.360 PM","1.385"
"828","2025-08-24 12:19:38.361 PM","1.385"
"829","2025-08-24 12:19:38.362 PM","1.385"
"830","2025-08-24 12:19:38.363 PM","1.385"
"831","2025-08-24 12:19:38.364 PM","1.385"
"832","2025-08-24 12:19:38.365 PM","1.385"
"833","2025-08-24 12:19:38.366 PM","1.560"
"834","2025-08-24 12:19:38.367 PM","1.560"
"835","2025-08-24 12:19:38.368 PM","1.556"
"836","2025-08-24 12:19:38.369 PM","1.560"
"837","2025-08-24 12:19:38.370 PM","1.560"
"838","2025-08-24 12:19:38.371 PM","1.556"
"839","2025-08-24 12:19:38.372 PM","1.556"
"840","2025-08-24 12:19:38.373 PM","1.560"
"841","2025-08-24 12:19:38.374 PM","1.556"
"842","2025-08-24 12:19:38.375 PM","1.556"
"843","2025-08-24 12:19:38.376 PM","1.556"
"844","2025-08-24 12:19:38.377 PM","1.556"
"845","2025-08-24 12:19:38.378 PM","1.556"
"846","2025-08-24 12:19:38.379 PM","1.556"
"847","2025-08-24 12:19:38.380 PM","1.560"
"848","2025-08-24 12:19:38.381 PM","1.560"
"849","2025-08-24 12:19:38.382 PM","1.560"
"850","2025-08-24 12:19:38.383 PM","1.560"
"851","2025-08-24 12:19:38.384 PM","1.560"
"852","2025-08-24 12:19:38.385 PM","1.560"
"853","2025-08-24 12:19:38.386 PM","1.560"
"854","2025-08-24 12:19:38.387 PM","1.560"
"855","2025-08-24 12:19:38.388 PM","1.565"
"856","2025-08-24 12:19:38.389 PM","1.565"
"857","2025-08-24 12:19:38.390 PM","1.565"
"858","2025-08-24 12:19:38.391 PM","1.565"
"859","2025-08-24 12:19:38.392 PM","1.560"
"860","2025-08-24 12:19:38.393 PM","1.556"
"861","2025-08-24 12:19:38.394 PM","1.560"
"862","2025-08-24 12:19:38.395 PM","1.556"
"863","2025-08-24 12:19:38.396 PM","1.556"
"864","2025-08-24 12:19:38.397 PM","1.560"
"865","2025-08-24 12:19:38.398 PM","1.560"
"866","2025-08-24 12:19:38.399 PM","1.385"
"867","2025-08-24 12:19:38.400 PM","1.389"
"868","2025-08-24 12:19:38.401 PM","1.385"
"869","2025-08-24 12:19:38.402 PM","1.385"
"870","2025-08-24 12:19:38.403 PM","1.389"
"871","2025-08-24 12:19:38.404 PM","1.389"
"872","2025-08-24 12:19:38.405 PM","1.385"
"873","2025-08-24 12:19:38.406 PM","1.380"
"874","2025-08-24 12:19:38.407 PM","1.385"
"875","2025-08-24 12:19:38.408 PM","1.385"
"876","2025-08-24 12:19:38.409 PM","1.380"
"877","2025-08-24 12:19:38.410 PM","1.380"
"878","2025-08-24 12:19:38.411 PM","1.380"
"879","2025-08-24 12:19:38.412 PM","1.380"
"880","2025-08-24 12:19:38.413 PM","1.385"
"881","2025-08-24 12:19:38.414 PM","1.385"
"882","2025-08-24 12:19:38.415 PM","1.653"
"883","2025-08-24 12:19:38.416 PM","1.658"
"884","2025-08-24 12:19:38.417 PM","1.658"
"885","2025-08-24 12:19:38.418 PM","1.658"
"886","2025-08-24 12:19:38.419 PM","1.658"
"887","2025-08-24 12:19:38.420 PM","1.658"
"888","2025-08-24 12:19:38.421 PM","1.663"
"889","2025-08-24 12:19:38.422 PM","1.663"
"890","2025-08-24 12:19:38.423 PM","1.668"
"891","2025-08-24 12:19:38.424 PM","1.678"
"892","2025-08-24 12:19:38.425 PM","1.658"
"893","2025-08-24 12:19:38.426 PM","1.658"
"894","2025-08-24 12:19:38.427 PM","1.658"
"895","2025-08-24 12:19:38.428 PM","1.648"
"896","2025-08-24 12:19:38.429 PM","1.653"
"897","2025-08-24 12:19:38.430 PM","1.653"
"898","2025-08-24 12:19:38.431 PM","1.663"
"899","2025-08-24 12:19:38.432 PM","1.404"
"900","2025-08-24 12:19:38.433 PM","1.404"
"901","2025-08-24 12:19:38.434 PM","1.404"
"902","2025-08-24 12:19:38.435 PM","1.404"
"903","2025-08-24 12:19:38.436 PM","1.404"
"904","2025-08-24 12:19:38.437 PM","1.404"
"905","2025-08-24 12:19:38.438 PM","1.404"
"906","2025-08-24 12:19:38.439 PM","1.404"
