"Device: USB-205"
"Serial Number: 22B4008"
"Channel Count: 1"
"Sample Count: 10542"
"Start Time: 2025-08-23 9:59:08.110 PM"
"Scan Rate: 1000"
"Sample","Date/Time","AI0 (V)"
"0","2025-08-23 9:59:08.110 PM","1.668"
"1","2025-08-23 9:59:08.111 PM","1.673"
"2","2025-08-23 9:59:08.112 PM","1.673"
"3","2025-08-23 9:59:08.113 PM","1.482"
"4","2025-08-23 9:59:08.114 PM","1.482"
"5","2025-08-23 9:59:08.115 PM","1.482"
"6","2025-08-23 9:59:08.116 PM","1.482"
"7","2025-08-23 9:59:08.117 PM","1.482"
"8","2025-08-23 9:59:08.118 PM","1.482"
"9","2025-08-23 9:59:08.119 PM","1.477"
"10","2025-08-23 9:59:08.120 PM","1.477"
"11","2025-08-23 9:59:08.121 PM","1.477"
"12","2025-08-23 9:59:08.122 PM","1.477"
"13","2025-08-23 9:59:08.123 PM","1.477"
"14","2025-08-23 9:59:08.124 PM","1.477"
"15","2025-08-23 9:59:08.125 PM","1.477"
"16","2025-08-23 9:59:08.126 PM","1.473"
"17","2025-08-23 9:59:08.127 PM","1.482"
"18","2025-08-23 9:59:08.128 PM","1.482"
"19","2025-08-23 9:59:08.129 PM","1.448"
"20","2025-08-23 9:59:08.130 PM","1.443"
"21","2025-08-23 9:59:08.131 PM","1.443"
"22","2025-08-23 9:59:08.132 PM","1.448"
"23","2025-08-23 9:59:08.133 PM","1.448"
"24","2025-08-23 9:59:08.134 PM","1.448"
"25","2025-08-23 9:59:08.135 PM","1.448"
"26","2025-08-23 9:59:08.136 PM","1.443"
"27","2025-08-23 9:59:08.137 PM","1.443"
"28","2025-08-23 9:59:08.138 PM","1.443"
"29","2025-08-23 9:59:08.139 PM","1.443"
"30","2025-08-23 9:59:08.140 PM","1.443"
"31","2025-08-23 9:59:08.141 PM","1.443"
"32","2025-08-23 9:59:08.142 PM","1.443"
"33","2025-08-23 9:59:08.143 PM","1.443"
"34","2025-08-23 9:59:08.144 PM","1.443"
"35","2025-08-23 9:59:08.145 PM","1.443"
"36","2025-08-23 9:59:08.146 PM","1.653"
"37","2025-08-23 9:59:08.147 PM","1.653"
"38","2025-08-23 9:59:08.148 PM","1.653"
"39","2025-08-23 9:59:08.149 PM","1.658"
"40","2025-08-23 9:59:08.150 PM","1.658"
"41","2025-08-23 9:59:08.151 PM","1.658"
"42","2025-08-23 9:59:08.152 PM","1.653"
"43","2025-08-23 9:59:08.153 PM","1.648"
"44","2025-08-23 9:59:08.154 PM","1.648"
"45","2025-08-23 9:59:08.155 PM","1.648"
"46","2025-08-23 9:59:08.156 PM","1.648"
"47","2025-08-23 9:59:08.157 PM","1.648"
"48","2025-08-23 9:59:08.158 PM","1.643"
"49","2025-08-23 9:59:08.159 PM","1.648"
"50","2025-08-23 9:59:08.160 PM","1.653"
"51","2025-08-23 9:59:08.161 PM","1.653"
"52","2025-08-23 9:59:08.162 PM","1.653"
"53","2025-08-23 9:59:08.163 PM","1.653"
"54","2025-08-23 9:59:08.164 PM","1.653"
"55","2025-08-23 9:59:08.165 PM","1.653"
"56","2025-08-23 9:59:08.166 PM","1.653"
"57","2025-08-23 9:59:08.167 PM","1.658"
"58","2025-08-23 9:59:08.168 PM","1.658"
"59","2025-08-23 9:59:08.169 PM","1.653"
"60","2025-08-23 9:59:08.170 PM","1.653"
"61","2025-08-23 9:59:08.171 PM","1.653"
"62","2025-08-23 9:59:08.172 PM","1.653"
"63","2025-08-23 9:59:08.173 PM","1.653"
"64","2025-08-23 9:59:08.174 PM","1.653"
"65","2025-08-23 9:59:08.175 PM","1.653"
"66","2025-08-23 9:59:08.176 PM","1.653"
"67","2025-08-23 9:59:08.177 PM","1.653"
"68","2025-08-23 9:59:08.178 PM","1.653"
"69","2025-08-23 9:59:08.179 PM","1.443"
"70","2025-08-23 9:59:08.180 PM","1.448"
"71","2025-08-23 9:59:08.181 PM","1.448"
"72","2025-08-23 9:59:08.182 PM","1.443"
"73","2025-08-23 9:59:08.183 PM","1.443"
"74","2025-08-23 9:59:08.184 PM","1.448"
"75","2025-08-23 9:59:08.185 PM","1.443"
"76","2025-08-23 9:59:08.186 PM","1.438"
"77","2025-08-23 9:59:08.187 PM","1.438"
"78","2025-08-23 9:59:08.188 PM","1.438"
"79","2025-08-23 9:59:08.189 PM","1.438"
"80","2025-08-23 9:59:08.190 PM","1.438"
"81","2025-08-23 9:59:08.191 PM","1.438"
"82","2025-08-23 9:59:08.192 PM","1.448"
"83","2025-08-23 9:59:08.193 PM","1.443"
"84","2025-08-23 9:59:08.194 PM","1.448"
"85","2025-08-23 9:59:08.195 PM","1.482"
"86","2025-08-23 9:59:08.196 PM","1.482"
"87","2025-08-23 9:59:08.197 PM","1.482"
"88","2025-08-23 9:59:08.198 PM","1.482"
"89","2025-08-23 9:59:08.199 PM","1.482"
"90","2025-08-23 9:59:08.200 PM","1.482"
"91","2025-08-23 9:59:08.201 PM","1.482"
"92","2025-08-23 9:59:08.202 PM","1.482"
"93","2025-08-23 9:59:08.203 PM","1.477"
"94","2025-08-23 9:59:08.204 PM","1.477"
"95","2025-08-23 9:59:08.205 PM","1.477"
"96","2025-08-23 9:59:08.206 PM","1.477"
"97","2025-08-23 9:59:08.207 PM","1.477"
"98","2025-08-23 9:59:08.208 PM","1.477"
"99","2025-08-23 9:59:08.209 PM","1.482"
"100","2025-08-23 9:59:08.210 PM","1.482"
"101","2025-08-23 9:59:08.211 PM","1.482"
"102","2025-08-23 9:59:08.212 PM","1.673"
"103","2025-08-23 9:59:08.213 PM","1.673"
"104","2025-08-23 9:59:08.214 PM","1.673"
"105","2025-08-23 9:59:08.215 PM","1.678"
"106","2025-08-23 9:59:08.216 PM","1.673"
"107","2025-08-23 9:59:08.217 PM","1.673"
"108","2025-08-23 9:59:08.218 PM","1.673"
"109","2025-08-23 9:59:08.219 PM","1.668"
"110","2025-08-23 9:59:08.220 PM","1.668"
"111","2025-08-23 9:59:08.221 PM","1.668"
"112","2025-08-23 9:59:08.222 PM","1.668"
"113","2025-08-23 9:59:08.223 PM","1.663"
"114","2025-08-23 9:59:08.224 PM","1.678"
"115","2025-08-23 9:59:08.225 PM","1.678"
"116","2025-08-23 9:59:08.226 PM","1.673"
"117","2025-08-23 9:59:08.227 PM","1.673"
"118","2025-08-23 9:59:08.228 PM","1.673"
"119","2025-08-23 9:59:08.229 PM","1.614"
"120","2025-08-23 9:59:08.230 PM","1.614"
"121","2025-08-23 9:59:08.231 PM","1.614"
"122","2025-08-23 9:59:08.232 PM","1.614"
"123","2025-08-23 9:59:08.233 PM","1.614"
"124","2025-08-23 9:59:08.234 PM","1.614"
"125","2025-08-23 9:59:08.235 PM","1.614"
"126","2025-08-23 9:59:08.236 PM","1.614"
"127","2025-08-23 9:59:08.237 PM","1.614"
"128","2025-08-23 9:59:08.238 PM","1.614"
"129","2025-08-23 9:59:08.239 PM","1.614"
"130","2025-08-23 9:59:08.240 PM","1.614"
"131","2025-08-23 9:59:08.241 PM","1.614"
"132","2025-08-23 9:59:08.242 PM","1.609"
"133","2025-08-23 9:59:08.243 PM","1.614"
"134","2025-08-23 9:59:08.244 PM","1.614"
"135","2025-08-23 9:59:08.245 PM","1.424"
"136","2025-08-23 9:59:08.246 PM","1.429"
"137","2025-08-23 9:59:08.247 PM","1.429"
"138","2025-08-23 9:59:08.248 PM","1.429"
"139","2025-08-23 9:59:08.249 PM","1.429"
"140","2025-08-23 9:59:08.250 PM","1.424"
"141","2025-08-23 9:59:08.251 PM","1.424"
"142","2025-08-23 9:59:08.252 PM","1.419"
"143","2025-08-23 9:59:08.253 PM","1.419"
"144","2025-08-23 9:59:08.254 PM","1.419"
"145","2025-08-23 9:59:08.255 PM","1.419"
"146","2025-08-23 9:59:08.256 PM","1.429"
"147","2025-08-23 9:59:08.257 PM","1.429"
"148","2025-08-23 9:59:08.258 PM","1.433"
"149","2025-08-23 9:59:08.259 PM","1.424"
"150","2025-08-23 9:59:08.260 PM","1.429"
"151","2025-08-23 9:59:08.261 PM","1.429"
"152","2025-08-23 9:59:08.262 PM","1.526"
"153","2025-08-23 9:59:08.263 PM","1.521"
"154","2025-08-23 9:59:08.264 PM","1.521"
"155","2025-08-23 9:59:08.265 PM","1.526"
"156","2025-08-23 9:59:08.266 PM","1.521"
"157","2025-08-23 9:59:08.267 PM","1.521"
"158","2025-08-23 9:59:08.268 PM","1.521"
"159","2025-08-23 9:59:08.269 PM","1.521"
"160","2025-08-23 9:59:08.270 PM","1.521"
"161","2025-08-23 9:59:08.271 PM","1.521"
"162","2025-08-23 9:59:08.272 PM","1.521"
"163","2025-08-23 9:59:08.273 PM","1.512"
"164","2025-08-23 9:59:08.274 PM","1.521"
"165","2025-08-23 9:59:08.275 PM","1.512"
"166","2025-08-23 9:59:08.276 PM","1.521"
"167","2025-08-23 9:59:08.277 PM","1.521"
"168","2025-08-23 9:59:08.278 PM","1.692"
"169","2025-08-23 9:59:08.279 PM","1.692"
"170","2025-08-23 9:59:08.280 PM","1.692"
"171","2025-08-23 9:59:08.281 PM","1.692"
"172","2025-08-23 9:59:08.282 PM","1.692"
"173","2025-08-23 9:59:08.283 PM","1.692"
"174","2025-08-23 9:59:08.284 PM","1.687"
"175","2025-08-23 9:59:08.285 PM","1.687"
"176","2025-08-23 9:59:08.286 PM","1.687"
"177","2025-08-23 9:59:08.287 PM","1.683"
"178","2025-08-23 9:59:08.288 PM","1.683"
"179","2025-08-23 9:59:08.289 PM","1.692"
"180","2025-08-23 9:59:08.290 PM","1.697"
"181","2025-08-23 9:59:08.291 PM","1.697"
"182","2025-08-23 9:59:08.292 PM","1.692"
"183","2025-08-23 9:59:08.293 PM","1.692"
"184","2025-08-23 9:59:08.294 PM","1.692"
"185","2025-08-23 9:59:08.295 PM","1.575"
"186","2025-08-23 9:59:08.296 PM","1.580"
"187","2025-08-23 9:59:08.297 PM","1.580"
"188","2025-08-23 9:59:08.298 PM","1.580"
"189","2025-08-23 9:59:08.299 PM","1.575"
"190","2025-08-23 9:59:08.300 PM","1.575"
"191","2025-08-23 9:59:08.301 PM","1.575"
"192","2025-08-23 9:59:08.302 PM","1.575"
"193","2025-08-23 9:59:08.303 PM","1.575"
"194","2025-08-23 9:59:08.304 PM","1.575"
"195","2025-08-23 9:59:08.305 PM","1.575"
"196","2025-08-23 9:59:08.306 PM","1.575"
"197","2025-08-23 9:59:08.307 PM","1.570"
"198","2025-08-23 9:59:08.308 PM","1.570"
"199","2025-08-23 9:59:08.309 PM","1.580"
"200","2025-08-23 9:59:08.310 PM","1.575"
"201","2025-08-23 9:59:08.311 PM","1.429"
"202","2025-08-23 9:59:08.312 PM","1.424"
"203","2025-08-23 9:59:08.313 PM","1.429"
"204","2025-08-23 9:59:08.314 PM","1.429"
"205","2025-08-23 9:59:08.315 PM","1.429"
"206","2025-08-23 9:59:08.316 PM","1.429"
"207","2025-08-23 9:59:08.317 PM","1.424"
"208","2025-08-23 9:59:08.318 PM","1.419"
"209","2025-08-23 9:59:08.319 PM","1.419"
"210","2025-08-23 9:59:08.320 PM","1.419"
"211","2025-08-23 9:59:08.321 PM","1.429"
"212","2025-08-23 9:59:08.322 PM","1.429"
"213","2025-08-23 9:59:08.323 PM","1.433"
"214","2025-08-23 9:59:08.324 PM","1.433"
"215","2025-08-23 9:59:08.325 PM","1.424"
"216","2025-08-23 9:59:08.326 PM","1.429"
"217","2025-08-23 9:59:08.327 PM","1.429"
"218","2025-08-23 9:59:08.328 PM","1.580"
"219","2025-08-23 9:59:08.329 PM","1.575"
"220","2025-08-23 9:59:08.330 PM","1.580"
"221","2025-08-23 9:59:08.331 PM","1.575"
"222","2025-08-23 9:59:08.332 PM","1.580"
"223","2025-08-23 9:59:08.333 PM","1.575"
"224","2025-08-23 9:59:08.334 PM","1.575"
"225","2025-08-23 9:59:08.335 PM","1.575"
"226","2025-08-23 9:59:08.336 PM","1.575"
"227","2025-08-23 9:59:08.337 PM","1.575"
"228","2025-08-23 9:59:08.338 PM","1.575"
"229","2025-08-23 9:59:08.339 PM","1.575"
"230","2025-08-23 9:59:08.340 PM","1.575"
"231","2025-08-23 9:59:08.341 PM","1.575"
"232","2025-08-23 9:59:08.342 PM","1.575"
"233","2025-08-23 9:59:08.343 PM","1.575"
"234","2025-08-23 9:59:08.344 PM","1.692"
"235","2025-08-23 9:59:08.345 PM","1.692"
"236","2025-08-23 9:59:08.346 PM","1.692"
"237","2025-08-23 9:59:08.347 PM","1.692"
"238","2025-08-23 9:59:08.348 PM","1.692"
"239","2025-08-23 9:59:08.349 PM","1.692"
"240","2025-08-23 9:59:08.350 PM","1.683"
"241","2025-08-23 9:59:08.351 PM","1.687"
"242","2025-08-23 9:59:08.352 PM","1.683"
"243","2025-08-23 9:59:08.353 PM","1.692"
"244","2025-08-23 9:59:08.354 PM","1.697"
"245","2025-08-23 9:59:08.355 PM","1.697"
"246","2025-08-23 9:59:08.356 PM","1.697"
"247","2025-08-23 9:59:08.357 PM","1.697"
"248","2025-08-23 9:59:08.358 PM","1.692"
"249","2025-08-23 9:59:08.359 PM","1.692"
"250","2025-08-23 9:59:08.360 PM","1.692"
"251","2025-08-23 9:59:08.361 PM","1.521"
"252","2025-08-23 9:59:08.362 PM","1.521"
"253","2025-08-23 9:59:08.363 PM","1.521"
"254","2025-08-23 9:59:08.364 PM","1.521"
"255","2025-08-23 9:59:08.365 PM","1.526"
"256","2025-08-23 9:59:08.366 PM","1.521"
"257","2025-08-23 9:59:08.367 PM","1.521"
"258","2025-08-23 9:59:08.368 PM","1.526"
"259","2025-08-23 9:59:08.369 PM","1.521"
"260","2025-08-23 9:59:08.370 PM","1.521"
"261","2025-08-23 9:59:08.371 PM","1.521"
"262","2025-08-23 9:59:08.372 PM","1.521"
"263","2025-08-23 9:59:08.373 PM","1.521"
"264","2025-08-23 9:59:08.374 PM","1.521"
"265","2025-08-23 9:59:08.375 PM","1.521"
"266","2025-08-23 9:59:08.376 PM","1.521"
"267","2025-08-23 9:59:08.377 PM","1.429"
"268","2025-08-23 9:59:08.378 PM","1.424"
"269","2025-08-23 9:59:08.379 PM","1.429"
"270","2025-08-23 9:59:08.380 PM","1.429"
"271","2025-08-23 9:59:08.381 PM","1.424"
"272","2025-08-23 9:59:08.382 PM","1.429"
"273","2025-08-23 9:59:08.383 PM","1.424"
"274","2025-08-23 9:59:08.384 PM","1.419"
"275","2025-08-23 9:59:08.385 PM","1.424"
"276","2025-08-23 9:59:08.386 PM","1.429"
"277","2025-08-23 9:59:08.387 PM","1.433"
"278","2025-08-23 9:59:08.388 PM","1.433"
"279","2025-08-23 9:59:08.389 PM","1.433"
"280","2025-08-23 9:59:08.390 PM","1.424"
"281","2025-08-23 9:59:08.391 PM","1.424"
"282","2025-08-23 9:59:08.392 PM","1.429"
"283","2025-08-23 9:59:08.393 PM","1.429"
"284","2025-08-23 9:59:08.394 PM","1.639"
"285","2025-08-23 9:59:08.395 PM","1.639"
"286","2025-08-23 9:59:08.396 PM","1.634"
"287","2025-08-23 9:59:08.397 PM","1.639"
"288","2025-08-23 9:59:08.398 PM","1.639"
"289","2025-08-23 9:59:08.399 PM","1.639"
"290","2025-08-23 9:59:08.400 PM","1.639"
"291","2025-08-23 9:59:08.401 PM","1.634"
"292","2025-08-23 9:59:08.402 PM","1.634"
"293","2025-08-23 9:59:08.403 PM","1.634"
"294","2025-08-23 9:59:08.404 PM","1.634"
"295","2025-08-23 9:59:08.405 PM","1.634"
"296","2025-08-23 9:59:08.406 PM","1.634"
"297","2025-08-23 9:59:08.407 PM","1.634"
"298","2025-08-23 9:59:08.408 PM","1.639"
"299","2025-08-23 9:59:08.409 PM","1.639"
"300","2025-08-23 9:59:08.410 PM","1.658"
"301","2025-08-23 9:59:08.411 PM","1.658"
"302","2025-08-23 9:59:08.412 PM","1.653"
"303","2025-08-23 9:59:08.413 PM","1.658"
"304","2025-08-23 9:59:08.414 PM","1.658"
"305","2025-08-23 9:59:08.415 PM","1.658"
"306","2025-08-23 9:59:08.416 PM","1.653"
"307","2025-08-23 9:59:08.417 PM","1.648"
"308","2025-08-23 9:59:08.418 PM","1.658"
"309","2025-08-23 9:59:08.419 PM","1.658"
"310","2025-08-23 9:59:08.420 PM","1.663"
"311","2025-08-23 9:59:08.421 PM","1.663"
"312","2025-08-23 9:59:08.422 PM","1.658"
"313","2025-08-23 9:59:08.423 PM","1.658"
"314","2025-08-23 9:59:08.424 PM","1.653"
"315","2025-08-23 9:59:08.425 PM","1.658"
"316","2025-08-23 9:59:08.426 PM","1.658"
"317","2025-08-23 9:59:08.427 PM","1.463"
"318","2025-08-23 9:59:08.428 PM","1.463"
"319","2025-08-23 9:59:08.429 PM","1.463"
"320","2025-08-23 9:59:08.430 PM","1.463"
"321","2025-08-23 9:59:08.431 PM","1.463"
"322","2025-08-23 9:59:08.432 PM","1.463"
"323","2025-08-23 9:59:08.433 PM","1.463"
"324","2025-08-23 9:59:08.434 PM","1.463"
"325","2025-08-23 9:59:08.435 PM","1.463"
"326","2025-08-23 9:59:08.436 PM","1.463"
"327","2025-08-23 9:59:08.437 PM","1.463"
"328","2025-08-23 9:59:08.438 PM","1.458"
"329","2025-08-23 9:59:08.439 PM","1.463"
"330","2025-08-23 9:59:08.440 PM","1.463"
"331","2025-08-23 9:59:08.441 PM","1.463"
"332","2025-08-23 9:59:08.442 PM","1.463"
"333","2025-08-23 9:59:08.443 PM","1.463"
"334","2025-08-23 9:59:08.444 PM","1.463"
"335","2025-08-23 9:59:08.445 PM","1.463"
"336","2025-08-23 9:59:08.446 PM","1.463"
"337","2025-08-23 9:59:08.447 PM","1.463"
"338","2025-08-23 9:59:08.448 PM","1.463"
"339","2025-08-23 9:59:08.449 PM","1.458"
"340","2025-08-23 9:59:08.450 PM","1.463"
"341","2025-08-23 9:59:08.451 PM","1.468"
"342","2025-08-23 9:59:08.452 PM","1.468"
"343","2025-08-23 9:59:08.453 PM","1.473"
"344","2025-08-23 9:59:08.454 PM","1.473"
"345","2025-08-23 9:59:08.455 PM","1.463"
"346","2025-08-23 9:59:08.456 PM","1.463"
"347","2025-08-23 9:59:08.457 PM","1.458"
"348","2025-08-23 9:59:08.458 PM","1.463"
"349","2025-08-23 9:59:08.459 PM","1.463"
"350","2025-08-23 9:59:08.460 PM","1.658"
"351","2025-08-23 9:59:08.461 PM","1.658"
"352","2025-08-23 9:59:08.462 PM","1.653"
"353","2025-08-23 9:59:08.463 PM","1.658"
"354","2025-08-23 9:59:08.464 PM","1.658"
"355","2025-08-23 9:59:08.465 PM","1.658"
"356","2025-08-23 9:59:08.466 PM","1.653"
"357","2025-08-23 9:59:08.467 PM","1.653"
"358","2025-08-23 9:59:08.468 PM","1.653"
"359","2025-08-23 9:59:08.469 PM","1.653"
"360","2025-08-23 9:59:08.470 PM","1.653"
"361","2025-08-23 9:59:08.471 PM","1.653"
"362","2025-08-23 9:59:08.472 PM","1.653"
"363","2025-08-23 9:59:08.473 PM","1.658"
"364","2025-08-23 9:59:08.474 PM","1.653"
"365","2025-08-23 9:59:08.475 PM","1.658"
"366","2025-08-23 9:59:08.476 PM","1.658"
"367","2025-08-23 9:59:08.477 PM","1.653"
"368","2025-08-23 9:59:08.478 PM","1.658"
"369","2025-08-23 9:59:08.479 PM","1.653"
"370","2025-08-23 9:59:08.480 PM","1.653"
"371","2025-08-23 9:59:08.481 PM","1.658"
"372","2025-08-23 9:59:08.482 PM","1.648"
"373","2025-08-23 9:59:08.483 PM","1.658"
"374","2025-08-23 9:59:08.484 PM","1.658"
"375","2025-08-23 9:59:08.485 PM","1.658"
"376","2025-08-23 9:59:08.486 PM","1.663"
"377","2025-08-23 9:59:08.487 PM","1.653"
"378","2025-08-23 9:59:08.488 PM","1.653"
"379","2025-08-23 9:59:08.489 PM","1.653"
"380","2025-08-23 9:59:08.490 PM","1.653"
"381","2025-08-23 9:59:08.491 PM","1.653"
"382","2025-08-23 9:59:08.492 PM","1.653"
"383","2025-08-23 9:59:08.493 PM","1.429"
"384","2025-08-23 9:59:08.494 PM","1.429"
"385","2025-08-23 9:59:08.495 PM","1.424"
"386","2025-08-23 9:59:08.496 PM","1.429"
"387","2025-08-23 9:59:08.497 PM","1.429"
"388","2025-08-23 9:59:08.498 PM","1.429"
"389","2025-08-23 9:59:08.499 PM","1.424"
"390","2025-08-23 9:59:08.500 PM","1.424"
"391","2025-08-23 9:59:08.501 PM","1.424"
"392","2025-08-23 9:59:08.502 PM","1.424"
"393","2025-08-23 9:59:08.503 PM","1.424"
"394","2025-08-23 9:59:08.504 PM","1.424"
"395","2025-08-23 9:59:08.505 PM","1.424"
"396","2025-08-23 9:59:08.506 PM","1.424"
"397","2025-08-23 9:59:08.507 PM","1.424"
"398","2025-08-23 9:59:08.508 PM","1.424"
"399","2025-08-23 9:59:08.509 PM","1.497"
"400","2025-08-23 9:59:08.510 PM","1.502"
"401","2025-08-23 9:59:08.511 PM","1.497"
"402","2025-08-23 9:59:08.512 PM","1.502"
"403","2025-08-23 9:59:08.513 PM","1.497"
"404","2025-08-23 9:59:08.514 PM","1.497"
"405","2025-08-23 9:59:08.515 PM","1.502"
"406","2025-08-23 9:59:08.516 PM","1.502"
"407","2025-08-23 9:59:08.517 PM","1.507"
"408","2025-08-23 9:59:08.518 PM","1.507"
"409","2025-08-23 9:59:08.519 PM","1.497"
"410","2025-08-23 9:59:08.520 PM","1.497"
"411","2025-08-23 9:59:08.521 PM","1.497"
"412","2025-08-23 9:59:08.522 PM","1.497"
"413","2025-08-23 9:59:08.523 PM","1.497"
"414","2025-08-23 9:59:08.524 PM","1.502"
"415","2025-08-23 9:59:08.525 PM","1.497"
"416","2025-08-23 9:59:08.526 PM","1.692"
"417","2025-08-23 9:59:08.527 PM","1.692"
"418","2025-08-23 9:59:08.528 PM","1.692"
"419","2025-08-23 9:59:08.529 PM","1.697"
"420","2025-08-23 9:59:08.530 PM","1.692"
"421","2025-08-23 9:59:08.531 PM","1.692"
"422","2025-08-23 9:59:08.532 PM","1.692"
"423","2025-08-23 9:59:08.533 PM","1.692"
"424","2025-08-23 9:59:08.534 PM","1.692"
"425","2025-08-23 9:59:08.535 PM","1.687"
"426","2025-08-23 9:59:08.536 PM","1.687"
"427","2025-08-23 9:59:08.537 PM","1.687"
"428","2025-08-23 9:59:08.538 PM","1.687"
"429","2025-08-23 9:59:08.539 PM","1.687"
"430","2025-08-23 9:59:08.540 PM","1.687"
"431","2025-08-23 9:59:08.541 PM","1.687"
"432","2025-08-23 9:59:08.542 PM","1.595"
"433","2025-08-23 9:59:08.543 PM","1.595"
"434","2025-08-23 9:59:08.544 PM","1.595"
"435","2025-08-23 9:59:08.545 PM","1.595"
"436","2025-08-23 9:59:08.546 PM","1.595"
"437","2025-08-23 9:59:08.547 PM","1.595"
"438","2025-08-23 9:59:08.548 PM","1.600"
"439","2025-08-23 9:59:08.549 PM","1.600"
"440","2025-08-23 9:59:08.550 PM","1.600"
"441","2025-08-23 9:59:08.551 PM","1.604"
"442","2025-08-23 9:59:08.552 PM","1.595"
"443","2025-08-23 9:59:08.553 PM","1.595"
"444","2025-08-23 9:59:08.554 PM","1.595"
"445","2025-08-23 9:59:08.555 PM","1.595"
"446","2025-08-23 9:59:08.556 PM","1.595"
"447","2025-08-23 9:59:08.557 PM","1.595"
"448","2025-08-23 9:59:08.558 PM","1.595"
"449","2025-08-23 9:59:08.559 PM","1.424"
"450","2025-08-23 9:59:08.560 PM","1.429"
"451","2025-08-23 9:59:08.561 PM","1.429"
"452","2025-08-23 9:59:08.562 PM","1.429"
"453","2025-08-23 9:59:08.563 PM","1.429"
"454","2025-08-23 9:59:08.564 PM","1.429"
"455","2025-08-23 9:59:08.565 PM","1.424"
"456","2025-08-23 9:59:08.566 PM","1.424"
"457","2025-08-23 9:59:08.567 PM","1.424"
"458","2025-08-23 9:59:08.568 PM","1.424"
"459","2025-08-23 9:59:08.569 PM","1.424"
"460","2025-08-23 9:59:08.570 PM","1.424"
"461","2025-08-23 9:59:08.571 PM","1.419"
"462","2025-08-23 9:59:08.572 PM","1.424"
"463","2025-08-23 9:59:08.573 PM","1.429"
"464","2025-08-23 9:59:08.574 PM","1.429"
"465","2025-08-23 9:59:08.575 PM","1.541"
"466","2025-08-23 9:59:08.576 PM","1.541"
"467","2025-08-23 9:59:08.577 PM","1.541"
"468","2025-08-23 9:59:08.578 PM","1.546"
"469","2025-08-23 9:59:08.579 PM","1.541"
"470","2025-08-23 9:59:08.580 PM","1.541"
"471","2025-08-23 9:59:08.581 PM","1.546"
"472","2025-08-23 9:59:08.582 PM","1.546"
"473","2025-08-23 9:59:08.583 PM","1.551"
"474","2025-08-23 9:59:08.584 PM","1.541"
"475","2025-08-23 9:59:08.585 PM","1.541"
"476","2025-08-23 9:59:08.586 PM","1.536"
"477","2025-08-23 9:59:08.587 PM","1.541"
"478","2025-08-23 9:59:08.588 PM","1.541"
"479","2025-08-23 9:59:08.589 PM","1.541"
"480","2025-08-23 9:59:08.590 PM","1.541"
"481","2025-08-23 9:59:08.591 PM","1.541"
"482","2025-08-23 9:59:08.592 PM","1.692"
"483","2025-08-23 9:59:08.593 PM","1.692"
"484","2025-08-23 9:59:08.594 PM","1.692"
"485","2025-08-23 9:59:08.595 PM","1.692"
"486","2025-08-23 9:59:08.596 PM","1.692"
"487","2025-08-23 9:59:08.597 PM","1.692"
"488","2025-08-23 9:59:08.598 PM","1.692"
"489","2025-08-23 9:59:08.599 PM","1.692"
"490","2025-08-23 9:59:08.600 PM","1.687"
"491","2025-08-23 9:59:08.601 PM","1.687"
"492","2025-08-23 9:59:08.602 PM","1.687"
"493","2025-08-23 9:59:08.603 PM","1.687"
"494","2025-08-23 9:59:08.604 PM","1.687"
"495","2025-08-23 9:59:08.605 PM","1.687"
"496","2025-08-23 9:59:08.606 PM","1.692"
"497","2025-08-23 9:59:08.607 PM","1.692"
"498","2025-08-23 9:59:08.608 PM","1.541"
"499","2025-08-23 9:59:08.609 PM","1.541"
"500","2025-08-23 9:59:08.610 PM","1.541"
"501","2025-08-23 9:59:08.611 PM","1.541"
"502","2025-08-23 9:59:08.612 PM","1.541"
"503","2025-08-23 9:59:08.613 PM","1.541"
"504","2025-08-23 9:59:08.614 PM","1.546"
"505","2025-08-23 9:59:08.615 PM","1.546"
"506","2025-08-23 9:59:08.616 PM","1.541"
"507","2025-08-23 9:59:08.617 PM","1.541"
"508","2025-08-23 9:59:08.618 PM","1.541"
"509","2025-08-23 9:59:08.619 PM","1.541"
"510","2025-08-23 9:59:08.620 PM","1.541"
"511","2025-08-23 9:59:08.621 PM","1.536"
"512","2025-08-23 9:59:08.622 PM","1.541"
"513","2025-08-23 9:59:08.623 PM","1.541"
"514","2025-08-23 9:59:08.624 PM","1.541"
"515","2025-08-23 9:59:08.625 PM","1.429"
"516","2025-08-23 9:59:08.626 PM","1.429"
"517","2025-08-23 9:59:08.627 PM","1.424"
"518","2025-08-23 9:59:08.628 PM","1.429"
"519","2025-08-23 9:59:08.629 PM","1.429"
"520","2025-08-23 9:59:08.630 PM","1.429"
"521","2025-08-23 9:59:08.631 PM","1.429"
"522","2025-08-23 9:59:08.632 PM","1.424"
"523","2025-08-23 9:59:08.633 PM","1.424"
"524","2025-08-23 9:59:08.634 PM","1.424"
"525","2025-08-23 9:59:08.635 PM","1.424"
"526","2025-08-23 9:59:08.636 PM","1.424"
"527","2025-08-23 9:59:08.637 PM","1.424"
"528","2025-08-23 9:59:08.638 PM","1.424"
"529","2025-08-23 9:59:08.639 PM","1.424"
"530","2025-08-23 9:59:08.640 PM","1.424"
"531","2025-08-23 9:59:08.641 PM","1.595"
"532","2025-08-23 9:59:08.642 PM","1.595"
"533","2025-08-23 9:59:08.643 PM","1.595"
"534","2025-08-23 9:59:08.644 PM","1.600"
"535","2025-08-23 9:59:08.645 PM","1.595"
"536","2025-08-23 9:59:08.646 PM","1.595"
"537","2025-08-23 9:59:08.647 PM","1.604"
"538","2025-08-23 9:59:08.648 PM","1.604"
"539","2025-08-23 9:59:08.649 PM","1.595"
"540","2025-08-23 9:59:08.650 PM","1.595"
"541","2025-08-23 9:59:08.651 PM","1.595"
"542","2025-08-23 9:59:08.652 PM","1.595"
"543","2025-08-23 9:59:08.653 PM","1.595"
"544","2025-08-23 9:59:08.654 PM","1.595"
"545","2025-08-23 9:59:08.655 PM","1.595"
"546","2025-08-23 9:59:08.656 PM","1.595"
"547","2025-08-23 9:59:08.657 PM","1.595"
"548","2025-08-23 9:59:08.658 PM","1.673"
"549","2025-08-23 9:59:08.659 PM","1.673"
"550","2025-08-23 9:59:08.660 PM","1.673"
"551","2025-08-23 9:59:08.661 PM","1.678"
"552","2025-08-23 9:59:08.662 PM","1.673"
"553","2025-08-23 9:59:08.663 PM","1.673"
"554","2025-08-23 9:59:08.664 PM","1.673"
"555","2025-08-23 9:59:08.665 PM","1.673"
"556","2025-08-23 9:59:08.666 PM","1.673"
"557","2025-08-23 9:59:08.667 PM","1.673"
"558","2025-08-23 9:59:08.668 PM","1.673"
"559","2025-08-23 9:59:08.669 PM","1.668"
"560","2025-08-23 9:59:08.670 PM","1.673"
"561","2025-08-23 9:59:08.671 PM","1.668"
"562","2025-08-23 9:59:08.672 PM","1.673"
"563","2025-08-23 9:59:08.673 PM","1.673"
"564","2025-08-23 9:59:08.674 PM","1.482"
"565","2025-08-23 9:59:08.675 PM","1.482"
"566","2025-08-23 9:59:08.676 PM","1.482"
"567","2025-08-23 9:59:08.677 PM","1.482"
"568","2025-08-23 9:59:08.678 PM","1.482"
"569","2025-08-23 9:59:08.679 PM","1.482"
"570","2025-08-23 9:59:08.680 PM","1.492"
"571","2025-08-23 9:59:08.681 PM","1.482"
"572","2025-08-23 9:59:08.682 PM","1.482"
"573","2025-08-23 9:59:08.683 PM","1.482"
"574","2025-08-23 9:59:08.684 PM","1.477"
"575","2025-08-23 9:59:08.685 PM","1.477"
"576","2025-08-23 9:59:08.686 PM","1.482"
"577","2025-08-23 9:59:08.687 PM","1.482"
"578","2025-08-23 9:59:08.688 PM","1.482"
"579","2025-08-23 9:59:08.689 PM","1.482"
"580","2025-08-23 9:59:08.690 PM","1.482"
"581","2025-08-23 9:59:08.691 PM","1.443"
"582","2025-08-23 9:59:08.692 PM","1.448"
"583","2025-08-23 9:59:08.693 PM","1.448"
"584","2025-08-23 9:59:08.694 PM","1.448"
"585","2025-08-23 9:59:08.695 PM","1.448"
"586","2025-08-23 9:59:08.696 PM","1.443"
"587","2025-08-23 9:59:08.697 PM","1.443"
"588","2025-08-23 9:59:08.698 PM","1.443"
"589","2025-08-23 9:59:08.699 PM","1.443"
"590","2025-08-23 9:59:08.700 PM","1.443"
"591","2025-08-23 9:59:08.701 PM","1.443"
"592","2025-08-23 9:59:08.702 PM","1.443"
"593","2025-08-23 9:59:08.703 PM","1.438"
"594","2025-08-23 9:59:08.704 PM","1.438"
"595","2025-08-23 9:59:08.705 PM","1.443"
"596","2025-08-23 9:59:08.706 PM","1.443"
"597","2025-08-23 9:59:08.707 PM","1.653"
"598","2025-08-23 9:59:08.708 PM","1.653"
"599","2025-08-23 9:59:08.709 PM","1.658"
"600","2025-08-23 9:59:08.710 PM","1.653"
"601","2025-08-23 9:59:08.711 PM","1.653"
"602","2025-08-23 9:59:08.712 PM","1.653"
"603","2025-08-23 9:59:08.713 PM","1.653"
"604","2025-08-23 9:59:08.714 PM","1.658"
"605","2025-08-23 9:59:08.715 PM","1.653"
"606","2025-08-23 9:59:08.716 PM","1.653"
"607","2025-08-23 9:59:08.717 PM","1.653"
"608","2025-08-23 9:59:08.718 PM","1.653"
"609","2025-08-23 9:59:08.719 PM","1.653"
"610","2025-08-23 9:59:08.720 PM","1.653"
"611","2025-08-23 9:59:08.721 PM","1.653"
"612","2025-08-23 9:59:08.722 PM","1.653"
"613","2025-08-23 9:59:08.723 PM","1.653"
"614","2025-08-23 9:59:08.724 PM","1.658"
"615","2025-08-23 9:59:08.725 PM","1.658"
"616","2025-08-23 9:59:08.726 PM","1.658"
"617","2025-08-23 9:59:08.727 PM","1.658"
"618","2025-08-23 9:59:08.728 PM","1.658"
"619","2025-08-23 9:59:08.729 PM","1.658"
"620","2025-08-23 9:59:08.730 PM","1.653"
"621","2025-08-23 9:59:08.731 PM","1.653"
"622","2025-08-23 9:59:08.732 PM","1.653"
"623","2025-08-23 9:59:08.733 PM","1.653"
"624","2025-08-23 9:59:08.734 PM","1.653"
"625","2025-08-23 9:59:08.735 PM","1.653"
"626","2025-08-23 9:59:08.736 PM","1.653"
"627","2025-08-23 9:59:08.737 PM","1.648"
"628","2025-08-23 9:59:08.738 PM","1.653"
"629","2025-08-23 9:59:08.739 PM","1.658"
"630","2025-08-23 9:59:08.740 PM","1.448"
"631","2025-08-23 9:59:08.741 PM","1.448"
"632","2025-08-23 9:59:08.742 PM","1.443"
"633","2025-08-23 9:59:08.743 PM","1.448"
"634","2025-08-23 9:59:08.744 PM","1.448"
"635","2025-08-23 9:59:08.745 PM","1.448"
"636","2025-08-23 9:59:08.746 PM","1.448"
"637","2025-08-23 9:59:08.747 PM","1.448"
"638","2025-08-23 9:59:08.748 PM","1.443"
"639","2025-08-23 9:59:08.749 PM","1.443"
"640","2025-08-23 9:59:08.750 PM","1.443"
"641","2025-08-23 9:59:08.751 PM","1.443"
"642","2025-08-23 9:59:08.752 PM","1.443"
"643","2025-08-23 9:59:08.753 PM","1.443"
"644","2025-08-23 9:59:08.754 PM","1.443"
"645","2025-08-23 9:59:08.755 PM","1.443"
"646","2025-08-23 9:59:08.756 PM","1.443"
"647","2025-08-23 9:59:08.757 PM","1.482"
"648","2025-08-23 9:59:08.758 PM","1.482"
"649","2025-08-23 9:59:08.759 PM","1.487"
"650","2025-08-23 9:59:08.760 PM","1.482"
"651","2025-08-23 9:59:08.761 PM","1.482"
"652","2025-08-23 9:59:08.762 PM","1.482"
"653","2025-08-23 9:59:08.763 PM","1.482"
"654","2025-08-23 9:59:08.764 PM","1.482"
"655","2025-08-23 9:59:08.765 PM","1.477"
"656","2025-08-23 9:59:08.766 PM","1.477"
"657","2025-08-23 9:59:08.767 PM","1.477"
"658","2025-08-23 9:59:08.768 PM","1.477"
"659","2025-08-23 9:59:08.769 PM","1.477"
"660","2025-08-23 9:59:08.770 PM","1.477"
"661","2025-08-23 9:59:08.771 PM","1.482"
"662","2025-08-23 9:59:08.772 PM","1.482"
"663","2025-08-23 9:59:08.773 PM","1.673"
"664","2025-08-23 9:59:08.774 PM","1.673"
"665","2025-08-23 9:59:08.775 PM","1.678"
"666","2025-08-23 9:59:08.776 PM","1.678"
"667","2025-08-23 9:59:08.777 PM","1.678"
"668","2025-08-23 9:59:08.778 PM","1.673"
"669","2025-08-23 9:59:08.779 PM","1.673"
"670","2025-08-23 9:59:08.780 PM","1.673"
"671","2025-08-23 9:59:08.781 PM","1.673"
"672","2025-08-23 9:59:08.782 PM","1.673"
"673","2025-08-23 9:59:08.783 PM","1.673"
"674","2025-08-23 9:59:08.784 PM","1.673"
"675","2025-08-23 9:59:08.785 PM","1.673"
"676","2025-08-23 9:59:08.786 PM","1.673"
"677","2025-08-23 9:59:08.787 PM","1.668"
"678","2025-08-23 9:59:08.788 PM","1.673"
"679","2025-08-23 9:59:08.789 PM","1.673"
"680","2025-08-23 9:59:08.790 PM","1.639"
"681","2025-08-23 9:59:08.791 PM","1.639"
"682","2025-08-23 9:59:08.792 PM","1.639"
"683","2025-08-23 9:59:08.793 PM","1.634"
"684","2025-08-23 9:59:08.794 PM","1.634"
"685","2025-08-23 9:59:08.795 PM","1.639"
"686","2025-08-23 9:59:08.796 PM","1.634"
"687","2025-08-23 9:59:08.797 PM","1.634"
"688","2025-08-23 9:59:08.798 PM","1.634"
"689","2025-08-23 9:59:08.799 PM","1.634"
"690","2025-08-23 9:59:08.800 PM","1.634"
"691","2025-08-23 9:59:08.801 PM","1.629"
"692","2025-08-23 9:59:08.802 PM","1.629"
"693","2025-08-23 9:59:08.803 PM","1.629"
"694","2025-08-23 9:59:08.804 PM","1.634"
"695","2025-08-23 9:59:08.805 PM","1.639"
"696","2025-08-23 9:59:08.806 PM","1.429"
"697","2025-08-23 9:59:08.807 PM","1.429"
"698","2025-08-23 9:59:08.808 PM","1.429"
"699","2025-08-23 9:59:08.809 PM","1.424"
"700","2025-08-23 9:59:08.810 PM","1.429"
"701","2025-08-23 9:59:08.811 PM","1.429"
"702","2025-08-23 9:59:08.812 PM","1.429"
"703","2025-08-23 9:59:08.813 PM","1.424"
"704","2025-08-23 9:59:08.814 PM","1.424"
"705","2025-08-23 9:59:08.815 PM","1.424"
"706","2025-08-23 9:59:08.816 PM","1.429"
"707","2025-08-23 9:59:08.817 PM","1.424"
"708","2025-08-23 9:59:08.818 PM","1.424"
"709","2025-08-23 9:59:08.819 PM","1.424"
"710","2025-08-23 9:59:08.820 PM","1.424"
"711","2025-08-23 9:59:08.821 PM","1.429"
"712","2025-08-23 9:59:08.822 PM","1.429"
"713","2025-08-23 9:59:08.823 PM","1.521"
"714","2025-08-23 9:59:08.824 PM","1.521"
"715","2025-08-23 9:59:08.825 PM","1.521"
"716","2025-08-23 9:59:08.826 PM","1.526"
"717","2025-08-23 9:59:08.827 PM","1.526"
"718","2025-08-23 9:59:08.828 PM","1.526"
"719","2025-08-23 9:59:08.829 PM","1.521"
"720","2025-08-23 9:59:08.830 PM","1.512"
"721","2025-08-23 9:59:08.831 PM","1.512"
"722","2025-08-23 9:59:08.832 PM","1.521"
"723","2025-08-23 9:59:08.833 PM","1.512"
"724","2025-08-23 9:59:08.834 PM","1.512"
"725","2025-08-23 9:59:08.835 PM","1.512"
"726","2025-08-23 9:59:08.836 PM","1.512"
"727","2025-08-23 9:59:08.837 PM","1.521"
"728","2025-08-23 9:59:08.838 PM","1.526"
"729","2025-08-23 9:59:08.839 PM","1.521"
"730","2025-08-23 9:59:08.840 PM","1.692"
"731","2025-08-23 9:59:08.841 PM","1.692"
"732","2025-08-23 9:59:08.842 PM","1.692"
"733","2025-08-23 9:59:08.843 PM","1.692"
"734","2025-08-23 9:59:08.844 PM","1.692"
"735","2025-08-23 9:59:08.845 PM","1.697"
"736","2025-08-23 9:59:08.846 PM","1.692"
"737","2025-08-23 9:59:08.847 PM","1.687"
"738","2025-08-23 9:59:08.848 PM","1.687"
"739","2025-08-23 9:59:08.849 PM","1.692"
"740","2025-08-23 9:59:08.850 PM","1.687"
"741","2025-08-23 9:59:08.851 PM","1.692"
"742","2025-08-23 9:59:08.852 PM","1.687"
"743","2025-08-23 9:59:08.853 PM","1.687"
"744","2025-08-23 9:59:08.854 PM","1.692"
"745","2025-08-23 9:59:08.855 PM","1.692"
"746","2025-08-23 9:59:08.856 PM","1.575"
"747","2025-08-23 9:59:08.857 PM","1.575"
"748","2025-08-23 9:59:08.858 PM","1.580"
"749","2025-08-23 9:59:08.859 PM","1.580"
"750","2025-08-23 9:59:08.860 PM","1.575"
"751","2025-08-23 9:59:08.861 PM","1.575"
"752","2025-08-23 9:59:08.862 PM","1.575"
"753","2025-08-23 9:59:08.863 PM","1.575"
"754","2025-08-23 9:59:08.864 PM","1.575"
"755","2025-08-23 9:59:08.865 PM","1.575"
"756","2025-08-23 9:59:08.866 PM","1.570"
"757","2025-08-23 9:59:08.867 PM","1.570"
"758","2025-08-23 9:59:08.868 PM","1.570"
"759","2025-08-23 9:59:08.869 PM","1.570"
"760","2025-08-23 9:59:08.870 PM","1.575"
"761","2025-08-23 9:59:08.871 PM","1.575"
"762","2025-08-23 9:59:08.872 PM","1.404"
"763","2025-08-23 9:59:08.873 PM","1.404"
"764","2025-08-23 9:59:08.874 PM","1.404"
"765","2025-08-23 9:59:08.875 PM","1.404"
"766","2025-08-23 9:59:08.876 PM","1.404"
"767","2025-08-23 9:59:08.877 PM","1.404"
"768","2025-08-23 9:59:08.878 PM","1.404"
"769","2025-08-23 9:59:08.879 PM","1.404"
"770","2025-08-23 9:59:08.880 PM","1.399"
"771","2025-08-23 9:59:08.881 PM","1.404"
"772","2025-08-23 9:59:08.882 PM","1.404"
"773","2025-08-23 9:59:08.883 PM","1.399"
"774","2025-08-23 9:59:08.884 PM","1.399"
"775","2025-08-23 9:59:08.885 PM","1.404"
"776","2025-08-23 9:59:08.886 PM","1.404"
"777","2025-08-23 9:59:08.887 PM","1.404"
"778","2025-08-23 9:59:08.888 PM","1.404"
"779","2025-08-23 9:59:08.889 PM","1.560"
"780","2025-08-23 9:59:08.890 PM","1.560"
"781","2025-08-23 9:59:08.891 PM","1.560"
"782","2025-08-23 9:59:08.892 PM","1.560"
"783","2025-08-23 9:59:08.893 PM","1.560"
"784","2025-08-23 9:59:08.894 PM","1.560"
"785","2025-08-23 9:59:08.895 PM","1.556"
"786","2025-08-23 9:59:08.896 PM","1.556"
"787","2025-08-23 9:59:08.897 PM","1.556"
"788","2025-08-23 9:59:08.898 PM","1.556"
"789","2025-08-23 9:59:08.899 PM","1.551"
"790","2025-08-23 9:59:08.900 PM","1.551"
"791","2025-08-23 9:59:08.901 PM","1.551"
"792","2025-08-23 9:59:08.902 PM","1.556"
"793","2025-08-23 9:59:08.903 PM","1.560"
"794","2025-08-23 9:59:08.904 PM","1.560"
"795","2025-08-23 9:59:08.905 PM","1.560"
"796","2025-08-23 9:59:08.906 PM","1.673"
"797","2025-08-23 9:59:08.907 PM","1.673"
"798","2025-08-23 9:59:08.908 PM","1.673"
"799","2025-08-23 9:59:08.909 PM","1.673"
"800","2025-08-23 9:59:08.910 PM","1.678"
"801","2025-08-23 9:59:08.911 PM","1.673"
"802","2025-08-23 9:59:08.912 PM","1.673"
"803","2025-08-23 9:59:08.913 PM","1.673"
"804","2025-08-23 9:59:08.914 PM","1.673"
"805","2025-08-23 9:59:08.915 PM","1.673"
"806","2025-08-23 9:59:08.916 PM","1.673"
"807","2025-08-23 9:59:08.917 PM","1.673"
"808","2025-08-23 9:59:08.918 PM","1.673"
"809","2025-08-23 9:59:08.919 PM","1.673"
"810","2025-08-23 9:59:08.920 PM","1.673"
"811","2025-08-23 9:59:08.921 PM","1.673"
"812","2025-08-23 9:59:08.922 PM","1.521"
"813","2025-08-23 9:59:08.923 PM","1.521"
"814","2025-08-23 9:59:08.924 PM","1.521"
"815","2025-08-23 9:59:08.925 PM","1.521"
"816","2025-08-23 9:59:08.926 PM","1.521"
"817","2025-08-23 9:59:08.927 PM","1.521"
"818","2025-08-23 9:59:08.928 PM","1.521"
"819","2025-08-23 9:59:08.929 PM","1.521"
"820","2025-08-23 9:59:08.930 PM","1.521"
"821","2025-08-23 9:59:08.931 PM","1.521"
"822","2025-08-23 9:59:08.932 PM","1.512"
"823","2025-08-23 9:59:08.933 PM","1.512"
"824","2025-08-23 9:59:08.934 PM","1.507"
"825","2025-08-23 9:59:08.935 PM","1.507"
"826","2025-08-23 9:59:08.936 PM","1.521"
"827","2025-08-23 9:59:08.937 PM","1.521"
"828","2025-08-23 9:59:08.938 PM","1.429"
"829","2025-08-23 9:59:08.939 PM","1.429"
"830","2025-08-23 9:59:08.940 PM","1.424"
"831","2025-08-23 9:59:08.941 PM","1.429"
"832","2025-08-23 9:59:08.942 PM","1.429"
"833","2025-08-23 9:59:08.943 PM","1.429"
"834","2025-08-23 9:59:08.944 PM","1.429"
"835","2025-08-23 9:59:08.945 PM","1.424"
"836","2025-08-23 9:59:08.946 PM","1.424"
"837","2025-08-23 9:59:08.947 PM","1.429"
"838","2025-08-23 9:59:08.948 PM","1.429"
"839","2025-08-23 9:59:08.949 PM","1.424"
"840","2025-08-23 9:59:08.950 PM","1.424"
"841","2025-08-23 9:59:08.951 PM","1.424"
"842","2025-08-23 9:59:08.952 PM","1.429"
"843","2025-08-23 9:59:08.953 PM","1.429"
"844","2025-08-23 9:59:08.954 PM","1.429"
"845","2025-08-23 9:59:08.955 PM","1.614"
"846","2025-08-23 9:59:08.956 PM","1.614"
"847","2025-08-23 9:59:08.957 PM","1.614"
"848","2025-08-23 9:59:08.958 PM","1.614"
"849","2025-08-23 9:59:08.959 PM","1.614"
"850","2025-08-23 9:59:08.960 PM","1.614"
"851","2025-08-23 9:59:08.961 PM","1.614"
"852","2025-08-23 9:59:08.962 PM","1.609"
"853","2025-08-23 9:59:08.963 PM","1.609"
"854","2025-08-23 9:59:08.964 PM","1.609"
"855","2025-08-23 9:59:08.965 PM","1.604"
"856","2025-08-23 9:59:08.966 PM","1.604"
"857","2025-08-23 9:59:08.967 PM","1.604"
"858","2025-08-23 9:59:08.968 PM","1.609"
"859","2025-08-23 9:59:08.969 PM","1.614"
"860","2025-08-23 9:59:08.970 PM","1.614"
"861","2025-08-23 9:59:08.971 PM","1.614"
"862","2025-08-23 9:59:08.972 PM","1.673"
"863","2025-08-23 9:59:08.973 PM","1.673"
"864","2025-08-23 9:59:08.974 PM","1.673"
"865","2025-08-23 9:59:08.975 PM","1.678"
"866","2025-08-23 9:59:08.976 PM","1.678"
"867","2025-08-23 9:59:08.977 PM","1.673"
"868","2025-08-23 9:59:08.978 PM","1.673"
"869","2025-08-23 9:59:08.979 PM","1.673"
"870","2025-08-23 9:59:08.980 PM","1.673"
"871","2025-08-23 9:59:08.981 PM","1.673"
"872","2025-08-23 9:59:08.982 PM","1.673"
"873","2025-08-23 9:59:08.983 PM","1.673"
"874","2025-08-23 9:59:08.984 PM","1.673"
"875","2025-08-23 9:59:08.985 PM","1.673"
"876","2025-08-23 9:59:08.986 PM","1.673"
"877","2025-08-23 9:59:08.987 PM","1.673"
"878","2025-08-23 9:59:08.988 PM","1.482"
"879","2025-08-23 9:59:08.989 PM","1.482"
"880","2025-08-23 9:59:08.990 PM","1.482"
"881","2025-08-23 9:59:08.991 PM","1.482"
"882","2025-08-23 9:59:08.992 PM","1.482"
"883","2025-08-23 9:59:08.993 PM","1.482"
"884","2025-08-23 9:59:08.994 PM","1.477"
"885","2025-08-23 9:59:08.995 PM","1.477"
"886","2025-08-23 9:59:08.996 PM","1.477"
"887","2025-08-23 9:59:08.997 PM","1.477"
"888","2025-08-23 9:59:08.998 PM","1.473"
"889","2025-08-23 9:59:08.999 PM","1.473"
"890","2025-08-23 9:59:09.000 PM","1.473"
"891","2025-08-23 9:59:09.001 PM","1.482"
"892","2025-08-23 9:59:09.002 PM","1.477"
"893","2025-08-23 9:59:09.003 PM","1.482"
"894","2025-08-23 9:59:09.004 PM","1.448"
"895","2025-08-23 9:59:09.005 PM","1.448"
"896","2025-08-23 9:59:09.006 PM","1.448"
"897","2025-08-23 9:59:09.007 PM","1.448"
"898","2025-08-23 9:59:09.008 PM","1.448"
"899","2025-08-23 9:59:09.009 PM","1.448"
"900","2025-08-23 9:59:09.010 PM","1.448"
"901","2025-08-23 9:59:09.011 PM","1.443"
"902","2025-08-23 9:59:09.012 PM","1.443"
"903","2025-08-23 9:59:09.013 PM","1.443"
"904","2025-08-23 9:59:09.014 PM","1.443"
"905","2025-08-23 9:59:09.015 PM","1.443"
"906","2025-08-23 9:59:09.016 PM","1.443"
"907","2025-08-23 9:59:09.017 PM","1.443"
"908","2025-08-23 9:59:09.018 PM","1.443"
"909","2025-08-23 9:59:09.019 PM","1.443"
"910","2025-08-23 9:59:09.020 PM","1.448"
"911","2025-08-23 9:59:09.021 PM","1.658"
"912","2025-08-23 9:59:09.022 PM","1.658"
"913","2025-08-23 9:59:09.023 PM","1.658"
"914","2025-08-23 9:59:09.024 PM","1.653"
"915","2025-08-23 9:59:09.025 PM","1.658"
"916","2025-08-23 9:59:09.026 PM","1.658"
"917","2025-08-23 9:59:09.027 PM","1.653"
"918","2025-08-23 9:59:09.028 PM","1.653"
"919","2025-08-23 9:59:09.029 PM","1.653"
"920","2025-08-23 9:59:09.030 PM","1.648"
"921","2025-08-23 9:59:09.031 PM","1.648"
"922","2025-08-23 9:59:09.032 PM","1.648"
"923","2025-08-23 9:59:09.033 PM","1.653"
"924","2025-08-23 9:59:09.034 PM","1.658"
"925","2025-08-23 9:59:09.035 PM","1.658"
"926","2025-08-23 9:59:09.036 PM","1.658"
"927","2025-08-23 9:59:09.037 PM","1.658"
