"Device: USB-205"
"Serial Number: 22B4008"
"Channel Count: 1"
"Sample Count: 10962"
"Start Time: 2025-08-23 8:12:56.145 PM"
"Scan Rate: 1000"
"Sample","Date/Time","AI0 (V)"
"0","2025-08-23 8:12:56.145 PM","1.648"
"1","2025-08-23 8:12:56.146 PM","1.648"
"2","2025-08-23 8:12:56.147 PM","1.648"
"3","2025-08-23 8:12:56.148 PM","1.643"
"4","2025-08-23 8:12:56.149 PM","1.653"
"5","2025-08-23 8:12:56.150 PM","1.658"
"6","2025-08-23 8:12:56.151 PM","1.653"
"7","2025-08-23 8:12:56.152 PM","1.653"
"8","2025-08-23 8:12:56.153 PM","1.653"
"9","2025-08-23 8:12:56.154 PM","1.614"
"10","2025-08-23 8:12:56.155 PM","1.614"
"11","2025-08-23 8:12:56.156 PM","1.614"
"12","2025-08-23 8:12:56.157 PM","1.614"
"13","2025-08-23 8:12:56.158 PM","1.614"
"14","2025-08-23 8:12:56.159 PM","1.614"
"15","2025-08-23 8:12:56.160 PM","1.614"
"16","2025-08-23 8:12:56.161 PM","1.614"
"17","2025-08-23 8:12:56.162 PM","1.609"
"18","2025-08-23 8:12:56.163 PM","1.609"
"19","2025-08-23 8:12:56.164 PM","1.609"
"20","2025-08-23 8:12:56.165 PM","1.609"
"21","2025-08-23 8:12:56.166 PM","1.609"
"22","2025-08-23 8:12:56.167 PM","1.609"
"23","2025-08-23 8:12:56.168 PM","1.614"
"24","2025-08-23 8:12:56.169 PM","1.614"
"25","2025-08-23 8:12:56.170 PM","1.614"
"26","2025-08-23 8:12:56.171 PM","1.614"
"27","2025-08-23 8:12:56.172 PM","1.614"
"28","2025-08-23 8:12:56.173 PM","1.614"
"29","2025-08-23 8:12:56.174 PM","1.614"
"30","2025-08-23 8:12:56.175 PM","1.614"
"31","2025-08-23 8:12:56.176 PM","1.609"
"32","2025-08-23 8:12:56.177 PM","1.609"
"33","2025-08-23 8:12:56.178 PM","1.609"
"34","2025-08-23 8:12:56.179 PM","1.609"
"35","2025-08-23 8:12:56.180 PM","1.604"
"36","2025-08-23 8:12:56.181 PM","1.609"
"37","2025-08-23 8:12:56.182 PM","1.614"
"38","2025-08-23 8:12:56.183 PM","1.624"
"39","2025-08-23 8:12:56.184 PM","1.609"
"40","2025-08-23 8:12:56.185 PM","1.609"
"41","2025-08-23 8:12:56.186 PM","1.614"
"42","2025-08-23 8:12:56.187 PM","1.653"
"43","2025-08-23 8:12:56.188 PM","1.653"
"44","2025-08-23 8:12:56.189 PM","1.653"
"45","2025-08-23 8:12:56.190 PM","1.653"
"46","2025-08-23 8:12:56.191 PM","1.653"
"47","2025-08-23 8:12:56.192 PM","1.653"
"48","2025-08-23 8:12:56.193 PM","1.653"
"49","2025-08-23 8:12:56.194 PM","1.653"
"50","2025-08-23 8:12:56.195 PM","1.653"
"51","2025-08-23 8:12:56.196 PM","1.648"
"52","2025-08-23 8:12:56.197 PM","1.653"
"53","2025-08-23 8:12:56.198 PM","1.653"
"54","2025-08-23 8:12:56.199 PM","1.653"
"55","2025-08-23 8:12:56.200 PM","1.653"
"56","2025-08-23 8:12:56.201 PM","1.653"
"57","2025-08-23 8:12:56.202 PM","1.653"
"58","2025-08-23 8:12:56.203 PM","1.614"
"59","2025-08-23 8:12:56.204 PM","1.614"
"60","2025-08-23 8:12:56.205 PM","1.614"
"61","2025-08-23 8:12:56.206 PM","1.614"
"62","2025-08-23 8:12:56.207 PM","1.614"
"63","2025-08-23 8:12:56.208 PM","1.614"
"64","2025-08-23 8:12:56.209 PM","1.609"
"65","2025-08-23 8:12:56.210 PM","1.609"
"66","2025-08-23 8:12:56.211 PM","1.604"
"67","2025-08-23 8:12:56.212 PM","1.609"
"68","2025-08-23 8:12:56.213 PM","1.604"
"69","2025-08-23 8:12:56.214 PM","1.614"
"70","2025-08-23 8:12:56.215 PM","1.624"
"71","2025-08-23 8:12:56.216 PM","1.614"
"72","2025-08-23 8:12:56.217 PM","1.614"
"73","2025-08-23 8:12:56.218 PM","1.614"
"74","2025-08-23 8:12:56.219 PM","1.614"
"75","2025-08-23 8:12:56.220 PM","1.614"
"76","2025-08-23 8:12:56.221 PM","1.614"
"77","2025-08-23 8:12:56.222 PM","1.614"
"78","2025-08-23 8:12:56.223 PM","1.614"
"79","2025-08-23 8:12:56.224 PM","1.614"
"80","2025-08-23 8:12:56.225 PM","1.614"
"81","2025-08-23 8:12:56.226 PM","1.609"
"82","2025-08-23 8:12:56.227 PM","1.614"
"83","2025-08-23 8:12:56.228 PM","1.609"
"84","2025-08-23 8:12:56.229 PM","1.609"
"85","2025-08-23 8:12:56.230 PM","1.614"
"86","2025-08-23 8:12:56.231 PM","1.609"
"87","2025-08-23 8:12:56.232 PM","1.609"
"88","2025-08-23 8:12:56.233 PM","1.609"
"89","2025-08-23 8:12:56.234 PM","1.609"
"90","2025-08-23 8:12:56.235 PM","1.614"
"91","2025-08-23 8:12:56.236 PM","1.658"
"92","2025-08-23 8:12:56.237 PM","1.653"
"93","2025-08-23 8:12:56.238 PM","1.653"
"94","2025-08-23 8:12:56.239 PM","1.653"
"95","2025-08-23 8:12:56.240 PM","1.653"
"96","2025-08-23 8:12:56.241 PM","1.653"
"97","2025-08-23 8:12:56.242 PM","1.648"
"98","2025-08-23 8:12:56.243 PM","1.648"
"99","2025-08-23 8:12:56.244 PM","1.648"
"100","2025-08-23 8:12:56.245 PM","1.643"
"101","2025-08-23 8:12:56.246 PM","1.658"
"102","2025-08-23 8:12:56.247 PM","1.658"
"103","2025-08-23 8:12:56.248 PM","1.658"
"104","2025-08-23 8:12:56.249 PM","1.663"
"105","2025-08-23 8:12:56.250 PM","1.653"
"106","2025-08-23 8:12:56.251 PM","1.653"
"107","2025-08-23 8:12:56.252 PM","1.653"
"108","2025-08-23 8:12:56.253 PM","1.614"
"109","2025-08-23 8:12:56.254 PM","1.614"
"110","2025-08-23 8:12:56.255 PM","1.614"
"111","2025-08-23 8:12:56.256 PM","1.614"
"112","2025-08-23 8:12:56.257 PM","1.614"
"113","2025-08-23 8:12:56.258 PM","1.614"
"114","2025-08-23 8:12:56.259 PM","1.614"
"115","2025-08-23 8:12:56.260 PM","1.614"
"116","2025-08-23 8:12:56.261 PM","1.614"
"117","2025-08-23 8:12:56.262 PM","1.614"
"118","2025-08-23 8:12:56.263 PM","1.614"
"119","2025-08-23 8:12:56.264 PM","1.609"
"120","2025-08-23 8:12:56.265 PM","1.609"
"121","2025-08-23 8:12:56.266 PM","1.609"
"122","2025-08-23 8:12:56.267 PM","1.609"
"123","2025-08-23 8:12:56.268 PM","1.609"
"124","2025-08-23 8:12:56.269 PM","1.614"
"125","2025-08-23 8:12:56.270 PM","1.614"
"126","2025-08-23 8:12:56.271 PM","1.614"
"127","2025-08-23 8:12:56.272 PM","1.614"
"128","2025-08-23 8:12:56.273 PM","1.614"
"129","2025-08-23 8:12:56.274 PM","1.614"
"130","2025-08-23 8:12:56.275 PM","1.609"
"131","2025-08-23 8:12:56.276 PM","1.604"
"132","2025-08-23 8:12:56.277 PM","1.604"
"133","2025-08-23 8:12:56.278 PM","1.604"
"134","2025-08-23 8:12:56.279 PM","1.614"
"135","2025-08-23 8:12:56.280 PM","1.624"
"136","2025-08-23 8:12:56.281 PM","1.624"
"137","2025-08-23 8:12:56.282 PM","1.624"
"138","2025-08-23 8:12:56.283 PM","1.609"
"139","2025-08-23 8:12:56.284 PM","1.614"
"140","2025-08-23 8:12:56.285 PM","1.614"
"141","2025-08-23 8:12:56.286 PM","1.658"
"142","2025-08-23 8:12:56.287 PM","1.653"
"143","2025-08-23 8:12:56.288 PM","1.653"
"144","2025-08-23 8:12:56.289 PM","1.653"
"145","2025-08-23 8:12:56.290 PM","1.658"
"146","2025-08-23 8:12:56.291 PM","1.653"
"147","2025-08-23 8:12:56.292 PM","1.653"
"148","2025-08-23 8:12:56.293 PM","1.653"
"149","2025-08-23 8:12:56.294 PM","1.653"
"150","2025-08-23 8:12:56.295 PM","1.653"
"151","2025-08-23 8:12:56.296 PM","1.653"
"152","2025-08-23 8:12:56.297 PM","1.653"
"153","2025-08-23 8:12:56.298 PM","1.653"
"154","2025-08-23 8:12:56.299 PM","1.653"
"155","2025-08-23 8:12:56.300 PM","1.653"
"156","2025-08-23 8:12:56.301 PM","1.653"
"157","2025-08-23 8:12:56.302 PM","1.614"
"158","2025-08-23 8:12:56.303 PM","1.614"
"159","2025-08-23 8:12:56.304 PM","1.614"
"160","2025-08-23 8:12:56.305 PM","1.614"
"161","2025-08-23 8:12:56.306 PM","1.614"
"162","2025-08-23 8:12:56.307 PM","1.614"
"163","2025-08-23 8:12:56.308 PM","1.609"
"164","2025-08-23 8:12:56.309 PM","1.609"
"165","2025-08-23 8:12:56.310 PM","1.604"
"166","2025-08-23 8:12:56.311 PM","1.614"
"167","2025-08-23 8:12:56.312 PM","1.624"
"168","2025-08-23 8:12:56.313 PM","1.624"
"169","2025-08-23 8:12:56.314 PM","1.624"
"170","2025-08-23 8:12:56.315 PM","1.609"
"171","2025-08-23 8:12:56.316 PM","1.609"
"172","2025-08-23 8:12:56.317 PM","1.614"
"173","2025-08-23 8:12:56.318 PM","1.614"
"174","2025-08-23 8:12:56.319 PM","1.614"
"175","2025-08-23 8:12:56.320 PM","1.614"
"176","2025-08-23 8:12:56.321 PM","1.614"
"177","2025-08-23 8:12:56.322 PM","1.614"
"178","2025-08-23 8:12:56.323 PM","1.614"
"179","2025-08-23 8:12:56.324 PM","1.614"
"180","2025-08-23 8:12:56.325 PM","1.614"
"181","2025-08-23 8:12:56.326 PM","1.614"
"182","2025-08-23 8:12:56.327 PM","1.614"
"183","2025-08-23 8:12:56.328 PM","1.609"
"184","2025-08-23 8:12:56.329 PM","1.614"
"185","2025-08-23 8:12:56.330 PM","1.614"
"186","2025-08-23 8:12:56.331 PM","1.609"
"187","2025-08-23 8:12:56.332 PM","1.609"
"188","2025-08-23 8:12:56.333 PM","1.614"
"189","2025-08-23 8:12:56.334 PM","1.614"
"190","2025-08-23 8:12:56.335 PM","1.653"
"191","2025-08-23 8:12:56.336 PM","1.653"
"192","2025-08-23 8:12:56.337 PM","1.653"
"193","2025-08-23 8:12:56.338 PM","1.653"
"194","2025-08-23 8:12:56.339 PM","1.653"
"195","2025-08-23 8:12:56.340 PM","1.653"
"196","2025-08-23 8:12:56.341 PM","1.648"
"197","2025-08-23 8:12:56.342 PM","1.648"
"198","2025-08-23 8:12:56.343 PM","1.648"
"199","2025-08-23 8:12:56.344 PM","1.658"
"200","2025-08-23 8:12:56.345 PM","1.658"
"201","2025-08-23 8:12:56.346 PM","1.663"
"202","2025-08-23 8:12:56.347 PM","1.658"
"203","2025-08-23 8:12:56.348 PM","1.653"
"204","2025-08-23 8:12:56.349 PM","1.653"
"205","2025-08-23 8:12:56.350 PM","1.653"
"206","2025-08-23 8:12:56.351 PM","1.653"
"207","2025-08-23 8:12:56.352 PM","1.614"
"208","2025-08-23 8:12:56.353 PM","1.614"
"209","2025-08-23 8:12:56.354 PM","1.614"
"210","2025-08-23 8:12:56.355 PM","1.614"
"211","2025-08-23 8:12:56.356 PM","1.614"
"212","2025-08-23 8:12:56.357 PM","1.614"
"213","2025-08-23 8:12:56.358 PM","1.614"
"214","2025-08-23 8:12:56.359 PM","1.609"
"215","2025-08-23 8:12:56.360 PM","1.614"
"216","2025-08-23 8:12:56.361 PM","1.609"
"217","2025-08-23 8:12:56.362 PM","1.609"
"218","2025-08-23 8:12:56.363 PM","1.609"
"219","2025-08-23 8:12:56.364 PM","1.609"
"220","2025-08-23 8:12:56.365 PM","1.609"
"221","2025-08-23 8:12:56.366 PM","1.614"
"222","2025-08-23 8:12:56.367 PM","1.614"
"223","2025-08-23 8:12:56.368 PM","1.634"
"224","2025-08-23 8:12:56.369 PM","1.639"
"225","2025-08-23 8:12:56.370 PM","1.639"
"226","2025-08-23 8:12:56.371 PM","1.634"
"227","2025-08-23 8:12:56.372 PM","1.639"
"228","2025-08-23 8:12:56.373 PM","1.639"
"229","2025-08-23 8:12:56.374 PM","1.634"
"230","2025-08-23 8:12:56.375 PM","1.629"
"231","2025-08-23 8:12:56.376 PM","1.639"
"232","2025-08-23 8:12:56.377 PM","1.639"
"233","2025-08-23 8:12:56.378 PM","1.643"
"234","2025-08-23 8:12:56.379 PM","1.643"
"235","2025-08-23 8:12:56.380 PM","1.634"
"236","2025-08-23 8:12:56.381 PM","1.634"
"237","2025-08-23 8:12:56.382 PM","1.634"
"238","2025-08-23 8:12:56.383 PM","1.634"
"239","2025-08-23 8:12:56.384 PM","1.634"
"240","2025-08-23 8:12:56.385 PM","1.653"
"241","2025-08-23 8:12:56.386 PM","1.658"
"242","2025-08-23 8:12:56.387 PM","1.653"
"243","2025-08-23 8:12:56.388 PM","1.653"
"244","2025-08-23 8:12:56.389 PM","1.658"
"245","2025-08-23 8:12:56.390 PM","1.653"
"246","2025-08-23 8:12:56.391 PM","1.658"
"247","2025-08-23 8:12:56.392 PM","1.653"
"248","2025-08-23 8:12:56.393 PM","1.653"
"249","2025-08-23 8:12:56.394 PM","1.653"
"250","2025-08-23 8:12:56.395 PM","1.648"
"251","2025-08-23 8:12:56.396 PM","1.648"
"252","2025-08-23 8:12:56.397 PM","1.653"
"253","2025-08-23 8:12:56.398 PM","1.653"
"254","2025-08-23 8:12:56.399 PM","1.653"
"255","2025-08-23 8:12:56.400 PM","1.653"
"256","2025-08-23 8:12:56.401 PM","1.614"
"257","2025-08-23 8:12:56.402 PM","1.614"
"258","2025-08-23 8:12:56.403 PM","1.614"
"259","2025-08-23 8:12:56.404 PM","1.614"
"260","2025-08-23 8:12:56.405 PM","1.614"
"261","2025-08-23 8:12:56.406 PM","1.614"
"262","2025-08-23 8:12:56.407 PM","1.604"
"263","2025-08-23 8:12:56.408 PM","1.614"
"264","2025-08-23 8:12:56.409 PM","1.614"
"265","2025-08-23 8:12:56.410 PM","1.624"
"266","2025-08-23 8:12:56.411 PM","1.624"
"267","2025-08-23 8:12:56.412 PM","1.648"
"268","2025-08-23 8:12:56.413 PM","1.614"
"269","2025-08-23 8:12:56.414 PM","1.614"
"270","2025-08-23 8:12:56.415 PM","1.614"
"271","2025-08-23 8:12:56.416 PM","1.614"
"272","2025-08-23 8:12:56.417 PM","1.614"
"273","2025-08-23 8:12:56.418 PM","1.634"
"274","2025-08-23 8:12:56.419 PM","1.639"
"275","2025-08-23 8:12:56.420 PM","1.639"
"276","2025-08-23 8:12:56.421 PM","1.639"
"277","2025-08-23 8:12:56.422 PM","1.639"
"278","2025-08-23 8:12:56.423 PM","1.639"
"279","2025-08-23 8:12:56.424 PM","1.639"
"280","2025-08-23 8:12:56.425 PM","1.634"
"281","2025-08-23 8:12:56.426 PM","1.634"
"282","2025-08-23 8:12:56.427 PM","1.634"
"283","2025-08-23 8:12:56.428 PM","1.634"
"284","2025-08-23 8:12:56.429 PM","1.634"
"285","2025-08-23 8:12:56.430 PM","1.634"
"286","2025-08-23 8:12:56.431 PM","1.634"
"287","2025-08-23 8:12:56.432 PM","1.634"
"288","2025-08-23 8:12:56.433 PM","1.634"
"289","2025-08-23 8:12:56.434 PM","1.653"
"290","2025-08-23 8:12:56.435 PM","1.653"
"291","2025-08-23 8:12:56.436 PM","1.653"
"292","2025-08-23 8:12:56.437 PM","1.653"
"293","2025-08-23 8:12:56.438 PM","1.653"
"294","2025-08-23 8:12:56.439 PM","1.653"
"295","2025-08-23 8:12:56.440 PM","1.648"
"296","2025-08-23 8:12:56.441 PM","1.658"
"297","2025-08-23 8:12:56.442 PM","1.658"
"298","2025-08-23 8:12:56.443 PM","1.663"
"299","2025-08-23 8:12:56.444 PM","1.663"
"300","2025-08-23 8:12:56.445 PM","1.653"
"301","2025-08-23 8:12:56.446 PM","1.653"
"302","2025-08-23 8:12:56.447 PM","1.653"
"303","2025-08-23 8:12:56.448 PM","1.653"
"304","2025-08-23 8:12:56.449 PM","1.653"
"305","2025-08-23 8:12:56.450 PM","1.653"
"306","2025-08-23 8:12:56.451 PM","1.595"
"307","2025-08-23 8:12:56.452 PM","1.595"
"308","2025-08-23 8:12:56.453 PM","1.595"
"309","2025-08-23 8:12:56.454 PM","1.595"
"310","2025-08-23 8:12:56.455 PM","1.600"
"311","2025-08-23 8:12:56.456 PM","1.600"
"312","2025-08-23 8:12:56.457 PM","1.595"
"313","2025-08-23 8:12:56.458 PM","1.590"
"314","2025-08-23 8:12:56.459 PM","1.590"
"315","2025-08-23 8:12:56.460 PM","1.590"
"316","2025-08-23 8:12:56.461 PM","1.595"
"317","2025-08-23 8:12:56.462 PM","1.595"
"318","2025-08-23 8:12:56.463 PM","1.590"
"319","2025-08-23 8:12:56.464 PM","1.595"
"320","2025-08-23 8:12:56.465 PM","1.595"
"321","2025-08-23 8:12:56.466 PM","1.595"
"322","2025-08-23 8:12:56.467 PM","1.634"
"323","2025-08-23 8:12:56.468 PM","1.639"
"324","2025-08-23 8:12:56.469 PM","1.634"
"325","2025-08-23 8:12:56.470 PM","1.639"
"326","2025-08-23 8:12:56.471 PM","1.639"
"327","2025-08-23 8:12:56.472 PM","1.639"
"328","2025-08-23 8:12:56.473 PM","1.639"
"329","2025-08-23 8:12:56.474 PM","1.639"
"330","2025-08-23 8:12:56.475 PM","1.643"
"331","2025-08-23 8:12:56.476 PM","1.643"
"332","2025-08-23 8:12:56.477 PM","1.634"
"333","2025-08-23 8:12:56.478 PM","1.634"
"334","2025-08-23 8:12:56.479 PM","1.634"
"335","2025-08-23 8:12:56.480 PM","1.639"
"336","2025-08-23 8:12:56.481 PM","1.634"
"337","2025-08-23 8:12:56.482 PM","1.639"
"338","2025-08-23 8:12:56.483 PM","1.639"
"339","2025-08-23 8:12:56.484 PM","1.653"
"340","2025-08-23 8:12:56.485 PM","1.653"
"341","2025-08-23 8:12:56.486 PM","1.653"
"342","2025-08-23 8:12:56.487 PM","1.653"
"343","2025-08-23 8:12:56.488 PM","1.653"
"344","2025-08-23 8:12:56.489 PM","1.658"
"345","2025-08-23 8:12:56.490 PM","1.653"
"346","2025-08-23 8:12:56.491 PM","1.653"
"347","2025-08-23 8:12:56.492 PM","1.653"
"348","2025-08-23 8:12:56.493 PM","1.653"
"349","2025-08-23 8:12:56.494 PM","1.653"
"350","2025-08-23 8:12:56.495 PM","1.653"
"351","2025-08-23 8:12:56.496 PM","1.648"
"352","2025-08-23 8:12:56.497 PM","1.648"
"353","2025-08-23 8:12:56.498 PM","1.653"
"354","2025-08-23 8:12:56.499 PM","1.653"
"355","2025-08-23 8:12:56.500 PM","1.595"
"356","2025-08-23 8:12:56.501 PM","1.595"
"357","2025-08-23 8:12:56.502 PM","1.595"
"358","2025-08-23 8:12:56.503 PM","1.595"
"359","2025-08-23 8:12:56.504 PM","1.595"
"360","2025-08-23 8:12:56.505 PM","1.595"
"361","2025-08-23 8:12:56.506 PM","1.600"
"362","2025-08-23 8:12:56.507 PM","1.600"
"363","2025-08-23 8:12:56.508 PM","1.604"
"364","2025-08-23 8:12:56.509 PM","1.600"
"365","2025-08-23 8:12:56.510 PM","1.595"
"366","2025-08-23 8:12:56.511 PM","1.595"
"367","2025-08-23 8:12:56.512 PM","1.595"
"368","2025-08-23 8:12:56.513 PM","1.595"
"369","2025-08-23 8:12:56.514 PM","1.595"
"370","2025-08-23 8:12:56.515 PM","1.595"
"371","2025-08-23 8:12:56.516 PM","1.595"
"372","2025-08-23 8:12:56.517 PM","1.639"
"373","2025-08-23 8:12:56.518 PM","1.639"
"374","2025-08-23 8:12:56.519 PM","1.639"
"375","2025-08-23 8:12:56.520 PM","1.639"
"376","2025-08-23 8:12:56.521 PM","1.639"
"377","2025-08-23 8:12:56.522 PM","1.634"
"378","2025-08-23 8:12:56.523 PM","1.634"
"379","2025-08-23 8:12:56.524 PM","1.634"
"380","2025-08-23 8:12:56.525 PM","1.634"
"381","2025-08-23 8:12:56.526 PM","1.634"
"382","2025-08-23 8:12:56.527 PM","1.634"
"383","2025-08-23 8:12:56.528 PM","1.634"
"384","2025-08-23 8:12:56.529 PM","1.634"
"385","2025-08-23 8:12:56.530 PM","1.634"
"386","2025-08-23 8:12:56.531 PM","1.634"
"387","2025-08-23 8:12:56.532 PM","1.634"
"388","2025-08-23 8:12:56.533 PM","1.653"
"389","2025-08-23 8:12:56.534 PM","1.653"
"390","2025-08-23 8:12:56.535 PM","1.653"
"391","2025-08-23 8:12:56.536 PM","1.653"
"392","2025-08-23 8:12:56.537 PM","1.653"
"393","2025-08-23 8:12:56.538 PM","1.653"
"394","2025-08-23 8:12:56.539 PM","1.658"
"395","2025-08-23 8:12:56.540 PM","1.658"
"396","2025-08-23 8:12:56.541 PM","1.663"
"397","2025-08-23 8:12:56.542 PM","1.653"
"398","2025-08-23 8:12:56.543 PM","1.653"
"399","2025-08-23 8:12:56.544 PM","1.653"
"400","2025-08-23 8:12:56.545 PM","1.653"
"401","2025-08-23 8:12:56.546 PM","1.653"
"402","2025-08-23 8:12:56.547 PM","1.653"
"403","2025-08-23 8:12:56.548 PM","1.653"
"404","2025-08-23 8:12:56.549 PM","1.653"
"405","2025-08-23 8:12:56.550 PM","1.595"
"406","2025-08-23 8:12:56.551 PM","1.595"
"407","2025-08-23 8:12:56.552 PM","1.595"
"408","2025-08-23 8:12:56.553 PM","1.595"
"409","2025-08-23 8:12:56.554 PM","1.600"
"410","2025-08-23 8:12:56.555 PM","1.595"
"411","2025-08-23 8:12:56.556 PM","1.595"
"412","2025-08-23 8:12:56.557 PM","1.595"
"413","2025-08-23 8:12:56.558 PM","1.595"
"414","2025-08-23 8:12:56.559 PM","1.590"
"415","2025-08-23 8:12:56.560 PM","1.595"
"416","2025-08-23 8:12:56.561 PM","1.590"
"417","2025-08-23 8:12:56.562 PM","1.590"
"418","2025-08-23 8:12:56.563 PM","1.590"
"419","2025-08-23 8:12:56.564 PM","1.595"
"420","2025-08-23 8:12:56.565 PM","1.595"
"421","2025-08-23 8:12:56.566 PM","1.634"
"422","2025-08-23 8:12:56.567 PM","1.639"
"423","2025-08-23 8:12:56.568 PM","1.639"
"424","2025-08-23 8:12:56.569 PM","1.639"
"425","2025-08-23 8:12:56.570 PM","1.639"
"426","2025-08-23 8:12:56.571 PM","1.634"
"427","2025-08-23 8:12:56.572 PM","1.643"
"428","2025-08-23 8:12:56.573 PM","1.643"
"429","2025-08-23 8:12:56.574 PM","1.648"
"430","2025-08-23 8:12:56.575 PM","1.634"
"431","2025-08-23 8:12:56.576 PM","1.634"
"432","2025-08-23 8:12:56.577 PM","1.634"
"433","2025-08-23 8:12:56.578 PM","1.634"
"434","2025-08-23 8:12:56.579 PM","1.634"
"435","2025-08-23 8:12:56.580 PM","1.634"
"436","2025-08-23 8:12:56.581 PM","1.639"
"437","2025-08-23 8:12:56.582 PM","1.639"
"438","2025-08-23 8:12:56.583 PM","1.653"
"439","2025-08-23 8:12:56.584 PM","1.653"
"440","2025-08-23 8:12:56.585 PM","1.653"
"441","2025-08-23 8:12:56.586 PM","1.653"
"442","2025-08-23 8:12:56.587 PM","1.653"
"443","2025-08-23 8:12:56.588 PM","1.653"
"444","2025-08-23 8:12:56.589 PM","1.653"
"445","2025-08-23 8:12:56.590 PM","1.653"
"446","2025-08-23 8:12:56.591 PM","1.653"
"447","2025-08-23 8:12:56.592 PM","1.648"
"448","2025-08-23 8:12:56.593 PM","1.653"
"449","2025-08-23 8:12:56.594 PM","1.653"
"450","2025-08-23 8:12:56.595 PM","1.648"
"451","2025-08-23 8:12:56.596 PM","1.648"
"452","2025-08-23 8:12:56.597 PM","1.653"
"453","2025-08-23 8:12:56.598 PM","1.653"
"454","2025-08-23 8:12:56.599 PM","1.595"
"455","2025-08-23 8:12:56.600 PM","1.595"
"456","2025-08-23 8:12:56.601 PM","1.600"
"457","2025-08-23 8:12:56.602 PM","1.595"
"458","2025-08-23 8:12:56.603 PM","1.595"
"459","2025-08-23 8:12:56.604 PM","1.595"
"460","2025-08-23 8:12:56.605 PM","1.604"
"461","2025-08-23 8:12:56.606 PM","1.600"
"462","2025-08-23 8:12:56.607 PM","1.595"
"463","2025-08-23 8:12:56.608 PM","1.595"
"464","2025-08-23 8:12:56.609 PM","1.595"
"465","2025-08-23 8:12:56.610 PM","1.595"
"466","2025-08-23 8:12:56.611 PM","1.595"
"467","2025-08-23 8:12:56.612 PM","1.595"
"468","2025-08-23 8:12:56.613 PM","1.595"
"469","2025-08-23 8:12:56.614 PM","1.595"
"470","2025-08-23 8:12:56.615 PM","1.595"
"471","2025-08-23 8:12:56.616 PM","1.639"
"472","2025-08-23 8:12:56.617 PM","1.639"
"473","2025-08-23 8:12:56.618 PM","1.639"
"474","2025-08-23 8:12:56.619 PM","1.639"
"475","2025-08-23 8:12:56.620 PM","1.634"
"476","2025-08-23 8:12:56.621 PM","1.639"
"477","2025-08-23 8:12:56.622 PM","1.634"
"478","2025-08-23 8:12:56.623 PM","1.634"
"479","2025-08-23 8:12:56.624 PM","1.634"
"480","2025-08-23 8:12:56.625 PM","1.634"
"481","2025-08-23 8:12:56.626 PM","1.634"
"482","2025-08-23 8:12:56.627 PM","1.634"
"483","2025-08-23 8:12:56.628 PM","1.634"
"484","2025-08-23 8:12:56.629 PM","1.634"
"485","2025-08-23 8:12:56.630 PM","1.634"
"486","2025-08-23 8:12:56.631 PM","1.634"
"487","2025-08-23 8:12:56.632 PM","1.653"
"488","2025-08-23 8:12:56.633 PM","1.658"
"489","2025-08-23 8:12:56.634 PM","1.653"
"490","2025-08-23 8:12:56.635 PM","1.658"
"491","2025-08-23 8:12:56.636 PM","1.653"
"492","2025-08-23 8:12:56.637 PM","1.658"
"493","2025-08-23 8:12:56.638 PM","1.663"
"494","2025-08-23 8:12:56.639 PM","1.712"
"495","2025-08-23 8:12:56.640 PM","1.658"
"496","2025-08-23 8:12:56.641 PM","1.653"
"497","2025-08-23 8:12:56.642 PM","1.653"
"498","2025-08-23 8:12:56.643 PM","1.653"
"499","2025-08-23 8:12:56.644 PM","1.653"
"500","2025-08-23 8:12:56.645 PM","1.653"
"501","2025-08-23 8:12:56.646 PM","1.653"
"502","2025-08-23 8:12:56.647 PM","1.653"
"503","2025-08-23 8:12:56.648 PM","1.653"
"504","2025-08-23 8:12:56.649 PM","1.595"
"505","2025-08-23 8:12:56.650 PM","1.595"
"506","2025-08-23 8:12:56.651 PM","1.595"
"507","2025-08-23 8:12:56.652 PM","1.595"
"508","2025-08-23 8:12:56.653 PM","1.595"
"509","2025-08-23 8:12:56.654 PM","1.595"
"510","2025-08-23 8:12:56.655 PM","1.595"
"511","2025-08-23 8:12:56.656 PM","1.595"
"512","2025-08-23 8:12:56.657 PM","1.590"
"513","2025-08-23 8:12:56.658 PM","1.590"
"514","2025-08-23 8:12:56.659 PM","1.595"
"515","2025-08-23 8:12:56.660 PM","1.590"
"516","2025-08-23 8:12:56.661 PM","1.590"
"517","2025-08-23 8:12:56.662 PM","1.590"
"518","2025-08-23 8:12:56.663 PM","1.595"
"519","2025-08-23 8:12:56.664 PM","1.595"
"520","2025-08-23 8:12:56.665 PM","1.639"
"521","2025-08-23 8:12:56.666 PM","1.634"
"522","2025-08-23 8:12:56.667 PM","1.634"
"523","2025-08-23 8:12:56.668 PM","1.639"
"524","2025-08-23 8:12:56.669 PM","1.639"
"525","2025-08-23 8:12:56.670 PM","1.639"
"526","2025-08-23 8:12:56.671 PM","1.643"
"527","2025-08-23 8:12:56.672 PM","1.634"
"528","2025-08-23 8:12:56.673 PM","1.634"
"529","2025-08-23 8:12:56.674 PM","1.634"
"530","2025-08-23 8:12:56.675 PM","1.639"
"531","2025-08-23 8:12:56.676 PM","1.634"
"532","2025-08-23 8:12:56.677 PM","1.639"
"533","2025-08-23 8:12:56.678 PM","1.634"
"534","2025-08-23 8:12:56.679 PM","1.634"
"535","2025-08-23 8:12:56.680 PM","1.634"
"536","2025-08-23 8:12:56.681 PM","1.634"
"537","2025-08-23 8:12:56.682 PM","1.639"
"538","2025-08-23 8:12:56.683 PM","1.634"
"539","2025-08-23 8:12:56.684 PM","1.639"
"540","2025-08-23 8:12:56.685 PM","1.639"
"541","2025-08-23 8:12:56.686 PM","1.639"
"542","2025-08-23 8:12:56.687 PM","1.639"
"543","2025-08-23 8:12:56.688 PM","1.634"
"544","2025-08-23 8:12:56.689 PM","1.634"
"545","2025-08-23 8:12:56.690 PM","1.634"
"546","2025-08-23 8:12:56.691 PM","1.634"
"547","2025-08-23 8:12:56.692 PM","1.634"
"548","2025-08-23 8:12:56.693 PM","1.634"
"549","2025-08-23 8:12:56.694 PM","1.634"
"550","2025-08-23 8:12:56.695 PM","1.634"
"551","2025-08-23 8:12:56.696 PM","1.634"
"552","2025-08-23 8:12:56.697 PM","1.634"
"553","2025-08-23 8:12:56.698 PM","1.595"
"554","2025-08-23 8:12:56.699 PM","1.595"
"555","2025-08-23 8:12:56.700 PM","1.595"
"556","2025-08-23 8:12:56.701 PM","1.595"
"557","2025-08-23 8:12:56.702 PM","1.595"
"558","2025-08-23 8:12:56.703 PM","1.595"
"559","2025-08-23 8:12:56.704 PM","1.595"
"560","2025-08-23 8:12:56.705 PM","1.595"
"561","2025-08-23 8:12:56.706 PM","1.595"
"562","2025-08-23 8:12:56.707 PM","1.595"
"563","2025-08-23 8:12:56.708 PM","1.595"
"564","2025-08-23 8:12:56.709 PM","1.595"
"565","2025-08-23 8:12:56.710 PM","1.595"
"566","2025-08-23 8:12:56.711 PM","1.595"
"567","2025-08-23 8:12:56.712 PM","1.590"
"568","2025-08-23 8:12:56.713 PM","1.595"
"569","2025-08-23 8:12:56.714 PM","1.595"
"570","2025-08-23 8:12:56.715 PM","1.653"
"571","2025-08-23 8:12:56.716 PM","1.653"
"572","2025-08-23 8:12:56.717 PM","1.653"
"573","2025-08-23 8:12:56.718 PM","1.653"
"574","2025-08-23 8:12:56.719 PM","1.653"
"575","2025-08-23 8:12:56.720 PM","1.653"
"576","2025-08-23 8:12:56.721 PM","1.653"
"577","2025-08-23 8:12:56.722 PM","1.653"
"578","2025-08-23 8:12:56.723 PM","1.653"
"579","2025-08-23 8:12:56.724 PM","1.653"
"580","2025-08-23 8:12:56.725 PM","1.648"
"581","2025-08-23 8:12:56.726 PM","1.653"
"582","2025-08-23 8:12:56.727 PM","1.648"
"583","2025-08-23 8:12:56.728 PM","1.648"
"584","2025-08-23 8:12:56.729 PM","1.653"
"585","2025-08-23 8:12:56.730 PM","1.653"
"586","2025-08-23 8:12:56.731 PM","1.634"
"587","2025-08-23 8:12:56.732 PM","1.639"
"588","2025-08-23 8:12:56.733 PM","1.639"
"589","2025-08-23 8:12:56.734 PM","1.634"
"590","2025-08-23 8:12:56.735 PM","1.639"
"591","2025-08-23 8:12:56.736 PM","1.639"
"592","2025-08-23 8:12:56.737 PM","1.639"
"593","2025-08-23 8:12:56.738 PM","1.639"
"594","2025-08-23 8:12:56.739 PM","1.634"
"595","2025-08-23 8:12:56.740 PM","1.634"
"596","2025-08-23 8:12:56.741 PM","1.634"
"597","2025-08-23 8:12:56.742 PM","1.634"
"598","2025-08-23 8:12:56.743 PM","1.639"
"599","2025-08-23 8:12:56.744 PM","1.634"
"600","2025-08-23 8:12:56.745 PM","1.634"
"601","2025-08-23 8:12:56.746 PM","1.634"
"602","2025-08-23 8:12:56.747 PM","1.634"
"603","2025-08-23 8:12:56.748 PM","1.595"
"604","2025-08-23 8:12:56.749 PM","1.595"
"605","2025-08-23 8:12:56.750 PM","1.595"
"606","2025-08-23 8:12:56.751 PM","1.595"
"607","2025-08-23 8:12:56.752 PM","1.600"
"608","2025-08-23 8:12:56.753 PM","1.595"
"609","2025-08-23 8:12:56.754 PM","1.595"
"610","2025-08-23 8:12:56.755 PM","1.595"
"611","2025-08-23 8:12:56.756 PM","1.590"
"612","2025-08-23 8:12:56.757 PM","1.595"
"613","2025-08-23 8:12:56.758 PM","1.595"
"614","2025-08-23 8:12:56.759 PM","1.590"
"615","2025-08-23 8:12:56.760 PM","1.590"
"616","2025-08-23 8:12:56.761 PM","1.590"
"617","2025-08-23 8:12:56.762 PM","1.595"
"618","2025-08-23 8:12:56.763 PM","1.595"
"619","2025-08-23 8:12:56.764 PM","1.653"
"620","2025-08-23 8:12:56.765 PM","1.653"
"621","2025-08-23 8:12:56.766 PM","1.653"
"622","2025-08-23 8:12:56.767 PM","1.653"
"623","2025-08-23 8:12:56.768 PM","1.653"
"624","2025-08-23 8:12:56.769 PM","1.658"
"625","2025-08-23 8:12:56.770 PM","1.653"
"626","2025-08-23 8:12:56.771 PM","1.653"
"627","2025-08-23 8:12:56.772 PM","1.653"
"628","2025-08-23 8:12:56.773 PM","1.653"
"629","2025-08-23 8:12:56.774 PM","1.653"
"630","2025-08-23 8:12:56.775 PM","1.653"
"631","2025-08-23 8:12:56.776 PM","1.653"
"632","2025-08-23 8:12:56.777 PM","1.653"
"633","2025-08-23 8:12:56.778 PM","1.653"
"634","2025-08-23 8:12:56.779 PM","1.653"
"635","2025-08-23 8:12:56.780 PM","1.653"
"636","2025-08-23 8:12:56.781 PM","1.639"
"637","2025-08-23 8:12:56.782 PM","1.634"
"638","2025-08-23 8:12:56.783 PM","1.639"
"639","2025-08-23 8:12:56.784 PM","1.639"
"640","2025-08-23 8:12:56.785 PM","1.639"
"641","2025-08-23 8:12:56.786 PM","1.639"
"642","2025-08-23 8:12:56.787 PM","1.634"
"643","2025-08-23 8:12:56.788 PM","1.634"
"644","2025-08-23 8:12:56.789 PM","1.634"
"645","2025-08-23 8:12:56.790 PM","1.634"
"646","2025-08-23 8:12:56.791 PM","1.629"
"647","2025-08-23 8:12:56.792 PM","1.634"
"648","2025-08-23 8:12:56.793 PM","1.634"
"649","2025-08-23 8:12:56.794 PM","1.629"
"650","2025-08-23 8:12:56.795 PM","1.634"
"651","2025-08-23 8:12:56.796 PM","1.639"
"652","2025-08-23 8:12:56.797 PM","1.590"
"653","2025-08-23 8:12:56.798 PM","1.595"
"654","2025-08-23 8:12:56.799 PM","1.595"
"655","2025-08-23 8:12:56.800 PM","1.595"
"656","2025-08-23 8:12:56.801 PM","1.595"
"657","2025-08-23 8:12:56.802 PM","1.595"
"658","2025-08-23 8:12:56.803 PM","1.595"
"659","2025-08-23 8:12:56.804 PM","1.595"
"660","2025-08-23 8:12:56.805 PM","1.595"
"661","2025-08-23 8:12:56.806 PM","1.595"
"662","2025-08-23 8:12:56.807 PM","1.595"
"663","2025-08-23 8:12:56.808 PM","1.595"
"664","2025-08-23 8:12:56.809 PM","1.595"
"665","2025-08-23 8:12:56.810 PM","1.590"
"666","2025-08-23 8:12:56.811 PM","1.595"
"667","2025-08-23 8:12:56.812 PM","1.595"
"668","2025-08-23 8:12:56.813 PM","1.595"
"669","2025-08-23 8:12:56.814 PM","1.658"
"670","2025-08-23 8:12:56.815 PM","1.653"
"671","2025-08-23 8:12:56.816 PM","1.653"
"672","2025-08-23 8:12:56.817 PM","1.653"
"673","2025-08-23 8:12:56.818 PM","1.658"
"674","2025-08-23 8:12:56.819 PM","1.653"
"675","2025-08-23 8:12:56.820 PM","1.648"
"676","2025-08-23 8:12:56.821 PM","1.653"
"677","2025-08-23 8:12:56.822 PM","1.648"
"678","2025-08-23 8:12:56.823 PM","1.653"
"679","2025-08-23 8:12:56.824 PM","1.648"
"680","2025-08-23 8:12:56.825 PM","1.648"
"681","2025-08-23 8:12:56.826 PM","1.648"
"682","2025-08-23 8:12:56.827 PM","1.648"
"683","2025-08-23 8:12:56.828 PM","1.653"
"684","2025-08-23 8:12:56.829 PM","1.653"
"685","2025-08-23 8:12:56.830 PM","1.634"
"686","2025-08-23 8:12:56.831 PM","1.639"
"687","2025-08-23 8:12:56.832 PM","1.634"
"688","2025-08-23 8:12:56.833 PM","1.639"
"689","2025-08-23 8:12:56.834 PM","1.639"
"690","2025-08-23 8:12:56.835 PM","1.639"
"691","2025-08-23 8:12:56.836 PM","1.639"
"692","2025-08-23 8:12:56.837 PM","1.634"
"693","2025-08-23 8:12:56.838 PM","1.634"
"694","2025-08-23 8:12:56.839 PM","1.634"
"695","2025-08-23 8:12:56.840 PM","1.634"
"696","2025-08-23 8:12:56.841 PM","1.634"
"697","2025-08-23 8:12:56.842 PM","1.634"
"698","2025-08-23 8:12:56.843 PM","1.634"
"699","2025-08-23 8:12:56.844 PM","1.634"
"700","2025-08-23 8:12:56.845 PM","1.634"
"701","2025-08-23 8:12:56.846 PM","1.634"
"702","2025-08-23 8:12:56.847 PM","1.595"
"703","2025-08-23 8:12:56.848 PM","1.595"
"704","2025-08-23 8:12:56.849 PM","1.595"
"705","2025-08-23 8:12:56.850 PM","1.595"
"706","2025-08-23 8:12:56.851 PM","1.595"
"707","2025-08-23 8:12:56.852 PM","1.595"
"708","2025-08-23 8:12:56.853 PM","1.595"
"709","2025-08-23 8:12:56.854 PM","1.590"
"710","2025-08-23 8:12:56.855 PM","1.590"
"711","2025-08-23 8:12:56.856 PM","1.590"
"712","2025-08-23 8:12:56.857 PM","1.590"
"713","2025-08-23 8:12:56.858 PM","1.590"
"714","2025-08-23 8:12:56.859 PM","1.590"
"715","2025-08-23 8:12:56.860 PM","1.590"
"716","2025-08-23 8:12:56.861 PM","1.595"
"717","2025-08-23 8:12:56.862 PM","1.595"
"718","2025-08-23 8:12:56.863 PM","1.595"
"719","2025-08-23 8:12:56.864 PM","1.653"
"720","2025-08-23 8:12:56.865 PM","1.653"
"721","2025-08-23 8:12:56.866 PM","1.658"
"722","2025-08-23 8:12:56.867 PM","1.653"
"723","2025-08-23 8:12:56.868 PM","1.653"
"724","2025-08-23 8:12:56.869 PM","1.653"
"725","2025-08-23 8:12:56.870 PM","1.653"
"726","2025-08-23 8:12:56.871 PM","1.653"
"727","2025-08-23 8:12:56.872 PM","1.653"
"728","2025-08-23 8:12:56.873 PM","1.653"
"729","2025-08-23 8:12:56.874 PM","1.653"
"730","2025-08-23 8:12:56.875 PM","1.653"
"731","2025-08-23 8:12:56.876 PM","1.653"
"732","2025-08-23 8:12:56.877 PM","1.653"
"733","2025-08-23 8:12:56.878 PM","1.653"
"734","2025-08-23 8:12:56.879 PM","1.653"
"735","2025-08-23 8:12:56.880 PM","1.639"
"736","2025-08-23 8:12:56.881 PM","1.634"
"737","2025-08-23 8:12:56.882 PM","1.639"
"738","2025-08-23 8:12:56.883 PM","1.634"
"739","2025-08-23 8:12:56.884 PM","1.639"
"740","2025-08-23 8:12:56.885 PM","1.639"
"741","2025-08-23 8:12:56.886 PM","1.634"
"742","2025-08-23 8:12:56.887 PM","1.634"
"743","2025-08-23 8:12:56.888 PM","1.634"
"744","2025-08-23 8:12:56.889 PM","1.634"
"745","2025-08-23 8:12:56.890 PM","1.629"
"746","2025-08-23 8:12:56.891 PM","1.634"
"747","2025-08-23 8:12:56.892 PM","1.629"
"748","2025-08-23 8:12:56.893 PM","1.629"
"749","2025-08-23 8:12:56.894 PM","1.634"
"750","2025-08-23 8:12:56.895 PM","1.634"
"751","2025-08-23 8:12:56.896 PM","1.595"
"752","2025-08-23 8:12:56.897 PM","1.595"
"753","2025-08-23 8:12:56.898 PM","1.595"
"754","2025-08-23 8:12:56.899 PM","1.595"
"755","2025-08-23 8:12:56.900 PM","1.595"
"756","2025-08-23 8:12:56.901 PM","1.595"
"757","2025-08-23 8:12:56.902 PM","1.595"
"758","2025-08-23 8:12:56.903 PM","1.595"
"759","2025-08-23 8:12:56.904 PM","1.595"
"760","2025-08-23 8:12:56.905 PM","1.595"
"761","2025-08-23 8:12:56.906 PM","1.595"
"762","2025-08-23 8:12:56.907 PM","1.595"
"763","2025-08-23 8:12:56.908 PM","1.595"
"764","2025-08-23 8:12:56.909 PM","1.595"
"765","2025-08-23 8:12:56.910 PM","1.590"
"766","2025-08-23 8:12:56.911 PM","1.595"
"767","2025-08-23 8:12:56.912 PM","1.595"
"768","2025-08-23 8:12:56.913 PM","1.653"
"769","2025-08-23 8:12:56.914 PM","1.653"
"770","2025-08-23 8:12:56.915 PM","1.653"
"771","2025-08-23 8:12:56.916 PM","1.653"
"772","2025-08-23 8:12:56.917 PM","1.653"
"773","2025-08-23 8:12:56.918 PM","1.658"
"774","2025-08-23 8:12:56.919 PM","1.653"
"775","2025-08-23 8:12:56.920 PM","1.653"
"776","2025-08-23 8:12:56.921 PM","1.648"
"777","2025-08-23 8:12:56.922 PM","1.648"
"778","2025-08-23 8:12:56.923 PM","1.648"
"779","2025-08-23 8:12:56.924 PM","1.648"
"780","2025-08-23 8:12:56.925 PM","1.648"
"781","2025-08-23 8:12:56.926 PM","1.643"
"782","2025-08-23 8:12:56.927 PM","1.653"
"783","2025-08-23 8:12:56.928 PM","1.653"
"784","2025-08-23 8:12:56.929 PM","1.653"
"785","2025-08-23 8:12:56.930 PM","1.614"
"786","2025-08-23 8:12:56.931 PM","1.614"
"787","2025-08-23 8:12:56.932 PM","1.614"
"788","2025-08-23 8:12:56.933 PM","1.614"
"789","2025-08-23 8:12:56.934 PM","1.614"
"790","2025-08-23 8:12:56.935 PM","1.614"
"791","2025-08-23 8:12:56.936 PM","1.614"
"792","2025-08-23 8:12:56.937 PM","1.614"
"793","2025-08-23 8:12:56.938 PM","1.614"
"794","2025-08-23 8:12:56.939 PM","1.614"
"795","2025-08-23 8:12:56.940 PM","1.614"
"796","2025-08-23 8:12:56.941 PM","1.609"
"797","2025-08-23 8:12:56.942 PM","1.609"
"798","2025-08-23 8:12:56.943 PM","1.609"
"799","2025-08-23 8:12:56.944 PM","1.614"
"800","2025-08-23 8:12:56.945 PM","1.614"
"801","2025-08-23 8:12:56.946 PM","1.614"
"802","2025-08-23 8:12:56.947 PM","1.614"
"803","2025-08-23 8:12:56.948 PM","1.614"
"804","2025-08-23 8:12:56.949 PM","1.609"
"805","2025-08-23 8:12:56.950 PM","1.614"
"806","2025-08-23 8:12:56.951 PM","1.614"
"807","2025-08-23 8:12:56.952 PM","1.609"
"808","2025-08-23 8:12:56.953 PM","1.609"
"809","2025-08-23 8:12:56.954 PM","1.609"
"810","2025-08-23 8:12:56.955 PM","1.609"
"811","2025-08-23 8:12:56.956 PM","1.604"
"812","2025-08-23 8:12:56.957 PM","1.604"
"813","2025-08-23 8:12:56.958 PM","1.604"
"814","2025-08-23 8:12:56.959 PM","1.604"
"815","2025-08-23 8:12:56.960 PM","1.614"
"816","2025-08-23 8:12:56.961 PM","1.609"
"817","2025-08-23 8:12:56.962 PM","1.614"
"818","2025-08-23 8:12:56.963 PM","1.653"
"819","2025-08-23 8:12:56.964 PM","1.653"
"820","2025-08-23 8:12:56.965 PM","1.653"
"821","2025-08-23 8:12:56.966 PM","1.658"
"822","2025-08-23 8:12:56.967 PM","1.653"
"823","2025-08-23 8:12:56.968 PM","1.658"
"824","2025-08-23 8:12:56.969 PM","1.658"
"825","2025-08-23 8:12:56.970 PM","1.653"
"826","2025-08-23 8:12:56.971 PM","1.653"
"827","2025-08-23 8:12:56.972 PM","1.653"
"828","2025-08-23 8:12:56.973 PM","1.653"
"829","2025-08-23 8:12:56.974 PM","1.653"
"830","2025-08-23 8:12:56.975 PM","1.653"
"831","2025-08-23 8:12:56.976 PM","1.653"
"832","2025-08-23 8:12:56.977 PM","1.653"
"833","2025-08-23 8:12:56.978 PM","1.653"
"834","2025-08-23 8:12:56.979 PM","1.614"
"835","2025-08-23 8:12:56.980 PM","1.614"
"836","2025-08-23 8:12:56.981 PM","1.614"
"837","2025-08-23 8:12:56.982 PM","1.614"
"838","2025-08-23 8:12:56.983 PM","1.614"
"839","2025-08-23 8:12:56.984 PM","1.614"
"840","2025-08-23 8:12:56.985 PM","1.609"
"841","2025-08-23 8:12:56.986 PM","1.609"
"842","2025-08-23 8:12:56.987 PM","1.604"
"843","2025-08-23 8:12:56.988 PM","1.609"
"844","2025-08-23 8:12:56.989 PM","1.604"
"845","2025-08-23 8:12:56.990 PM","1.604"
"846","2025-08-23 8:12:56.991 PM","1.600"
"847","2025-08-23 8:12:56.992 PM","1.614"
"848","2025-08-23 8:12:56.993 PM","1.609"
"849","2025-08-23 8:12:56.994 PM","1.614"
"850","2025-08-23 8:12:56.995 PM","1.614"
"851","2025-08-23 8:12:56.996 PM","1.614"
"852","2025-08-23 8:12:56.997 PM","1.614"
"853","2025-08-23 8:12:56.998 PM","1.614"
"854","2025-08-23 8:12:56.999 PM","1.614"
"855","2025-08-23 8:12:57.000 PM","1.614"
"856","2025-08-23 8:12:57.001 PM","1.614"
"857","2025-08-23 8:12:57.002 PM","1.614"
"858","2025-08-23 8:12:57.003 PM","1.614"
"859","2025-08-23 8:12:57.004 PM","1.609"
"860","2025-08-23 8:12:57.005 PM","1.614"
"861","2025-08-23 8:12:57.006 PM","1.614"
"862","2025-08-23 8:12:57.007 PM","1.609"
"863","2025-08-23 8:12:57.008 PM","1.614"
"864","2025-08-23 8:12:57.009 PM","1.614"
"865","2025-08-23 8:12:57.010 PM","1.614"
"866","2025-08-23 8:12:57.011 PM","1.614"
"867","2025-08-23 8:12:57.012 PM","1.658"
"868","2025-08-23 8:12:57.013 PM","1.658"
"869","2025-08-23 8:12:57.014 PM","1.653"
"870","2025-08-23 8:12:57.015 PM","1.653"
"871","2025-08-23 8:12:57.016 PM","1.658"
"872","2025-08-23 8:12:57.017 PM","1.653"
"873","2025-08-23 8:12:57.018 PM","1.653"
"874","2025-08-23 8:12:57.019 PM","1.648"
"875","2025-08-23 8:12:57.020 PM","1.648"
"876","2025-08-23 8:12:57.021 PM","1.643"
"877","2025-08-23 8:12:57.022 PM","1.648"
"878","2025-08-23 8:12:57.023 PM","1.643"
"879","2025-08-23 8:12:57.024 PM","1.648"
"880","2025-08-23 8:12:57.025 PM","1.658"
"881","2025-08-23 8:12:57.026 PM","1.653"
"882","2025-08-23 8:12:57.027 PM","1.653"
"883","2025-08-23 8:12:57.028 PM","1.653"
"884","2025-08-23 8:12:57.029 PM","1.614"
"885","2025-08-23 8:12:57.030 PM","1.614"
"886","2025-08-23 8:12:57.031 PM","1.614"
"887","2025-08-23 8:12:57.032 PM","1.614"
"888","2025-08-23 8:12:57.033 PM","1.614"
"889","2025-08-23 8:12:57.034 PM","1.614"
"890","2025-08-23 8:12:57.035 PM","1.614"
"891","2025-08-23 8:12:57.036 PM","1.614"
"892","2025-08-23 8:12:57.037 PM","1.614"
"893","2025-08-23 8:12:57.038 PM","1.614"
"894","2025-08-23 8:12:57.039 PM","1.614"
"895","2025-08-23 8:12:57.040 PM","1.609"
"896","2025-08-23 8:12:57.041 PM","1.609"
"897","2025-08-23 8:12:57.042 PM","1.609"
"898","2025-08-23 8:12:57.043 PM","1.614"
"899","2025-08-23 8:12:57.044 PM","1.614"
"900","2025-08-23 8:12:57.045 PM","1.614"
"901","2025-08-23 8:12:57.046 PM","1.614"
"902","2025-08-23 8:12:57.047 PM","1.609"
"903","2025-08-23 8:12:57.048 PM","1.614"
"904","2025-08-23 8:12:57.049 PM","1.614"
"905","2025-08-23 8:12:57.050 PM","1.614"
"906","2025-08-23 8:12:57.051 PM","1.609"
"907","2025-08-23 8:12:57.052 PM","1.609"
"908","2025-08-23 8:12:57.053 PM","1.609"
"909","2025-08-23 8:12:57.054 PM","1.604"
"910","2025-08-23 8:12:57.055 PM","1.604"
"911","2025-08-23 8:12:57.056 PM","1.604"
"912","2025-08-23 8:12:57.057 PM","1.614"
"913","2025-08-23 8:12:57.058 PM","1.614"
"914","2025-08-23 8:12:57.059 PM","1.614"
"915","2025-08-23 8:12:57.060 PM","1.609"
"916","2025-08-23 8:12:57.061 PM","1.609"
"917","2025-08-23 8:12:57.062 PM","1.653"
"918","2025-08-23 8:12:57.063 PM","1.653"
"919","2025-08-23 8:12:57.064 PM","1.653"
"920","2025-08-23 8:12:57.065 PM","1.653"
"921","2025-08-23 8:12:57.066 PM","1.653"
"922","2025-08-23 8:12:57.067 PM","1.653"
"923","2025-08-23 8:12:57.068 PM","1.653"
"924","2025-08-23 8:12:57.069 PM","1.653"
"925","2025-08-23 8:12:57.070 PM","1.653"
"926","2025-08-23 8:12:57.071 PM","1.653"
"927","2025-08-23 8:12:57.072 PM","1.653"
