"Device: USB-205"
"Serial Number: 22B4008"
"Channel Count: 1"
"Sample Count: 12222"
"Start Time: 2025-08-23 7:33:36.520 PM"
"Scan Rate: 1000"
"Sample","Date/Time","AI0 (V)"
"0","2025-08-23 7:33:36.520 PM","2.171"
"1","2025-08-23 7:33:36.521 PM","2.171"
"2","2025-08-23 7:33:36.522 PM","2.171"
"3","2025-08-23 7:33:36.523 PM","2.171"
"4","2025-08-23 7:33:36.524 PM","2.166"
"5","2025-08-23 7:33:36.525 PM","2.166"
"6","2025-08-23 7:33:36.526 PM","2.176"
"7","2025-08-23 7:33:36.527 PM","2.181"
"8","2025-08-23 7:33:36.528 PM","2.176"
"9","2025-08-23 7:33:36.529 PM","2.176"
"10","2025-08-23 7:33:36.530 PM","2.176"
"11","2025-08-23 7:33:36.531 PM","2.430"
"12","2025-08-23 7:33:36.532 PM","2.430"
"13","2025-08-23 7:33:36.533 PM","2.430"
"14","2025-08-23 7:33:36.534 PM","2.430"
"15","2025-08-23 7:33:36.535 PM","2.430"
"16","2025-08-23 7:33:36.536 PM","2.430"
"17","2025-08-23 7:33:36.537 PM","2.430"
"18","2025-08-23 7:33:36.538 PM","2.425"
"19","2025-08-23 7:33:36.539 PM","2.425"
"20","2025-08-23 7:33:36.540 PM","2.430"
"21","2025-08-23 7:33:36.541 PM","2.425"
"22","2025-08-23 7:33:36.542 PM","2.425"
"23","2025-08-23 7:33:36.543 PM","2.425"
"24","2025-08-23 7:33:36.544 PM","2.425"
"25","2025-08-23 7:33:36.545 PM","2.430"
"26","2025-08-23 7:33:36.546 PM","2.430"
"27","2025-08-23 7:33:36.547 PM","2.430"
"28","2025-08-23 7:33:36.548 PM","2.254"
"29","2025-08-23 7:33:36.549 PM","2.254"
"30","2025-08-23 7:33:36.550 PM","2.254"
"31","2025-08-23 7:33:36.551 PM","2.254"
"32","2025-08-23 7:33:36.552 PM","2.254"
"33","2025-08-23 7:33:36.553 PM","2.249"
"34","2025-08-23 7:33:36.554 PM","2.249"
"35","2025-08-23 7:33:36.555 PM","2.249"
"36","2025-08-23 7:33:36.556 PM","2.249"
"37","2025-08-23 7:33:36.557 PM","2.239"
"38","2025-08-23 7:33:36.558 PM","2.254"
"39","2025-08-23 7:33:36.559 PM","2.254"
"40","2025-08-23 7:33:36.560 PM","2.259"
"41","2025-08-23 7:33:36.561 PM","2.254"
"42","2025-08-23 7:33:36.562 PM","2.249"
"43","2025-08-23 7:33:36.563 PM","2.254"
"44","2025-08-23 7:33:36.564 PM","2.176"
"45","2025-08-23 7:33:36.565 PM","2.176"
"46","2025-08-23 7:33:36.566 PM","2.176"
"47","2025-08-23 7:33:36.567 PM","2.176"
"48","2025-08-23 7:33:36.568 PM","2.176"
"49","2025-08-23 7:33:36.569 PM","2.176"
"50","2025-08-23 7:33:36.570 PM","2.176"
"51","2025-08-23 7:33:36.571 PM","2.176"
"52","2025-08-23 7:33:36.572 PM","2.176"
"53","2025-08-23 7:33:36.573 PM","2.176"
"54","2025-08-23 7:33:36.574 PM","2.171"
"55","2025-08-23 7:33:36.575 PM","2.171"
"56","2025-08-23 7:33:36.576 PM","2.176"
"57","2025-08-23 7:33:36.577 PM","2.171"
"58","2025-08-23 7:33:36.578 PM","2.176"
"59","2025-08-23 7:33:36.579 PM","2.176"
"60","2025-08-23 7:33:36.580 PM","2.176"
"61","2025-08-23 7:33:36.581 PM","2.430"
"62","2025-08-23 7:33:36.582 PM","2.430"
"63","2025-08-23 7:33:36.583 PM","2.430"
"64","2025-08-23 7:33:36.584 PM","2.430"
"65","2025-08-23 7:33:36.585 PM","2.430"
"66","2025-08-23 7:33:36.586 PM","2.425"
"67","2025-08-23 7:33:36.587 PM","2.420"
"68","2025-08-23 7:33:36.588 PM","2.420"
"69","2025-08-23 7:33:36.589 PM","2.415"
"70","2025-08-23 7:33:36.590 PM","2.430"
"71","2025-08-23 7:33:36.591 PM","2.430"
"72","2025-08-23 7:33:36.592 PM","2.430"
"73","2025-08-23 7:33:36.593 PM","2.435"
"74","2025-08-23 7:33:36.594 PM","2.425"
"75","2025-08-23 7:33:36.595 PM","2.430"
"76","2025-08-23 7:33:36.596 PM","2.430"
"77","2025-08-23 7:33:36.597 PM","2.254"
"78","2025-08-23 7:33:36.598 PM","2.254"
"79","2025-08-23 7:33:36.599 PM","2.254"
"80","2025-08-23 7:33:36.600 PM","2.254"
"81","2025-08-23 7:33:36.601 PM","2.254"
"82","2025-08-23 7:33:36.602 PM","2.254"
"83","2025-08-23 7:33:36.603 PM","2.254"
"84","2025-08-23 7:33:36.604 PM","2.254"
"85","2025-08-23 7:33:36.605 PM","2.249"
"86","2025-08-23 7:33:36.606 PM","2.249"
"87","2025-08-23 7:33:36.607 PM","2.249"
"88","2025-08-23 7:33:36.608 PM","2.249"
"89","2025-08-23 7:33:36.609 PM","2.249"
"90","2025-08-23 7:33:36.610 PM","2.249"
"91","2025-08-23 7:33:36.611 PM","2.254"
"92","2025-08-23 7:33:36.612 PM","2.254"
"93","2025-08-23 7:33:36.613 PM","2.254"
"94","2025-08-23 7:33:36.614 PM","2.176"
"95","2025-08-23 7:33:36.615 PM","2.176"
"96","2025-08-23 7:33:36.616 PM","2.176"
"97","2025-08-23 7:33:36.617 PM","2.176"
"98","2025-08-23 7:33:36.618 PM","2.176"
"99","2025-08-23 7:33:36.619 PM","2.171"
"100","2025-08-23 7:33:36.620 PM","2.166"
"101","2025-08-23 7:33:36.621 PM","2.166"
"102","2025-08-23 7:33:36.622 PM","2.166"
"103","2025-08-23 7:33:36.623 PM","2.176"
"104","2025-08-23 7:33:36.624 PM","2.181"
"105","2025-08-23 7:33:36.625 PM","2.181"
"106","2025-08-23 7:33:36.626 PM","2.181"
"107","2025-08-23 7:33:36.627 PM","2.176"
"108","2025-08-23 7:33:36.628 PM","2.176"
"109","2025-08-23 7:33:36.629 PM","2.176"
"110","2025-08-23 7:33:36.630 PM","2.430"
"111","2025-08-23 7:33:36.631 PM","2.430"
"112","2025-08-23 7:33:36.632 PM","2.430"
"113","2025-08-23 7:33:36.633 PM","2.430"
"114","2025-08-23 7:33:36.634 PM","2.430"
"115","2025-08-23 7:33:36.635 PM","2.430"
"116","2025-08-23 7:33:36.636 PM","2.430"
"117","2025-08-23 7:33:36.637 PM","2.425"
"118","2025-08-23 7:33:36.638 PM","2.430"
"119","2025-08-23 7:33:36.639 PM","2.425"
"120","2025-08-23 7:33:36.640 PM","2.425"
"121","2025-08-23 7:33:36.641 PM","2.425"
"122","2025-08-23 7:33:36.642 PM","2.425"
"123","2025-08-23 7:33:36.643 PM","2.425"
"124","2025-08-23 7:33:36.644 PM","2.430"
"125","2025-08-23 7:33:36.645 PM","2.425"
"126","2025-08-23 7:33:36.646 PM","2.430"
"127","2025-08-23 7:33:36.647 PM","2.269"
"128","2025-08-23 7:33:36.648 PM","2.269"
"129","2025-08-23 7:33:36.649 PM","2.269"
"130","2025-08-23 7:33:36.650 PM","2.274"
"131","2025-08-23 7:33:36.651 PM","2.269"
"132","2025-08-23 7:33:36.652 PM","2.264"
"133","2025-08-23 7:33:36.653 PM","2.264"
"134","2025-08-23 7:33:36.654 PM","2.259"
"135","2025-08-23 7:33:36.655 PM","2.269"
"136","2025-08-23 7:33:36.656 PM","2.274"
"137","2025-08-23 7:33:36.657 PM","2.274"
"138","2025-08-23 7:33:36.658 PM","2.274"
"139","2025-08-23 7:33:36.659 PM","2.269"
"140","2025-08-23 7:33:36.660 PM","2.269"
"141","2025-08-23 7:33:36.661 PM","2.269"
"142","2025-08-23 7:33:36.662 PM","2.269"
"143","2025-08-23 7:33:36.663 PM","2.161"
"144","2025-08-23 7:33:36.664 PM","2.161"
"145","2025-08-23 7:33:36.665 PM","2.156"
"146","2025-08-23 7:33:36.666 PM","2.161"
"147","2025-08-23 7:33:36.667 PM","2.156"
"148","2025-08-23 7:33:36.668 PM","2.156"
"149","2025-08-23 7:33:36.669 PM","2.156"
"150","2025-08-23 7:33:36.670 PM","2.156"
"151","2025-08-23 7:33:36.671 PM","2.156"
"152","2025-08-23 7:33:36.672 PM","2.156"
"153","2025-08-23 7:33:36.673 PM","2.156"
"154","2025-08-23 7:33:36.674 PM","2.156"
"155","2025-08-23 7:33:36.675 PM","2.156"
"156","2025-08-23 7:33:36.676 PM","2.156"
"157","2025-08-23 7:33:36.677 PM","2.161"
"158","2025-08-23 7:33:36.678 PM","2.156"
"159","2025-08-23 7:33:36.679 PM","2.156"
"160","2025-08-23 7:33:36.680 PM","2.430"
"161","2025-08-23 7:33:36.681 PM","2.430"
"162","2025-08-23 7:33:36.682 PM","2.430"
"163","2025-08-23 7:33:36.683 PM","2.430"
"164","2025-08-23 7:33:36.684 PM","2.430"
"165","2025-08-23 7:33:36.685 PM","2.420"
"166","2025-08-23 7:33:36.686 PM","2.420"
"167","2025-08-23 7:33:36.687 PM","2.420"
"168","2025-08-23 7:33:36.688 PM","2.430"
"169","2025-08-23 7:33:36.689 PM","2.430"
"170","2025-08-23 7:33:36.690 PM","2.435"
"171","2025-08-23 7:33:36.691 PM","2.435"
"172","2025-08-23 7:33:36.692 PM","2.425"
"173","2025-08-23 7:33:36.693 PM","2.425"
"174","2025-08-23 7:33:36.694 PM","2.430"
"175","2025-08-23 7:33:36.695 PM","2.425"
"176","2025-08-23 7:33:36.696 PM","2.269"
"177","2025-08-23 7:33:36.697 PM","2.269"
"178","2025-08-23 7:33:36.698 PM","2.274"
"179","2025-08-23 7:33:36.699 PM","2.274"
"180","2025-08-23 7:33:36.700 PM","2.269"
"181","2025-08-23 7:33:36.701 PM","2.269"
"182","2025-08-23 7:33:36.702 PM","2.269"
"183","2025-08-23 7:33:36.703 PM","2.269"
"184","2025-08-23 7:33:36.704 PM","2.269"
"185","2025-08-23 7:33:36.705 PM","2.269"
"186","2025-08-23 7:33:36.706 PM","2.269"
"187","2025-08-23 7:33:36.707 PM","2.269"
"188","2025-08-23 7:33:36.708 PM","2.264"
"189","2025-08-23 7:33:36.709 PM","2.264"
"190","2025-08-23 7:33:36.710 PM","2.269"
"191","2025-08-23 7:33:36.711 PM","2.269"
"192","2025-08-23 7:33:36.712 PM","2.269"
"193","2025-08-23 7:33:36.713 PM","2.161"
"194","2025-08-23 7:33:36.714 PM","2.156"
"195","2025-08-23 7:33:36.715 PM","2.156"
"196","2025-08-23 7:33:36.716 PM","2.161"
"197","2025-08-23 7:33:36.717 PM","2.156"
"198","2025-08-23 7:33:36.718 PM","2.151"
"199","2025-08-23 7:33:36.719 PM","2.151"
"200","2025-08-23 7:33:36.720 PM","2.161"
"201","2025-08-23 7:33:36.721 PM","2.161"
"202","2025-08-23 7:33:36.722 PM","2.161"
"203","2025-08-23 7:33:36.723 PM","2.166"
"204","2025-08-23 7:33:36.724 PM","2.156"
"205","2025-08-23 7:33:36.725 PM","2.156"
"206","2025-08-23 7:33:36.726 PM","2.151"
"207","2025-08-23 7:33:36.727 PM","2.156"
"208","2025-08-23 7:33:36.728 PM","2.156"
"209","2025-08-23 7:33:36.729 PM","2.430"
"210","2025-08-23 7:33:36.730 PM","2.430"
"211","2025-08-23 7:33:36.731 PM","2.430"
"212","2025-08-23 7:33:36.732 PM","2.430"
"213","2025-08-23 7:33:36.733 PM","2.430"
"214","2025-08-23 7:33:36.734 PM","2.430"
"215","2025-08-23 7:33:36.735 PM","2.425"
"216","2025-08-23 7:33:36.736 PM","2.430"
"217","2025-08-23 7:33:36.737 PM","2.425"
"218","2025-08-23 7:33:36.738 PM","2.425"
"219","2025-08-23 7:33:36.739 PM","2.425"
"220","2025-08-23 7:33:36.740 PM","2.425"
"221","2025-08-23 7:33:36.741 PM","2.430"
"222","2025-08-23 7:33:36.742 PM","2.425"
"223","2025-08-23 7:33:36.743 PM","2.425"
"224","2025-08-23 7:33:36.744 PM","2.425"
"225","2025-08-23 7:33:36.745 PM","2.425"
"226","2025-08-23 7:33:36.746 PM","2.288"
"227","2025-08-23 7:33:36.747 PM","2.288"
"228","2025-08-23 7:33:36.748 PM","2.288"
"229","2025-08-23 7:33:36.749 PM","2.288"
"230","2025-08-23 7:33:36.750 PM","2.288"
"231","2025-08-23 7:33:36.751 PM","2.278"
"232","2025-08-23 7:33:36.752 PM","2.298"
"233","2025-08-23 7:33:36.753 PM","2.288"
"234","2025-08-23 7:33:36.754 PM","2.293"
"235","2025-08-23 7:33:36.755 PM","2.293"
"236","2025-08-23 7:33:36.756 PM","2.288"
"237","2025-08-23 7:33:36.757 PM","2.288"
"238","2025-08-23 7:33:36.758 PM","2.288"
"239","2025-08-23 7:33:36.759 PM","2.283"
"240","2025-08-23 7:33:36.760 PM","2.288"
"241","2025-08-23 7:33:36.761 PM","2.288"
"242","2025-08-23 7:33:36.762 PM","2.142"
"243","2025-08-23 7:33:36.763 PM","2.142"
"244","2025-08-23 7:33:36.764 PM","2.142"
"245","2025-08-23 7:33:36.765 PM","2.142"
"246","2025-08-23 7:33:36.766 PM","2.142"
"247","2025-08-23 7:33:36.767 PM","2.142"
"248","2025-08-23 7:33:36.768 PM","2.137"
"249","2025-08-23 7:33:36.769 PM","2.137"
"250","2025-08-23 7:33:36.770 PM","2.137"
"251","2025-08-23 7:33:36.771 PM","2.137"
"252","2025-08-23 7:33:36.772 PM","2.137"
"253","2025-08-23 7:33:36.773 PM","2.137"
"254","2025-08-23 7:33:36.774 PM","2.137"
"255","2025-08-23 7:33:36.775 PM","2.137"
"256","2025-08-23 7:33:36.776 PM","2.142"
"257","2025-08-23 7:33:36.777 PM","2.142"
"258","2025-08-23 7:33:36.778 PM","2.142"
"259","2025-08-23 7:33:36.779 PM","2.430"
"260","2025-08-23 7:33:36.780 PM","2.430"
"261","2025-08-23 7:33:36.781 PM","2.430"
"262","2025-08-23 7:33:36.782 PM","2.430"
"263","2025-08-23 7:33:36.783 PM","2.430"
"264","2025-08-23 7:33:36.784 PM","2.420"
"265","2025-08-23 7:33:36.785 PM","2.430"
"266","2025-08-23 7:33:36.786 PM","2.430"
"267","2025-08-23 7:33:36.787 PM","2.435"
"268","2025-08-23 7:33:36.788 PM","2.435"
"269","2025-08-23 7:33:36.789 PM","2.430"
"270","2025-08-23 7:33:36.790 PM","2.425"
"271","2025-08-23 7:33:36.791 PM","2.425"
"272","2025-08-23 7:33:36.792 PM","2.430"
"273","2025-08-23 7:33:36.793 PM","2.430"
"274","2025-08-23 7:33:36.794 PM","2.430"
"275","2025-08-23 7:33:36.795 PM","2.303"
"276","2025-08-23 7:33:36.796 PM","2.303"
"277","2025-08-23 7:33:36.797 PM","2.308"
"278","2025-08-23 7:33:36.798 PM","2.303"
"279","2025-08-23 7:33:36.799 PM","2.308"
"280","2025-08-23 7:33:36.800 PM","2.303"
"281","2025-08-23 7:33:36.801 PM","2.303"
"282","2025-08-23 7:33:36.802 PM","2.303"
"283","2025-08-23 7:33:36.803 PM","2.303"
"284","2025-08-23 7:33:36.804 PM","2.303"
"285","2025-08-23 7:33:36.805 PM","2.303"
"286","2025-08-23 7:33:36.806 PM","2.303"
"287","2025-08-23 7:33:36.807 PM","2.298"
"288","2025-08-23 7:33:36.808 PM","2.298"
"289","2025-08-23 7:33:36.809 PM","2.303"
"290","2025-08-23 7:33:36.810 PM","2.303"
"291","2025-08-23 7:33:36.811 PM","2.303"
"292","2025-08-23 7:33:36.812 PM","2.142"
"293","2025-08-23 7:33:36.813 PM","2.142"
"294","2025-08-23 7:33:36.814 PM","2.142"
"295","2025-08-23 7:33:36.815 PM","2.137"
"296","2025-08-23 7:33:36.816 PM","2.142"
"297","2025-08-23 7:33:36.817 PM","2.142"
"298","2025-08-23 7:33:36.818 PM","2.142"
"299","2025-08-23 7:33:36.819 PM","2.147"
"300","2025-08-23 7:33:36.820 PM","2.142"
"301","2025-08-23 7:33:36.821 PM","2.142"
"302","2025-08-23 7:33:36.822 PM","2.142"
"303","2025-08-23 7:33:36.823 PM","2.142"
"304","2025-08-23 7:33:36.824 PM","2.137"
"305","2025-08-23 7:33:36.825 PM","2.137"
"306","2025-08-23 7:33:36.826 PM","2.137"
"307","2025-08-23 7:33:36.827 PM","2.142"
"308","2025-08-23 7:33:36.828 PM","2.430"
"309","2025-08-23 7:33:36.829 PM","2.430"
"310","2025-08-23 7:33:36.830 PM","2.430"
"311","2025-08-23 7:33:36.831 PM","2.430"
"312","2025-08-23 7:33:36.832 PM","2.430"
"313","2025-08-23 7:33:36.833 PM","2.430"
"314","2025-08-23 7:33:36.834 PM","2.430"
"315","2025-08-23 7:33:36.835 PM","2.430"
"316","2025-08-23 7:33:36.836 PM","2.430"
"317","2025-08-23 7:33:36.837 PM","2.425"
"318","2025-08-23 7:33:36.838 PM","2.425"
"319","2025-08-23 7:33:36.839 PM","2.425"
"320","2025-08-23 7:33:36.840 PM","2.425"
"321","2025-08-23 7:33:36.841 PM","2.425"
"322","2025-08-23 7:33:36.842 PM","2.425"
"323","2025-08-23 7:33:36.843 PM","2.430"
"324","2025-08-23 7:33:36.844 PM","2.430"
"325","2025-08-23 7:33:36.845 PM","2.308"
"326","2025-08-23 7:33:36.846 PM","2.303"
"327","2025-08-23 7:33:36.847 PM","2.308"
"328","2025-08-23 7:33:36.848 PM","2.303"
"329","2025-08-23 7:33:36.849 PM","2.308"
"330","2025-08-23 7:33:36.850 PM","2.308"
"331","2025-08-23 7:33:36.851 PM","2.308"
"332","2025-08-23 7:33:36.852 PM","2.313"
"333","2025-08-23 7:33:36.853 PM","2.313"
"334","2025-08-23 7:33:36.854 PM","2.303"
"335","2025-08-23 7:33:36.855 PM","2.303"
"336","2025-08-23 7:33:36.856 PM","2.303"
"337","2025-08-23 7:33:36.857 PM","2.303"
"338","2025-08-23 7:33:36.858 PM","2.303"
"339","2025-08-23 7:33:36.859 PM","2.303"
"340","2025-08-23 7:33:36.860 PM","2.303"
"341","2025-08-23 7:33:36.861 PM","2.142"
"342","2025-08-23 7:33:36.862 PM","2.142"
"343","2025-08-23 7:33:36.863 PM","2.142"
"344","2025-08-23 7:33:36.864 PM","2.142"
"345","2025-08-23 7:33:36.865 PM","2.142"
"346","2025-08-23 7:33:36.866 PM","2.142"
"347","2025-08-23 7:33:36.867 PM","2.137"
"348","2025-08-23 7:33:36.868 PM","2.137"
"349","2025-08-23 7:33:36.869 PM","2.137"
"350","2025-08-23 7:33:36.870 PM","2.142"
"351","2025-08-23 7:33:36.871 PM","2.137"
"352","2025-08-23 7:33:36.872 PM","2.137"
"353","2025-08-23 7:33:36.873 PM","2.137"
"354","2025-08-23 7:33:36.874 PM","2.137"
"355","2025-08-23 7:33:36.875 PM","2.137"
"356","2025-08-23 7:33:36.876 PM","2.142"
"357","2025-08-23 7:33:36.877 PM","2.142"
"358","2025-08-23 7:33:36.878 PM","2.425"
"359","2025-08-23 7:33:36.879 PM","2.430"
"360","2025-08-23 7:33:36.880 PM","2.430"
"361","2025-08-23 7:33:36.881 PM","2.430"
"362","2025-08-23 7:33:36.882 PM","2.430"
"363","2025-08-23 7:33:36.883 PM","2.430"
"364","2025-08-23 7:33:36.884 PM","2.435"
"365","2025-08-23 7:33:36.885 PM","2.435"
"366","2025-08-23 7:33:36.886 PM","2.430"
"367","2025-08-23 7:33:36.887 PM","2.425"
"368","2025-08-23 7:33:36.888 PM","2.425"
"369","2025-08-23 7:33:36.889 PM","2.425"
"370","2025-08-23 7:33:36.890 PM","2.425"
"371","2025-08-23 7:33:36.891 PM","2.425"
"372","2025-08-23 7:33:36.892 PM","2.430"
"373","2025-08-23 7:33:36.893 PM","2.425"
"374","2025-08-23 7:33:36.894 PM","2.303"
"375","2025-08-23 7:33:36.895 PM","2.303"
"376","2025-08-23 7:33:36.896 PM","2.308"
"377","2025-08-23 7:33:36.897 PM","2.308"
"378","2025-08-23 7:33:36.898 PM","2.308"
"379","2025-08-23 7:33:36.899 PM","2.303"
"380","2025-08-23 7:33:36.900 PM","2.303"
"381","2025-08-23 7:33:36.901 PM","2.303"
"382","2025-08-23 7:33:36.902 PM","2.303"
"383","2025-08-23 7:33:36.903 PM","2.303"
"384","2025-08-23 7:33:36.904 PM","2.298"
"385","2025-08-23 7:33:36.905 PM","2.303"
"386","2025-08-23 7:33:36.906 PM","2.303"
"387","2025-08-23 7:33:36.907 PM","2.303"
"388","2025-08-23 7:33:36.908 PM","2.303"
"389","2025-08-23 7:33:36.909 PM","2.303"
"390","2025-08-23 7:33:36.910 PM","2.303"
"391","2025-08-23 7:33:36.911 PM","2.117"
"392","2025-08-23 7:33:36.912 PM","2.117"
"393","2025-08-23 7:33:36.913 PM","2.117"
"394","2025-08-23 7:33:36.914 PM","2.117"
"395","2025-08-23 7:33:36.915 PM","2.117"
"396","2025-08-23 7:33:36.916 PM","2.122"
"397","2025-08-23 7:33:36.917 PM","2.127"
"398","2025-08-23 7:33:36.918 PM","2.122"
"399","2025-08-23 7:33:36.919 PM","2.117"
"400","2025-08-23 7:33:36.920 PM","2.117"
"401","2025-08-23 7:33:36.921 PM","2.117"
"402","2025-08-23 7:33:36.922 PM","2.112"
"403","2025-08-23 7:33:36.923 PM","2.117"
"404","2025-08-23 7:33:36.924 PM","2.117"
"405","2025-08-23 7:33:36.925 PM","2.117"
"406","2025-08-23 7:33:36.926 PM","2.117"
"407","2025-08-23 7:33:36.927 PM","2.117"
"408","2025-08-23 7:33:36.928 PM","2.430"
"409","2025-08-23 7:33:36.929 PM","2.430"
"410","2025-08-23 7:33:36.930 PM","2.430"
"411","2025-08-23 7:33:36.931 PM","2.430"
"412","2025-08-23 7:33:36.932 PM","2.430"
"413","2025-08-23 7:33:36.933 PM","2.430"
"414","2025-08-23 7:33:36.934 PM","2.425"
"415","2025-08-23 7:33:36.935 PM","2.425"
"416","2025-08-23 7:33:36.936 PM","2.425"
"417","2025-08-23 7:33:36.937 PM","2.425"
"418","2025-08-23 7:33:36.938 PM","2.425"
"419","2025-08-23 7:33:36.939 PM","2.425"
"420","2025-08-23 7:33:36.940 PM","2.420"
"421","2025-08-23 7:33:36.941 PM","2.425"
"422","2025-08-23 7:33:36.942 PM","2.430"
"423","2025-08-23 7:33:36.943 PM","2.430"
"424","2025-08-23 7:33:36.944 PM","2.322"
"425","2025-08-23 7:33:36.945 PM","2.322"
"426","2025-08-23 7:33:36.946 PM","2.322"
"427","2025-08-23 7:33:36.947 PM","2.322"
"428","2025-08-23 7:33:36.948 PM","2.322"
"429","2025-08-23 7:33:36.949 PM","2.327"
"430","2025-08-23 7:33:36.950 PM","2.327"
"431","2025-08-23 7:33:36.951 PM","2.322"
"432","2025-08-23 7:33:36.952 PM","2.317"
"433","2025-08-23 7:33:36.953 PM","2.322"
"434","2025-08-23 7:33:36.954 PM","2.317"
"435","2025-08-23 7:33:36.955 PM","2.322"
"436","2025-08-23 7:33:36.956 PM","2.322"
"437","2025-08-23 7:33:36.957 PM","2.317"
"438","2025-08-23 7:33:36.958 PM","2.322"
"439","2025-08-23 7:33:36.959 PM","2.322"
"440","2025-08-23 7:33:36.960 PM","2.142"
"441","2025-08-23 7:33:36.961 PM","2.142"
"442","2025-08-23 7:33:36.962 PM","2.142"
"443","2025-08-23 7:33:36.963 PM","2.137"
"444","2025-08-23 7:33:36.964 PM","2.142"
"445","2025-08-23 7:33:36.965 PM","2.142"
"446","2025-08-23 7:33:36.966 PM","2.137"
"447","2025-08-23 7:33:36.967 PM","2.137"
"448","2025-08-23 7:33:36.968 PM","2.137"
"449","2025-08-23 7:33:36.969 PM","2.137"
"450","2025-08-23 7:33:36.970 PM","2.137"
"451","2025-08-23 7:33:36.971 PM","2.137"
"452","2025-08-23 7:33:36.972 PM","2.137"
"453","2025-08-23 7:33:36.973 PM","2.137"
"454","2025-08-23 7:33:36.974 PM","2.137"
"455","2025-08-23 7:33:36.975 PM","2.142"
"456","2025-08-23 7:33:36.976 PM","2.142"
"457","2025-08-23 7:33:36.977 PM","2.430"
"458","2025-08-23 7:33:36.978 PM","2.430"
"459","2025-08-23 7:33:36.979 PM","2.430"
"460","2025-08-23 7:33:36.980 PM","2.430"
"461","2025-08-23 7:33:36.981 PM","2.430"
"462","2025-08-23 7:33:36.982 PM","2.435"
"463","2025-08-23 7:33:36.983 PM","2.567"
"464","2025-08-23 7:33:36.984 PM","2.430"
"465","2025-08-23 7:33:36.985 PM","2.425"
"466","2025-08-23 7:33:36.986 PM","2.425"
"467","2025-08-23 7:33:36.987 PM","2.425"
"468","2025-08-23 7:33:36.988 PM","2.430"
"469","2025-08-23 7:33:36.989 PM","2.425"
"470","2025-08-23 7:33:36.990 PM","2.425"
"471","2025-08-23 7:33:36.991 PM","2.425"
"472","2025-08-23 7:33:36.992 PM","2.425"
"473","2025-08-23 7:33:36.993 PM","2.430"
"474","2025-08-23 7:33:36.994 PM","2.347"
"475","2025-08-23 7:33:36.995 PM","2.347"
"476","2025-08-23 7:33:36.996 PM","2.342"
"477","2025-08-23 7:33:36.997 PM","2.347"
"478","2025-08-23 7:33:36.998 PM","2.347"
"479","2025-08-23 7:33:36.999 PM","2.342"
"480","2025-08-23 7:33:37.000 PM","2.342"
"481","2025-08-23 7:33:37.001 PM","2.342"
"482","2025-08-23 7:33:37.002 PM","2.332"
"483","2025-08-23 7:33:37.003 PM","2.332"
"484","2025-08-23 7:33:37.004 PM","2.332"
"485","2025-08-23 7:33:37.005 PM","2.332"
"486","2025-08-23 7:33:37.006 PM","2.332"
"487","2025-08-23 7:33:37.007 PM","2.342"
"488","2025-08-23 7:33:37.008 PM","2.342"
"489","2025-08-23 7:33:37.009 PM","2.347"
"490","2025-08-23 7:33:37.010 PM","2.117"
"491","2025-08-23 7:33:37.011 PM","2.122"
"492","2025-08-23 7:33:37.012 PM","2.117"
"493","2025-08-23 7:33:37.013 PM","2.117"
"494","2025-08-23 7:33:37.014 PM","2.117"
"495","2025-08-23 7:33:37.015 PM","2.127"
"496","2025-08-23 7:33:37.016 PM","2.117"
"497","2025-08-23 7:33:37.017 PM","2.117"
"498","2025-08-23 7:33:37.018 PM","2.117"
"499","2025-08-23 7:33:37.019 PM","2.117"
"500","2025-08-23 7:33:37.020 PM","2.117"
"501","2025-08-23 7:33:37.021 PM","2.117"
"502","2025-08-23 7:33:37.022 PM","2.117"
"503","2025-08-23 7:33:37.023 PM","2.117"
"504","2025-08-23 7:33:37.024 PM","2.117"
"505","2025-08-23 7:33:37.025 PM","2.117"
"506","2025-08-23 7:33:37.026 PM","2.117"
"507","2025-08-23 7:33:37.027 PM","2.410"
"508","2025-08-23 7:33:37.028 PM","2.415"
"509","2025-08-23 7:33:37.029 PM","2.410"
"510","2025-08-23 7:33:37.030 PM","2.410"
"511","2025-08-23 7:33:37.031 PM","2.410"
"512","2025-08-23 7:33:37.032 PM","2.410"
"513","2025-08-23 7:33:37.033 PM","2.410"
"514","2025-08-23 7:33:37.034 PM","2.405"
"515","2025-08-23 7:33:37.035 PM","2.405"
"516","2025-08-23 7:33:37.036 PM","2.410"
"517","2025-08-23 7:33:37.037 PM","2.405"
"518","2025-08-23 7:33:37.038 PM","2.405"
"519","2025-08-23 7:33:37.039 PM","2.410"
"520","2025-08-23 7:33:37.040 PM","2.410"
"521","2025-08-23 7:33:37.041 PM","2.410"
"522","2025-08-23 7:33:37.042 PM","2.410"
"523","2025-08-23 7:33:37.043 PM","2.342"
"524","2025-08-23 7:33:37.044 PM","2.342"
"525","2025-08-23 7:33:37.045 PM","2.347"
"526","2025-08-23 7:33:37.046 PM","2.342"
"527","2025-08-23 7:33:37.047 PM","2.342"
"528","2025-08-23 7:33:37.048 PM","2.347"
"529","2025-08-23 7:33:37.049 PM","2.342"
"530","2025-08-23 7:33:37.050 PM","2.342"
"531","2025-08-23 7:33:37.051 PM","2.347"
"532","2025-08-23 7:33:37.052 PM","2.342"
"533","2025-08-23 7:33:37.053 PM","2.342"
"534","2025-08-23 7:33:37.054 PM","2.347"
"535","2025-08-23 7:33:37.055 PM","2.342"
"536","2025-08-23 7:33:37.056 PM","2.342"
"537","2025-08-23 7:33:37.057 PM","2.342"
"538","2025-08-23 7:33:37.058 PM","2.342"
"539","2025-08-23 7:33:37.059 PM","2.117"
"540","2025-08-23 7:33:37.060 PM","2.117"
"541","2025-08-23 7:33:37.061 PM","2.117"
"542","2025-08-23 7:33:37.062 PM","2.117"
"543","2025-08-23 7:33:37.063 PM","2.117"
"544","2025-08-23 7:33:37.064 PM","2.122"
"545","2025-08-23 7:33:37.065 PM","2.117"
"546","2025-08-23 7:33:37.066 PM","2.112"
"547","2025-08-23 7:33:37.067 PM","2.117"
"548","2025-08-23 7:33:37.068 PM","2.112"
"549","2025-08-23 7:33:37.069 PM","2.112"
"550","2025-08-23 7:33:37.070 PM","2.112"
"551","2025-08-23 7:33:37.071 PM","2.112"
"552","2025-08-23 7:33:37.072 PM","2.112"
"553","2025-08-23 7:33:37.073 PM","2.117"
"554","2025-08-23 7:33:37.074 PM","2.117"
"555","2025-08-23 7:33:37.075 PM","2.117"
"556","2025-08-23 7:33:37.076 PM","2.410"
"557","2025-08-23 7:33:37.077 PM","2.410"
"558","2025-08-23 7:33:37.078 PM","2.410"
"559","2025-08-23 7:33:37.079 PM","2.410"
"560","2025-08-23 7:33:37.080 PM","2.415"
"561","2025-08-23 7:33:37.081 PM","2.410"
"562","2025-08-23 7:33:37.082 PM","2.410"
"563","2025-08-23 7:33:37.083 PM","2.410"
"564","2025-08-23 7:33:37.084 PM","2.410"
"565","2025-08-23 7:33:37.085 PM","2.410"
"566","2025-08-23 7:33:37.086 PM","2.410"
"567","2025-08-23 7:33:37.087 PM","2.410"
"568","2025-08-23 7:33:37.088 PM","2.410"
"569","2025-08-23 7:33:37.089 PM","2.410"
"570","2025-08-23 7:33:37.090 PM","2.410"
"571","2025-08-23 7:33:37.091 PM","2.410"
"572","2025-08-23 7:33:37.092 PM","2.410"
"573","2025-08-23 7:33:37.093 PM","2.361"
"574","2025-08-23 7:33:37.094 PM","2.361"
"575","2025-08-23 7:33:37.095 PM","2.361"
"576","2025-08-23 7:33:37.096 PM","2.361"
"577","2025-08-23 7:33:37.097 PM","2.361"
"578","2025-08-23 7:33:37.098 PM","2.357"
"579","2025-08-23 7:33:37.099 PM","2.357"
"580","2025-08-23 7:33:37.100 PM","2.357"
"581","2025-08-23 7:33:37.101 PM","2.357"
"582","2025-08-23 7:33:37.102 PM","2.357"
"583","2025-08-23 7:33:37.103 PM","2.357"
"584","2025-08-23 7:33:37.104 PM","2.357"
"585","2025-08-23 7:33:37.105 PM","2.352"
"586","2025-08-23 7:33:37.106 PM","2.357"
"587","2025-08-23 7:33:37.107 PM","2.361"
"588","2025-08-23 7:33:37.108 PM","2.361"
"589","2025-08-23 7:33:37.109 PM","2.117"
"590","2025-08-23 7:33:37.110 PM","2.117"
"591","2025-08-23 7:33:37.111 PM","2.117"
"592","2025-08-23 7:33:37.112 PM","2.117"
"593","2025-08-23 7:33:37.113 PM","2.117"
"594","2025-08-23 7:33:37.114 PM","2.117"
"595","2025-08-23 7:33:37.115 PM","2.117"
"596","2025-08-23 7:33:37.116 PM","2.117"
"597","2025-08-23 7:33:37.117 PM","2.117"
"598","2025-08-23 7:33:37.118 PM","2.117"
"599","2025-08-23 7:33:37.119 PM","2.117"
"600","2025-08-23 7:33:37.120 PM","2.117"
"601","2025-08-23 7:33:37.121 PM","2.117"
"602","2025-08-23 7:33:37.122 PM","2.117"
"603","2025-08-23 7:33:37.123 PM","2.117"
"604","2025-08-23 7:33:37.124 PM","2.117"
"605","2025-08-23 7:33:37.125 PM","2.122"
"606","2025-08-23 7:33:37.126 PM","2.410"
"607","2025-08-23 7:33:37.127 PM","2.410"
"608","2025-08-23 7:33:37.128 PM","2.410"
"609","2025-08-23 7:33:37.129 PM","2.415"
"610","2025-08-23 7:33:37.130 PM","2.410"
"611","2025-08-23 7:33:37.131 PM","2.410"
"612","2025-08-23 7:33:37.132 PM","2.405"
"613","2025-08-23 7:33:37.133 PM","2.405"
"614","2025-08-23 7:33:37.134 PM","2.405"
"615","2025-08-23 7:33:37.135 PM","2.405"
"616","2025-08-23 7:33:37.136 PM","2.410"
"617","2025-08-23 7:33:37.137 PM","2.405"
"618","2025-08-23 7:33:37.138 PM","2.405"
"619","2025-08-23 7:33:37.139 PM","2.410"
"620","2025-08-23 7:33:37.140 PM","2.410"
"621","2025-08-23 7:33:37.141 PM","2.410"
"622","2025-08-23 7:33:37.142 PM","2.361"
"623","2025-08-23 7:33:37.143 PM","2.357"
"624","2025-08-23 7:33:37.144 PM","2.361"
"625","2025-08-23 7:33:37.145 PM","2.361"
"626","2025-08-23 7:33:37.146 PM","2.361"
"627","2025-08-23 7:33:37.147 PM","2.361"
"628","2025-08-23 7:33:37.148 PM","2.361"
"629","2025-08-23 7:33:37.149 PM","2.361"
"630","2025-08-23 7:33:37.150 PM","2.361"
"631","2025-08-23 7:33:37.151 PM","2.357"
"632","2025-08-23 7:33:37.152 PM","2.361"
"633","2025-08-23 7:33:37.153 PM","2.361"
"634","2025-08-23 7:33:37.154 PM","2.357"
"635","2025-08-23 7:33:37.155 PM","2.357"
"636","2025-08-23 7:33:37.156 PM","2.357"
"637","2025-08-23 7:33:37.157 PM","2.361"
"638","2025-08-23 7:33:37.158 PM","2.117"
"639","2025-08-23 7:33:37.159 PM","2.117"
"640","2025-08-23 7:33:37.160 PM","2.117"
"641","2025-08-23 7:33:37.161 PM","2.117"
"642","2025-08-23 7:33:37.162 PM","2.122"
"643","2025-08-23 7:33:37.163 PM","2.122"
"644","2025-08-23 7:33:37.164 PM","2.117"
"645","2025-08-23 7:33:37.165 PM","2.112"
"646","2025-08-23 7:33:37.166 PM","2.112"
"647","2025-08-23 7:33:37.167 PM","2.112"
"648","2025-08-23 7:33:37.168 PM","2.112"
"649","2025-08-23 7:33:37.169 PM","2.112"
"650","2025-08-23 7:33:37.170 PM","2.112"
"651","2025-08-23 7:33:37.171 PM","2.107"
"652","2025-08-23 7:33:37.172 PM","2.117"
"653","2025-08-23 7:33:37.173 PM","2.117"
"654","2025-08-23 7:33:37.174 PM","2.117"
"655","2025-08-23 7:33:37.175 PM","2.410"
"656","2025-08-23 7:33:37.176 PM","2.410"
"657","2025-08-23 7:33:37.177 PM","2.410"
"658","2025-08-23 7:33:37.178 PM","2.410"
"659","2025-08-23 7:33:37.179 PM","2.410"
"660","2025-08-23 7:33:37.180 PM","2.410"
"661","2025-08-23 7:33:37.181 PM","2.410"
"662","2025-08-23 7:33:37.182 PM","2.410"
"663","2025-08-23 7:33:37.183 PM","2.410"
"664","2025-08-23 7:33:37.184 PM","2.405"
"665","2025-08-23 7:33:37.185 PM","2.410"
"666","2025-08-23 7:33:37.186 PM","2.410"
"667","2025-08-23 7:33:37.187 PM","2.410"
"668","2025-08-23 7:33:37.188 PM","2.410"
"669","2025-08-23 7:33:37.189 PM","2.410"
"670","2025-08-23 7:33:37.190 PM","2.410"
"671","2025-08-23 7:33:37.191 PM","2.410"
"672","2025-08-23 7:33:37.192 PM","2.381"
"673","2025-08-23 7:33:37.193 PM","2.381"
"674","2025-08-23 7:33:37.194 PM","2.376"
"675","2025-08-23 7:33:37.195 PM","2.381"
"676","2025-08-23 7:33:37.196 PM","2.381"
"677","2025-08-23 7:33:37.197 PM","2.376"
"678","2025-08-23 7:33:37.198 PM","2.376"
"679","2025-08-23 7:33:37.199 PM","2.376"
"680","2025-08-23 7:33:37.200 PM","2.371"
"681","2025-08-23 7:33:37.201 PM","2.371"
"682","2025-08-23 7:33:37.202 PM","2.371"
"683","2025-08-23 7:33:37.203 PM","2.371"
"684","2025-08-23 7:33:37.204 PM","2.371"
"685","2025-08-23 7:33:37.205 PM","2.376"
"686","2025-08-23 7:33:37.206 PM","2.376"
"687","2025-08-23 7:33:37.207 PM","2.376"
"688","2025-08-23 7:33:37.208 PM","2.117"
"689","2025-08-23 7:33:37.209 PM","2.122"
"690","2025-08-23 7:33:37.210 PM","2.117"
"691","2025-08-23 7:33:37.211 PM","2.122"
"692","2025-08-23 7:33:37.212 PM","2.117"
"693","2025-08-23 7:33:37.213 PM","2.117"
"694","2025-08-23 7:33:37.214 PM","2.117"
"695","2025-08-23 7:33:37.215 PM","2.117"
"696","2025-08-23 7:33:37.216 PM","2.117"
"697","2025-08-23 7:33:37.217 PM","2.117"
"698","2025-08-23 7:33:37.218 PM","2.117"
"699","2025-08-23 7:33:37.219 PM","2.117"
"700","2025-08-23 7:33:37.220 PM","2.117"
"701","2025-08-23 7:33:37.221 PM","2.117"
"702","2025-08-23 7:33:37.222 PM","2.117"
"703","2025-08-23 7:33:37.223 PM","2.117"
"704","2025-08-23 7:33:37.224 PM","2.117"
"705","2025-08-23 7:33:37.225 PM","2.396"
"706","2025-08-23 7:33:37.226 PM","2.396"
"707","2025-08-23 7:33:37.227 PM","2.396"
"708","2025-08-23 7:33:37.228 PM","2.396"
"709","2025-08-23 7:33:37.229 PM","2.396"
"710","2025-08-23 7:33:37.230 PM","2.391"
"711","2025-08-23 7:33:37.231 PM","2.391"
"712","2025-08-23 7:33:37.232 PM","2.391"
"713","2025-08-23 7:33:37.233 PM","2.391"
"714","2025-08-23 7:33:37.234 PM","2.386"
"715","2025-08-23 7:33:37.235 PM","2.391"
"716","2025-08-23 7:33:37.236 PM","2.386"
"717","2025-08-23 7:33:37.237 PM","2.386"
"718","2025-08-23 7:33:37.238 PM","2.391"
"719","2025-08-23 7:33:37.239 PM","2.396"
"720","2025-08-23 7:33:37.240 PM","2.396"
"721","2025-08-23 7:33:37.241 PM","2.376"
"722","2025-08-23 7:33:37.242 PM","2.376"
"723","2025-08-23 7:33:37.243 PM","2.381"
"724","2025-08-23 7:33:37.244 PM","2.376"
"725","2025-08-23 7:33:37.245 PM","2.376"
"726","2025-08-23 7:33:37.246 PM","2.376"
"727","2025-08-23 7:33:37.247 PM","2.381"
"728","2025-08-23 7:33:37.248 PM","2.376"
"729","2025-08-23 7:33:37.249 PM","2.376"
"730","2025-08-23 7:33:37.250 PM","2.376"
"731","2025-08-23 7:33:37.251 PM","2.376"
"732","2025-08-23 7:33:37.252 PM","2.376"
"733","2025-08-23 7:33:37.253 PM","2.376"
"734","2025-08-23 7:33:37.254 PM","2.376"
"735","2025-08-23 7:33:37.255 PM","2.376"
"736","2025-08-23 7:33:37.256 PM","2.376"
"737","2025-08-23 7:33:37.257 PM","2.117"
"738","2025-08-23 7:33:37.258 PM","2.117"
"739","2025-08-23 7:33:37.259 PM","2.117"
"740","2025-08-23 7:33:37.260 PM","2.117"
"741","2025-08-23 7:33:37.261 PM","2.117"
"742","2025-08-23 7:33:37.262 PM","2.117"
"743","2025-08-23 7:33:37.263 PM","2.112"
"744","2025-08-23 7:33:37.264 PM","2.117"
"745","2025-08-23 7:33:37.265 PM","2.112"
"746","2025-08-23 7:33:37.266 PM","2.112"
"747","2025-08-23 7:33:37.267 PM","2.112"
"748","2025-08-23 7:33:37.268 PM","2.107"
"749","2025-08-23 7:33:37.269 PM","2.112"
"750","2025-08-23 7:33:37.270 PM","2.107"
"751","2025-08-23 7:33:37.271 PM","2.117"
"752","2025-08-23 7:33:37.272 PM","2.117"
"753","2025-08-23 7:33:37.273 PM","2.117"
"754","2025-08-23 7:33:37.274 PM","2.396"
"755","2025-08-23 7:33:37.275 PM","2.396"
"756","2025-08-23 7:33:37.276 PM","2.396"
"757","2025-08-23 7:33:37.277 PM","2.396"
"758","2025-08-23 7:33:37.278 PM","2.396"
"759","2025-08-23 7:33:37.279 PM","2.396"
"760","2025-08-23 7:33:37.280 PM","2.391"
"761","2025-08-23 7:33:37.281 PM","2.396"
"762","2025-08-23 7:33:37.282 PM","2.396"
"763","2025-08-23 7:33:37.283 PM","2.391"
"764","2025-08-23 7:33:37.284 PM","2.396"
"765","2025-08-23 7:33:37.285 PM","2.391"
"766","2025-08-23 7:33:37.286 PM","2.391"
"767","2025-08-23 7:33:37.287 PM","2.391"
"768","2025-08-23 7:33:37.288 PM","2.391"
"769","2025-08-23 7:33:37.289 PM","2.391"
"770","2025-08-23 7:33:37.290 PM","2.396"
"771","2025-08-23 7:33:37.291 PM","2.381"
"772","2025-08-23 7:33:37.292 PM","2.381"
"773","2025-08-23 7:33:37.293 PM","2.381"
"774","2025-08-23 7:33:37.294 PM","2.381"
"775","2025-08-23 7:33:37.295 PM","2.381"
"776","2025-08-23 7:33:37.296 PM","2.376"
"777","2025-08-23 7:33:37.297 PM","2.371"
"778","2025-08-23 7:33:37.298 PM","2.371"
"779","2025-08-23 7:33:37.299 PM","2.371"
"780","2025-08-23 7:33:37.300 PM","2.371"
"781","2025-08-23 7:33:37.301 PM","2.366"
"782","2025-08-23 7:33:37.302 PM","2.366"
"783","2025-08-23 7:33:37.303 PM","2.366"
"784","2025-08-23 7:33:37.304 PM","2.376"
"785","2025-08-23 7:33:37.305 PM","2.376"
"786","2025-08-23 7:33:37.306 PM","2.381"
"787","2025-08-23 7:33:37.307 PM","2.117"
"788","2025-08-23 7:33:37.308 PM","2.117"
"789","2025-08-23 7:33:37.309 PM","2.117"
"790","2025-08-23 7:33:37.310 PM","2.117"
"791","2025-08-23 7:33:37.311 PM","2.122"
"792","2025-08-23 7:33:37.312 PM","2.117"
"793","2025-08-23 7:33:37.313 PM","2.117"
"794","2025-08-23 7:33:37.314 PM","2.117"
"795","2025-08-23 7:33:37.315 PM","2.117"
"796","2025-08-23 7:33:37.316 PM","2.117"
"797","2025-08-23 7:33:37.317 PM","2.117"
"798","2025-08-23 7:33:37.318 PM","2.117"
"799","2025-08-23 7:33:37.319 PM","2.117"
"800","2025-08-23 7:33:37.320 PM","2.117"
"801","2025-08-23 7:33:37.321 PM","2.117"
"802","2025-08-23 7:33:37.322 PM","2.117"
"803","2025-08-23 7:33:37.323 PM","2.117"
"804","2025-08-23 7:33:37.324 PM","2.381"
"805","2025-08-23 7:33:37.325 PM","2.381"
"806","2025-08-23 7:33:37.326 PM","2.381"
"807","2025-08-23 7:33:37.327 PM","2.376"
"808","2025-08-23 7:33:37.328 PM","2.376"
"809","2025-08-23 7:33:37.329 PM","2.371"
"810","2025-08-23 7:33:37.330 PM","2.376"
"811","2025-08-23 7:33:37.331 PM","2.371"
"812","2025-08-23 7:33:37.332 PM","2.376"
"813","2025-08-23 7:33:37.333 PM","2.371"
"814","2025-08-23 7:33:37.334 PM","2.371"
"815","2025-08-23 7:33:37.335 PM","2.366"
"816","2025-08-23 7:33:37.336 PM","2.376"
"817","2025-08-23 7:33:37.337 PM","2.376"
"818","2025-08-23 7:33:37.338 PM","2.376"
"819","2025-08-23 7:33:37.339 PM","2.376"
"820","2025-08-23 7:33:37.340 PM","2.396"
"821","2025-08-23 7:33:37.341 PM","2.396"
"822","2025-08-23 7:33:37.342 PM","2.396"
"823","2025-08-23 7:33:37.343 PM","2.396"
"824","2025-08-23 7:33:37.344 PM","2.396"
"825","2025-08-23 7:33:37.345 PM","2.396"
"826","2025-08-23 7:33:37.346 PM","2.396"
"827","2025-08-23 7:33:37.347 PM","2.391"
"828","2025-08-23 7:33:37.348 PM","2.391"
"829","2025-08-23 7:33:37.349 PM","2.396"
"830","2025-08-23 7:33:37.350 PM","2.396"
"831","2025-08-23 7:33:37.351 PM","2.396"
"832","2025-08-23 7:33:37.352 PM","2.391"
"833","2025-08-23 7:33:37.353 PM","2.391"
"834","2025-08-23 7:33:37.354 PM","2.396"
"835","2025-08-23 7:33:37.355 PM","2.396"
"836","2025-08-23 7:33:37.356 PM","2.396"
"837","2025-08-23 7:33:37.357 PM","2.117"
"838","2025-08-23 7:33:37.358 PM","2.117"
"839","2025-08-23 7:33:37.359 PM","2.117"
"840","2025-08-23 7:33:37.360 PM","2.122"
"841","2025-08-23 7:33:37.361 PM","2.117"
"842","2025-08-23 7:33:37.362 PM","2.112"
"843","2025-08-23 7:33:37.363 PM","2.112"
"844","2025-08-23 7:33:37.364 PM","2.112"
"845","2025-08-23 7:33:37.365 PM","2.107"
"846","2025-08-23 7:33:37.366 PM","2.112"
"847","2025-08-23 7:33:37.367 PM","2.107"
"848","2025-08-23 7:33:37.368 PM","2.107"
"849","2025-08-23 7:33:37.369 PM","2.117"
"850","2025-08-23 7:33:37.370 PM","2.117"
"851","2025-08-23 7:33:37.371 PM","2.117"
"852","2025-08-23 7:33:37.372 PM","2.117"
"853","2025-08-23 7:33:37.373 PM","2.376"
"854","2025-08-23 7:33:37.374 PM","2.381"
"855","2025-08-23 7:33:37.375 PM","2.381"
"856","2025-08-23 7:33:37.376 PM","2.381"
"857","2025-08-23 7:33:37.377 PM","2.376"
"858","2025-08-23 7:33:37.378 PM","2.381"
"859","2025-08-23 7:33:37.379 PM","2.376"
"860","2025-08-23 7:33:37.380 PM","2.376"
"861","2025-08-23 7:33:37.381 PM","2.376"
"862","2025-08-23 7:33:37.382 PM","2.376"
"863","2025-08-23 7:33:37.383 PM","2.376"
"864","2025-08-23 7:33:37.384 PM","2.376"
"865","2025-08-23 7:33:37.385 PM","2.376"
"866","2025-08-23 7:33:37.386 PM","2.376"
"867","2025-08-23 7:33:37.387 PM","2.376"
"868","2025-08-23 7:33:37.388 PM","2.376"
"869","2025-08-23 7:33:37.389 PM","2.376"
"870","2025-08-23 7:33:37.390 PM","2.396"
"871","2025-08-23 7:33:37.391 PM","2.396"
"872","2025-08-23 7:33:37.392 PM","2.396"
"873","2025-08-23 7:33:37.393 PM","2.396"
"874","2025-08-23 7:33:37.394 PM","2.396"
"875","2025-08-23 7:33:37.395 PM","2.391"
"876","2025-08-23 7:33:37.396 PM","2.386"
"877","2025-08-23 7:33:37.397 PM","2.391"
"878","2025-08-23 7:33:37.398 PM","2.386"
"879","2025-08-23 7:33:37.399 PM","2.386"
"880","2025-08-23 7:33:37.400 PM","2.381"
"881","2025-08-23 7:33:37.401 PM","2.396"
"882","2025-08-23 7:33:37.402 PM","2.396"
"883","2025-08-23 7:33:37.403 PM","2.391"
"884","2025-08-23 7:33:37.404 PM","2.396"
"885","2025-08-23 7:33:37.405 PM","2.391"
"886","2025-08-23 7:33:37.406 PM","2.117"
"887","2025-08-23 7:33:37.407 PM","2.117"
"888","2025-08-23 7:33:37.408 PM","2.117"
"889","2025-08-23 7:33:37.409 PM","2.117"
"890","2025-08-23 7:33:37.410 PM","2.117"
"891","2025-08-23 7:33:37.411 PM","2.122"
"892","2025-08-23 7:33:37.412 PM","2.117"
"893","2025-08-23 7:33:37.413 PM","2.117"
"894","2025-08-23 7:33:37.414 PM","2.117"
"895","2025-08-23 7:33:37.415 PM","2.117"
"896","2025-08-23 7:33:37.416 PM","2.117"
"897","2025-08-23 7:33:37.417 PM","2.112"
"898","2025-08-23 7:33:37.418 PM","2.112"
"899","2025-08-23 7:33:37.419 PM","2.117"
"900","2025-08-23 7:33:37.420 PM","2.117"
"901","2025-08-23 7:33:37.421 PM","2.117"
"902","2025-08-23 7:33:37.422 PM","2.122"
"903","2025-08-23 7:33:37.423 PM","2.361"
"904","2025-08-23 7:33:37.424 PM","2.361"
"905","2025-08-23 7:33:37.425 PM","2.361"
"906","2025-08-23 7:33:37.426 PM","2.361"
"907","2025-08-23 7:33:37.427 PM","2.361"
"908","2025-08-23 7:33:37.428 PM","2.357"
"909","2025-08-23 7:33:37.429 PM","2.357"
"910","2025-08-23 7:33:37.430 PM","2.352"
"911","2025-08-23 7:33:37.431 PM","2.352"
"912","2025-08-23 7:33:37.432 PM","2.347"
"913","2025-08-23 7:33:37.433 PM","2.361"
"914","2025-08-23 7:33:37.434 PM","2.361"
"915","2025-08-23 7:33:37.435 PM","2.361"
"916","2025-08-23 7:33:37.436 PM","2.361"
"917","2025-08-23 7:33:37.437 PM","2.361"
"918","2025-08-23 7:33:37.438 PM","2.361"
"919","2025-08-23 7:33:37.439 PM","2.396"
"920","2025-08-23 7:33:37.440 PM","2.396"
"921","2025-08-23 7:33:37.441 PM","2.396"
"922","2025-08-23 7:33:37.442 PM","2.396"
"923","2025-08-23 7:33:37.443 PM","2.396"
"924","2025-08-23 7:33:37.444 PM","2.396"
"925","2025-08-23 7:33:37.445 PM","2.396"
"926","2025-08-23 7:33:37.446 PM","2.391"
"927","2025-08-23 7:33:37.447 PM","2.396"
