"Device: USB-205"
"Serial Number: 22B4008"
"Channel Count: 1"
"Sample Count: 11256"
"Start Time: 2025-08-23 5:43:19.703 PM"
"Scan Rate: 1000"
"Sample","Date/Time","AI0 (V)"
"0","2025-08-23 5:43:19.703 PM","1.512"
"1","2025-08-23 5:43:19.704 PM","1.512"
"2","2025-08-23 5:43:19.705 PM","1.512"
"3","2025-08-23 5:43:19.706 PM","1.512"
"4","2025-08-23 5:43:19.707 PM","1.512"
"5","2025-08-23 5:43:19.708 PM","1.507"
"6","2025-08-23 5:43:19.709 PM","1.521"
"7","2025-08-23 5:43:19.710 PM","1.521"
"8","2025-08-23 5:43:19.711 PM","1.634"
"9","2025-08-23 5:43:19.712 PM","1.634"
"10","2025-08-23 5:43:19.713 PM","1.634"
"11","2025-08-23 5:43:19.714 PM","1.639"
"12","2025-08-23 5:43:19.715 PM","1.639"
"13","2025-08-23 5:43:19.716 PM","1.634"
"14","2025-08-23 5:43:19.717 PM","1.639"
"15","2025-08-23 5:43:19.718 PM","1.634"
"16","2025-08-23 5:43:19.719 PM","1.634"
"17","2025-08-23 5:43:19.720 PM","1.634"
"18","2025-08-23 5:43:19.721 PM","1.634"
"19","2025-08-23 5:43:19.722 PM","1.634"
"20","2025-08-23 5:43:19.723 PM","1.634"
"21","2025-08-23 5:43:19.724 PM","1.634"
"22","2025-08-23 5:43:19.725 PM","1.634"
"23","2025-08-23 5:43:19.726 PM","1.634"
"24","2025-08-23 5:43:19.727 PM","1.634"
"25","2025-08-23 5:43:19.728 PM","1.673"
"26","2025-08-23 5:43:19.729 PM","1.673"
"27","2025-08-23 5:43:19.730 PM","1.678"
"28","2025-08-23 5:43:19.731 PM","1.673"
"29","2025-08-23 5:43:19.732 PM","1.678"
"30","2025-08-23 5:43:19.733 PM","1.673"
"31","2025-08-23 5:43:19.734 PM","1.673"
"32","2025-08-23 5:43:19.735 PM","1.673"
"33","2025-08-23 5:43:19.736 PM","1.668"
"34","2025-08-23 5:43:19.737 PM","1.668"
"35","2025-08-23 5:43:19.738 PM","1.668"
"36","2025-08-23 5:43:19.739 PM","1.668"
"37","2025-08-23 5:43:19.740 PM","1.663"
"38","2025-08-23 5:43:19.741 PM","1.668"
"39","2025-08-23 5:43:19.742 PM","1.673"
"40","2025-08-23 5:43:19.743 PM","1.673"
"41","2025-08-23 5:43:19.744 PM","1.575"
"42","2025-08-23 5:43:19.745 PM","1.575"
"43","2025-08-23 5:43:19.746 PM","1.575"
"44","2025-08-23 5:43:19.747 PM","1.575"
"45","2025-08-23 5:43:19.748 PM","1.580"
"46","2025-08-23 5:43:19.749 PM","1.580"
"47","2025-08-23 5:43:19.750 PM","1.575"
"48","2025-08-23 5:43:19.751 PM","1.575"
"49","2025-08-23 5:43:19.752 PM","1.575"
"50","2025-08-23 5:43:19.753 PM","1.575"
"51","2025-08-23 5:43:19.754 PM","1.575"
"52","2025-08-23 5:43:19.755 PM","1.575"
"53","2025-08-23 5:43:19.756 PM","1.575"
"54","2025-08-23 5:43:19.757 PM","1.575"
"55","2025-08-23 5:43:19.758 PM","1.575"
"56","2025-08-23 5:43:19.759 PM","1.575"
"57","2025-08-23 5:43:19.760 PM","1.575"
"58","2025-08-23 5:43:19.761 PM","1.541"
"59","2025-08-23 5:43:19.762 PM","1.541"
"60","2025-08-23 5:43:19.763 PM","1.541"
"61","2025-08-23 5:43:19.764 PM","1.541"
"62","2025-08-23 5:43:19.765 PM","1.541"
"63","2025-08-23 5:43:19.766 PM","1.541"
"64","2025-08-23 5:43:19.767 PM","1.536"
"65","2025-08-23 5:43:19.768 PM","1.541"
"66","2025-08-23 5:43:19.769 PM","1.536"
"67","2025-08-23 5:43:19.770 PM","1.536"
"68","2025-08-23 5:43:19.771 PM","1.536"
"69","2025-08-23 5:43:19.772 PM","1.531"
"70","2025-08-23 5:43:19.773 PM","1.531"
"71","2025-08-23 5:43:19.774 PM","1.531"
"72","2025-08-23 5:43:19.775 PM","1.541"
"73","2025-08-23 5:43:19.776 PM","1.541"
"74","2025-08-23 5:43:19.777 PM","1.541"
"75","2025-08-23 5:43:19.778 PM","1.653"
"76","2025-08-23 5:43:19.779 PM","1.658"
"77","2025-08-23 5:43:19.780 PM","1.653"
"78","2025-08-23 5:43:19.781 PM","1.653"
"79","2025-08-23 5:43:19.782 PM","1.653"
"80","2025-08-23 5:43:19.783 PM","1.653"
"81","2025-08-23 5:43:19.784 PM","1.653"
"82","2025-08-23 5:43:19.785 PM","1.653"
"83","2025-08-23 5:43:19.786 PM","1.653"
"84","2025-08-23 5:43:19.787 PM","1.653"
"85","2025-08-23 5:43:19.788 PM","1.653"
"86","2025-08-23 5:43:19.789 PM","1.648"
"87","2025-08-23 5:43:19.790 PM","1.653"
"88","2025-08-23 5:43:19.791 PM","1.653"
"89","2025-08-23 5:43:19.792 PM","1.653"
"90","2025-08-23 5:43:19.793 PM","1.653"
"91","2025-08-23 5:43:19.794 PM","1.658"
"92","2025-08-23 5:43:19.795 PM","1.653"
"93","2025-08-23 5:43:19.796 PM","1.653"
"94","2025-08-23 5:43:19.797 PM","1.658"
"95","2025-08-23 5:43:19.798 PM","1.658"
"96","2025-08-23 5:43:19.799 PM","1.658"
"97","2025-08-23 5:43:19.800 PM","1.653"
"98","2025-08-23 5:43:19.801 PM","1.653"
"99","2025-08-23 5:43:19.802 PM","1.653"
"100","2025-08-23 5:43:19.803 PM","1.648"
"101","2025-08-23 5:43:19.804 PM","1.648"
"102","2025-08-23 5:43:19.805 PM","1.648"
"103","2025-08-23 5:43:19.806 PM","1.653"
"104","2025-08-23 5:43:19.807 PM","1.648"
"105","2025-08-23 5:43:19.808 PM","1.658"
"106","2025-08-23 5:43:19.809 PM","1.658"
"107","2025-08-23 5:43:19.810 PM","1.556"
"108","2025-08-23 5:43:19.811 PM","1.560"
"109","2025-08-23 5:43:19.812 PM","1.560"
"110","2025-08-23 5:43:19.813 PM","1.560"
"111","2025-08-23 5:43:19.814 PM","1.560"
"112","2025-08-23 5:43:19.815 PM","1.560"
"113","2025-08-23 5:43:19.816 PM","1.560"
"114","2025-08-23 5:43:19.817 PM","1.560"
"115","2025-08-23 5:43:19.818 PM","1.556"
"116","2025-08-23 5:43:19.819 PM","1.556"
"117","2025-08-23 5:43:19.820 PM","1.556"
"118","2025-08-23 5:43:19.821 PM","1.556"
"119","2025-08-23 5:43:19.822 PM","1.556"
"120","2025-08-23 5:43:19.823 PM","1.556"
"121","2025-08-23 5:43:19.824 PM","1.556"
"122","2025-08-23 5:43:19.825 PM","1.560"
"123","2025-08-23 5:43:19.826 PM","1.556"
"124","2025-08-23 5:43:19.827 PM","1.556"
"125","2025-08-23 5:43:19.828 PM","1.560"
"126","2025-08-23 5:43:19.829 PM","1.560"
"127","2025-08-23 5:43:19.830 PM","1.560"
"128","2025-08-23 5:43:19.831 PM","1.560"
"129","2025-08-23 5:43:19.832 PM","1.560"
"130","2025-08-23 5:43:19.833 PM","1.556"
"131","2025-08-23 5:43:19.834 PM","1.556"
"132","2025-08-23 5:43:19.835 PM","1.556"
"133","2025-08-23 5:43:19.836 PM","1.551"
"134","2025-08-23 5:43:19.837 PM","1.551"
"135","2025-08-23 5:43:19.838 PM","1.551"
"136","2025-08-23 5:43:19.839 PM","1.551"
"137","2025-08-23 5:43:19.840 PM","1.546"
"138","2025-08-23 5:43:19.841 PM","1.560"
"139","2025-08-23 5:43:19.842 PM","1.560"
"140","2025-08-23 5:43:19.843 PM","1.560"
"141","2025-08-23 5:43:19.844 PM","1.653"
"142","2025-08-23 5:43:19.845 PM","1.653"
"143","2025-08-23 5:43:19.846 PM","1.658"
"144","2025-08-23 5:43:19.847 PM","1.658"
"145","2025-08-23 5:43:19.848 PM","1.658"
"146","2025-08-23 5:43:19.849 PM","1.658"
"147","2025-08-23 5:43:19.850 PM","1.653"
"148","2025-08-23 5:43:19.851 PM","1.653"
"149","2025-08-23 5:43:19.852 PM","1.658"
"150","2025-08-23 5:43:19.853 PM","1.658"
"151","2025-08-23 5:43:19.854 PM","1.653"
"152","2025-08-23 5:43:19.855 PM","1.653"
"153","2025-08-23 5:43:19.856 PM","1.653"
"154","2025-08-23 5:43:19.857 PM","1.653"
"155","2025-08-23 5:43:19.858 PM","1.653"
"156","2025-08-23 5:43:19.859 PM","1.653"
"157","2025-08-23 5:43:19.860 PM","1.653"
"158","2025-08-23 5:43:19.861 PM","1.653"
"159","2025-08-23 5:43:19.862 PM","1.653"
"160","2025-08-23 5:43:19.863 PM","1.653"
"161","2025-08-23 5:43:19.864 PM","1.658"
"162","2025-08-23 5:43:19.865 PM","1.653"
"163","2025-08-23 5:43:19.866 PM","1.653"
"164","2025-08-23 5:43:19.867 PM","1.648"
"165","2025-08-23 5:43:19.868 PM","1.648"
"166","2025-08-23 5:43:19.869 PM","1.648"
"167","2025-08-23 5:43:19.870 PM","1.648"
"168","2025-08-23 5:43:19.871 PM","1.648"
"169","2025-08-23 5:43:19.872 PM","1.643"
"170","2025-08-23 5:43:19.873 PM","1.653"
"171","2025-08-23 5:43:19.874 PM","1.653"
"172","2025-08-23 5:43:19.875 PM","1.653"
"173","2025-08-23 5:43:19.876 PM","1.658"
"174","2025-08-23 5:43:19.877 PM","1.541"
"175","2025-08-23 5:43:19.878 PM","1.541"
"176","2025-08-23 5:43:19.879 PM","1.541"
"177","2025-08-23 5:43:19.880 PM","1.541"
"178","2025-08-23 5:43:19.881 PM","1.541"
"179","2025-08-23 5:43:19.882 PM","1.541"
"180","2025-08-23 5:43:19.883 PM","1.541"
"181","2025-08-23 5:43:19.884 PM","1.541"
"182","2025-08-23 5:43:19.885 PM","1.541"
"183","2025-08-23 5:43:19.886 PM","1.541"
"184","2025-08-23 5:43:19.887 PM","1.541"
"185","2025-08-23 5:43:19.888 PM","1.536"
"186","2025-08-23 5:43:19.889 PM","1.536"
"187","2025-08-23 5:43:19.890 PM","1.536"
"188","2025-08-23 5:43:19.891 PM","1.541"
"189","2025-08-23 5:43:19.892 PM","1.536"
"190","2025-08-23 5:43:19.893 PM","1.580"
"191","2025-08-23 5:43:19.894 PM","1.580"
"192","2025-08-23 5:43:19.895 PM","1.575"
"193","2025-08-23 5:43:19.896 PM","1.575"
"194","2025-08-23 5:43:19.897 PM","1.575"
"195","2025-08-23 5:43:19.898 PM","1.580"
"196","2025-08-23 5:43:19.899 PM","1.575"
"197","2025-08-23 5:43:19.900 PM","1.570"
"198","2025-08-23 5:43:19.901 PM","1.570"
"199","2025-08-23 5:43:19.902 PM","1.570"
"200","2025-08-23 5:43:19.903 PM","1.570"
"201","2025-08-23 5:43:19.904 PM","1.565"
"202","2025-08-23 5:43:19.905 PM","1.580"
"203","2025-08-23 5:43:19.906 PM","1.575"
"204","2025-08-23 5:43:19.907 PM","1.575"
"205","2025-08-23 5:43:19.908 PM","1.580"
"206","2025-08-23 5:43:19.909 PM","1.575"
"207","2025-08-23 5:43:19.910 PM","1.673"
"208","2025-08-23 5:43:19.911 PM","1.673"
"209","2025-08-23 5:43:19.912 PM","1.673"
"210","2025-08-23 5:43:19.913 PM","1.673"
"211","2025-08-23 5:43:19.914 PM","1.678"
"212","2025-08-23 5:43:19.915 PM","1.673"
"213","2025-08-23 5:43:19.916 PM","1.673"
"214","2025-08-23 5:43:19.917 PM","1.668"
"215","2025-08-23 5:43:19.918 PM","1.673"
"216","2025-08-23 5:43:19.919 PM","1.673"
"217","2025-08-23 5:43:19.920 PM","1.673"
"218","2025-08-23 5:43:19.921 PM","1.673"
"219","2025-08-23 5:43:19.922 PM","1.673"
"220","2025-08-23 5:43:19.923 PM","1.673"
"221","2025-08-23 5:43:19.924 PM","1.673"
"222","2025-08-23 5:43:19.925 PM","1.673"
"223","2025-08-23 5:43:19.926 PM","1.614"
"224","2025-08-23 5:43:19.927 PM","1.614"
"225","2025-08-23 5:43:19.928 PM","1.614"
"226","2025-08-23 5:43:19.929 PM","1.614"
"227","2025-08-23 5:43:19.930 PM","1.614"
"228","2025-08-23 5:43:19.931 PM","1.614"
"229","2025-08-23 5:43:19.932 PM","1.609"
"230","2025-08-23 5:43:19.933 PM","1.609"
"231","2025-08-23 5:43:19.934 PM","1.604"
"232","2025-08-23 5:43:19.935 PM","1.609"
"233","2025-08-23 5:43:19.936 PM","1.604"
"234","2025-08-23 5:43:19.937 PM","1.604"
"235","2025-08-23 5:43:19.938 PM","1.614"
"236","2025-08-23 5:43:19.939 PM","1.614"
"237","2025-08-23 5:43:19.940 PM","1.614"
"238","2025-08-23 5:43:19.941 PM","1.614"
"239","2025-08-23 5:43:19.942 PM","1.609"
"240","2025-08-23 5:43:19.943 PM","1.521"
"241","2025-08-23 5:43:19.944 PM","1.521"
"242","2025-08-23 5:43:19.945 PM","1.521"
"243","2025-08-23 5:43:19.946 PM","1.526"
"244","2025-08-23 5:43:19.947 PM","1.521"
"245","2025-08-23 5:43:19.948 PM","1.521"
"246","2025-08-23 5:43:19.949 PM","1.521"
"247","2025-08-23 5:43:19.950 PM","1.521"
"248","2025-08-23 5:43:19.951 PM","1.521"
"249","2025-08-23 5:43:19.952 PM","1.521"
"250","2025-08-23 5:43:19.953 PM","1.521"
"251","2025-08-23 5:43:19.954 PM","1.521"
"252","2025-08-23 5:43:19.955 PM","1.521"
"253","2025-08-23 5:43:19.956 PM","1.512"
"254","2025-08-23 5:43:19.957 PM","1.521"
"255","2025-08-23 5:43:19.958 PM","1.521"
"256","2025-08-23 5:43:19.959 PM","1.614"
"257","2025-08-23 5:43:19.960 PM","1.614"
"258","2025-08-23 5:43:19.961 PM","1.614"
"259","2025-08-23 5:43:19.962 PM","1.614"
"260","2025-08-23 5:43:19.963 PM","1.614"
"261","2025-08-23 5:43:19.964 PM","1.609"
"262","2025-08-23 5:43:19.965 PM","1.609"
"263","2025-08-23 5:43:19.966 PM","1.609"
"264","2025-08-23 5:43:19.967 PM","1.604"
"265","2025-08-23 5:43:19.968 PM","1.609"
"266","2025-08-23 5:43:19.969 PM","1.604"
"267","2025-08-23 5:43:19.970 PM","1.614"
"268","2025-08-23 5:43:19.971 PM","1.614"
"269","2025-08-23 5:43:19.972 PM","1.614"
"270","2025-08-23 5:43:19.973 PM","1.609"
"271","2025-08-23 5:43:19.974 PM","1.614"
"272","2025-08-23 5:43:19.975 PM","1.609"
"273","2025-08-23 5:43:19.976 PM","1.673"
"274","2025-08-23 5:43:19.977 PM","1.673"
"275","2025-08-23 5:43:19.978 PM","1.673"
"276","2025-08-23 5:43:19.979 PM","1.678"
"277","2025-08-23 5:43:19.980 PM","1.673"
"278","2025-08-23 5:43:19.981 PM","1.673"
"279","2025-08-23 5:43:19.982 PM","1.673"
"280","2025-08-23 5:43:19.983 PM","1.673"
"281","2025-08-23 5:43:19.984 PM","1.673"
"282","2025-08-23 5:43:19.985 PM","1.668"
"283","2025-08-23 5:43:19.986 PM","1.673"
"284","2025-08-23 5:43:19.987 PM","1.673"
"285","2025-08-23 5:43:19.988 PM","1.673"
"286","2025-08-23 5:43:19.989 PM","1.668"
"287","2025-08-23 5:43:19.990 PM","1.673"
"288","2025-08-23 5:43:19.991 PM","1.673"
"289","2025-08-23 5:43:19.992 PM","1.595"
"290","2025-08-23 5:43:19.993 PM","1.595"
"291","2025-08-23 5:43:19.994 PM","1.595"
"292","2025-08-23 5:43:19.995 PM","1.595"
"293","2025-08-23 5:43:19.996 PM","1.600"
"294","2025-08-23 5:43:19.997 PM","1.595"
"295","2025-08-23 5:43:19.998 PM","1.590"
"296","2025-08-23 5:43:19.999 PM","1.585"
"297","2025-08-23 5:43:20.000 PM","1.590"
"298","2025-08-23 5:43:20.001 PM","1.585"
"299","2025-08-23 5:43:20.002 PM","1.595"
"300","2025-08-23 5:43:20.003 PM","1.600"
"301","2025-08-23 5:43:20.004 PM","1.600"
"302","2025-08-23 5:43:20.005 PM","1.600"
"303","2025-08-23 5:43:20.006 PM","1.595"
"304","2025-08-23 5:43:20.007 PM","1.595"
"305","2025-08-23 5:43:20.008 PM","1.595"
"306","2025-08-23 5:43:20.009 PM","1.541"
"307","2025-08-23 5:43:20.010 PM","1.541"
"308","2025-08-23 5:43:20.011 PM","1.541"
"309","2025-08-23 5:43:20.012 PM","1.541"
"310","2025-08-23 5:43:20.013 PM","1.541"
"311","2025-08-23 5:43:20.014 PM","1.541"
"312","2025-08-23 5:43:20.015 PM","1.541"
"313","2025-08-23 5:43:20.016 PM","1.541"
"314","2025-08-23 5:43:20.017 PM","1.541"
"315","2025-08-23 5:43:20.018 PM","1.541"
"316","2025-08-23 5:43:20.019 PM","1.536"
"317","2025-08-23 5:43:20.020 PM","1.541"
"318","2025-08-23 5:43:20.021 PM","1.536"
"319","2025-08-23 5:43:20.022 PM","1.541"
"320","2025-08-23 5:43:20.023 PM","1.541"
"321","2025-08-23 5:43:20.024 PM","1.541"
"322","2025-08-23 5:43:20.025 PM","1.639"
"323","2025-08-23 5:43:20.026 PM","1.634"
"324","2025-08-23 5:43:20.027 PM","1.639"
"325","2025-08-23 5:43:20.028 PM","1.639"
"326","2025-08-23 5:43:20.029 PM","1.634"
"327","2025-08-23 5:43:20.030 PM","1.639"
"328","2025-08-23 5:43:20.031 PM","1.634"
"329","2025-08-23 5:43:20.032 PM","1.629"
"330","2025-08-23 5:43:20.033 PM","1.629"
"331","2025-08-23 5:43:20.034 PM","1.629"
"332","2025-08-23 5:43:20.035 PM","1.639"
"333","2025-08-23 5:43:20.036 PM","1.639"
"334","2025-08-23 5:43:20.037 PM","1.639"
"335","2025-08-23 5:43:20.038 PM","1.643"
"336","2025-08-23 5:43:20.039 PM","1.634"
"337","2025-08-23 5:43:20.040 PM","1.634"
"338","2025-08-23 5:43:20.041 PM","1.634"
"339","2025-08-23 5:43:20.042 PM","1.673"
"340","2025-08-23 5:43:20.043 PM","1.673"
"341","2025-08-23 5:43:20.044 PM","1.673"
"342","2025-08-23 5:43:20.045 PM","1.673"
"343","2025-08-23 5:43:20.046 PM","1.673"
"344","2025-08-23 5:43:20.047 PM","1.678"
"345","2025-08-23 5:43:20.048 PM","1.673"
"346","2025-08-23 5:43:20.049 PM","1.673"
"347","2025-08-23 5:43:20.050 PM","1.673"
"348","2025-08-23 5:43:20.051 PM","1.673"
"349","2025-08-23 5:43:20.052 PM","1.673"
"350","2025-08-23 5:43:20.053 PM","1.673"
"351","2025-08-23 5:43:20.054 PM","1.668"
"352","2025-08-23 5:43:20.055 PM","1.673"
"353","2025-08-23 5:43:20.056 PM","1.673"
"354","2025-08-23 5:43:20.057 PM","1.673"
"355","2025-08-23 5:43:20.058 PM","1.560"
"356","2025-08-23 5:43:20.059 PM","1.560"
"357","2025-08-23 5:43:20.060 PM","1.560"
"358","2025-08-23 5:43:20.061 PM","1.560"
"359","2025-08-23 5:43:20.062 PM","1.556"
"360","2025-08-23 5:43:20.063 PM","1.560"
"361","2025-08-23 5:43:20.064 PM","1.551"
"362","2025-08-23 5:43:20.065 PM","1.556"
"363","2025-08-23 5:43:20.066 PM","1.551"
"364","2025-08-23 5:43:20.067 PM","1.560"
"365","2025-08-23 5:43:20.068 PM","1.560"
"366","2025-08-23 5:43:20.069 PM","1.565"
"367","2025-08-23 5:43:20.070 PM","1.565"
"368","2025-08-23 5:43:20.071 PM","1.556"
"369","2025-08-23 5:43:20.072 PM","1.556"
"370","2025-08-23 5:43:20.073 PM","1.560"
"371","2025-08-23 5:43:20.074 PM","1.560"
"372","2025-08-23 5:43:20.075 PM","1.541"
"373","2025-08-23 5:43:20.076 PM","1.546"
"374","2025-08-23 5:43:20.077 PM","1.541"
"375","2025-08-23 5:43:20.078 PM","1.541"
"376","2025-08-23 5:43:20.079 PM","1.541"
"377","2025-08-23 5:43:20.080 PM","1.541"
"378","2025-08-23 5:43:20.081 PM","1.541"
"379","2025-08-23 5:43:20.082 PM","1.541"
"380","2025-08-23 5:43:20.083 PM","1.536"
"381","2025-08-23 5:43:20.084 PM","1.536"
"382","2025-08-23 5:43:20.085 PM","1.536"
"383","2025-08-23 5:43:20.086 PM","1.536"
"384","2025-08-23 5:43:20.087 PM","1.541"
"385","2025-08-23 5:43:20.088 PM","1.536"
"386","2025-08-23 5:43:20.089 PM","1.541"
"387","2025-08-23 5:43:20.090 PM","1.541"
"388","2025-08-23 5:43:20.091 PM","1.653"
"389","2025-08-23 5:43:20.092 PM","1.653"
"390","2025-08-23 5:43:20.093 PM","1.653"
"391","2025-08-23 5:43:20.094 PM","1.653"
"392","2025-08-23 5:43:20.095 PM","1.653"
"393","2025-08-23 5:43:20.096 PM","1.653"
"394","2025-08-23 5:43:20.097 PM","1.648"
"395","2025-08-23 5:43:20.098 PM","1.648"
"396","2025-08-23 5:43:20.099 PM","1.648"
"397","2025-08-23 5:43:20.100 PM","1.658"
"398","2025-08-23 5:43:20.101 PM","1.658"
"399","2025-08-23 5:43:20.102 PM","1.658"
"400","2025-08-23 5:43:20.103 PM","1.663"
"401","2025-08-23 5:43:20.104 PM","1.653"
"402","2025-08-23 5:43:20.105 PM","1.653"
"403","2025-08-23 5:43:20.106 PM","1.653"
"404","2025-08-23 5:43:20.107 PM","1.653"
"405","2025-08-23 5:43:20.108 PM","1.658"
"406","2025-08-23 5:43:20.109 PM","1.658"
"407","2025-08-23 5:43:20.110 PM","1.653"
"408","2025-08-23 5:43:20.111 PM","1.653"
"409","2025-08-23 5:43:20.112 PM","1.658"
"410","2025-08-23 5:43:20.113 PM","1.658"
"411","2025-08-23 5:43:20.114 PM","1.653"
"412","2025-08-23 5:43:20.115 PM","1.658"
"413","2025-08-23 5:43:20.116 PM","1.653"
"414","2025-08-23 5:43:20.117 PM","1.653"
"415","2025-08-23 5:43:20.118 PM","1.653"
"416","2025-08-23 5:43:20.119 PM","1.653"
"417","2025-08-23 5:43:20.120 PM","1.653"
"418","2025-08-23 5:43:20.121 PM","1.653"
"419","2025-08-23 5:43:20.122 PM","1.653"
"420","2025-08-23 5:43:20.123 PM","1.653"
"421","2025-08-23 5:43:20.124 PM","1.541"
"422","2025-08-23 5:43:20.125 PM","1.541"
"423","2025-08-23 5:43:20.126 PM","1.541"
"424","2025-08-23 5:43:20.127 PM","1.541"
"425","2025-08-23 5:43:20.128 PM","1.541"
"426","2025-08-23 5:43:20.129 PM","1.541"
"427","2025-08-23 5:43:20.130 PM","1.536"
"428","2025-08-23 5:43:20.131 PM","1.531"
"429","2025-08-23 5:43:20.132 PM","1.541"
"430","2025-08-23 5:43:20.133 PM","1.546"
"431","2025-08-23 5:43:20.134 PM","1.546"
"432","2025-08-23 5:43:20.135 PM","1.546"
"433","2025-08-23 5:43:20.136 PM","1.536"
"434","2025-08-23 5:43:20.137 PM","1.541"
"435","2025-08-23 5:43:20.138 PM","1.536"
"436","2025-08-23 5:43:20.139 PM","1.541"
"437","2025-08-23 5:43:20.140 PM","1.536"
"438","2025-08-23 5:43:20.141 PM","1.560"
"439","2025-08-23 5:43:20.142 PM","1.560"
"440","2025-08-23 5:43:20.143 PM","1.560"
"441","2025-08-23 5:43:20.144 PM","1.560"
"442","2025-08-23 5:43:20.145 PM","1.556"
"443","2025-08-23 5:43:20.146 PM","1.560"
"444","2025-08-23 5:43:20.147 PM","1.556"
"445","2025-08-23 5:43:20.148 PM","1.556"
"446","2025-08-23 5:43:20.149 PM","1.556"
"447","2025-08-23 5:43:20.150 PM","1.556"
"448","2025-08-23 5:43:20.151 PM","1.556"
"449","2025-08-23 5:43:20.152 PM","1.556"
"450","2025-08-23 5:43:20.153 PM","1.556"
"451","2025-08-23 5:43:20.154 PM","1.556"
"452","2025-08-23 5:43:20.155 PM","1.560"
"453","2025-08-23 5:43:20.156 PM","1.560"
"454","2025-08-23 5:43:20.157 PM","1.658"
"455","2025-08-23 5:43:20.158 PM","1.658"
"456","2025-08-23 5:43:20.159 PM","1.658"
"457","2025-08-23 5:43:20.160 PM","1.658"
"458","2025-08-23 5:43:20.161 PM","1.658"
"459","2025-08-23 5:43:20.162 PM","1.658"
"460","2025-08-23 5:43:20.163 PM","1.648"
"461","2025-08-23 5:43:20.164 PM","1.658"
"462","2025-08-23 5:43:20.165 PM","1.658"
"463","2025-08-23 5:43:20.166 PM","1.663"
"464","2025-08-23 5:43:20.167 PM","1.663"
"465","2025-08-23 5:43:20.168 PM","1.648"
"466","2025-08-23 5:43:20.169 PM","1.653"
"467","2025-08-23 5:43:20.170 PM","1.653"
"468","2025-08-23 5:43:20.171 PM","1.653"
"469","2025-08-23 5:43:20.172 PM","1.653"
"470","2025-08-23 5:43:20.173 PM","1.658"
"471","2025-08-23 5:43:20.174 PM","1.639"
"472","2025-08-23 5:43:20.175 PM","1.639"
"473","2025-08-23 5:43:20.176 PM","1.634"
"474","2025-08-23 5:43:20.177 PM","1.639"
"475","2025-08-23 5:43:20.178 PM","1.639"
"476","2025-08-23 5:43:20.179 PM","1.639"
"477","2025-08-23 5:43:20.180 PM","1.634"
"478","2025-08-23 5:43:20.181 PM","1.634"
"479","2025-08-23 5:43:20.182 PM","1.634"
"480","2025-08-23 5:43:20.183 PM","1.634"
"481","2025-08-23 5:43:20.184 PM","1.634"
"482","2025-08-23 5:43:20.185 PM","1.634"
"483","2025-08-23 5:43:20.186 PM","1.634"
"484","2025-08-23 5:43:20.187 PM","1.634"
"485","2025-08-23 5:43:20.188 PM","1.639"
"486","2025-08-23 5:43:20.189 PM","1.634"
"487","2025-08-23 5:43:20.190 PM","1.541"
"488","2025-08-23 5:43:20.191 PM","1.541"
"489","2025-08-23 5:43:20.192 PM","1.541"
"490","2025-08-23 5:43:20.193 PM","1.541"
"491","2025-08-23 5:43:20.194 PM","1.541"
"492","2025-08-23 5:43:20.195 PM","1.541"
"493","2025-08-23 5:43:20.196 PM","1.531"
"494","2025-08-23 5:43:20.197 PM","1.541"
"495","2025-08-23 5:43:20.198 PM","1.546"
"496","2025-08-23 5:43:20.199 PM","1.546"
"497","2025-08-23 5:43:20.200 PM","1.546"
"498","2025-08-23 5:43:20.201 PM","1.541"
"499","2025-08-23 5:43:20.202 PM","1.536"
"500","2025-08-23 5:43:20.203 PM","1.536"
"501","2025-08-23 5:43:20.204 PM","1.541"
"502","2025-08-23 5:43:20.205 PM","1.541"
"503","2025-08-23 5:43:20.206 PM","1.541"
"504","2025-08-23 5:43:20.207 PM","1.595"
"505","2025-08-23 5:43:20.208 PM","1.595"
"506","2025-08-23 5:43:20.209 PM","1.595"
"507","2025-08-23 5:43:20.210 PM","1.595"
"508","2025-08-23 5:43:20.211 PM","1.595"
"509","2025-08-23 5:43:20.212 PM","1.595"
"510","2025-08-23 5:43:20.213 PM","1.595"
"511","2025-08-23 5:43:20.214 PM","1.595"
"512","2025-08-23 5:43:20.215 PM","1.590"
"513","2025-08-23 5:43:20.216 PM","1.590"
"514","2025-08-23 5:43:20.217 PM","1.590"
"515","2025-08-23 5:43:20.218 PM","1.590"
"516","2025-08-23 5:43:20.219 PM","1.590"
"517","2025-08-23 5:43:20.220 PM","1.590"
"518","2025-08-23 5:43:20.221 PM","1.595"
"519","2025-08-23 5:43:20.222 PM","1.595"
"520","2025-08-23 5:43:20.223 PM","1.673"
"521","2025-08-23 5:43:20.224 PM","1.673"
"522","2025-08-23 5:43:20.225 PM","1.673"
"523","2025-08-23 5:43:20.226 PM","1.673"
"524","2025-08-23 5:43:20.227 PM","1.673"
"525","2025-08-23 5:43:20.228 PM","1.673"
"526","2025-08-23 5:43:20.229 PM","1.673"
"527","2025-08-23 5:43:20.230 PM","1.678"
"528","2025-08-23 5:43:20.231 PM","1.678"
"529","2025-08-23 5:43:20.232 PM","1.683"
"530","2025-08-23 5:43:20.233 PM","1.673"
"531","2025-08-23 5:43:20.234 PM","1.673"
"532","2025-08-23 5:43:20.235 PM","1.668"
"533","2025-08-23 5:43:20.236 PM","1.673"
"534","2025-08-23 5:43:20.237 PM","1.673"
"535","2025-08-23 5:43:20.238 PM","1.673"
"536","2025-08-23 5:43:20.239 PM","1.673"
"537","2025-08-23 5:43:20.240 PM","1.614"
"538","2025-08-23 5:43:20.241 PM","1.614"
"539","2025-08-23 5:43:20.242 PM","1.614"
"540","2025-08-23 5:43:20.243 PM","1.614"
"541","2025-08-23 5:43:20.244 PM","1.614"
"542","2025-08-23 5:43:20.245 PM","1.614"
"543","2025-08-23 5:43:20.246 PM","1.609"
"544","2025-08-23 5:43:20.247 PM","1.609"
"545","2025-08-23 5:43:20.248 PM","1.609"
"546","2025-08-23 5:43:20.249 PM","1.609"
"547","2025-08-23 5:43:20.250 PM","1.609"
"548","2025-08-23 5:43:20.251 PM","1.614"
"549","2025-08-23 5:43:20.252 PM","1.609"
"550","2025-08-23 5:43:20.253 PM","1.609"
"551","2025-08-23 5:43:20.254 PM","1.609"
"552","2025-08-23 5:43:20.255 PM","1.614"
"553","2025-08-23 5:43:20.256 PM","1.521"
"554","2025-08-23 5:43:20.257 PM","1.521"
"555","2025-08-23 5:43:20.258 PM","1.521"
"556","2025-08-23 5:43:20.259 PM","1.521"
"557","2025-08-23 5:43:20.260 PM","1.521"
"558","2025-08-23 5:43:20.261 PM","1.521"
"559","2025-08-23 5:43:20.262 PM","1.526"
"560","2025-08-23 5:43:20.263 PM","1.526"
"561","2025-08-23 5:43:20.264 PM","1.531"
"562","2025-08-23 5:43:20.265 PM","1.526"
"563","2025-08-23 5:43:20.266 PM","1.521"
"564","2025-08-23 5:43:20.267 PM","1.521"
"565","2025-08-23 5:43:20.268 PM","1.521"
"566","2025-08-23 5:43:20.269 PM","1.521"
"567","2025-08-23 5:43:20.270 PM","1.521"
"568","2025-08-23 5:43:20.271 PM","1.521"
"569","2025-08-23 5:43:20.272 PM","1.521"
"570","2025-08-23 5:43:20.273 PM","1.614"
"571","2025-08-23 5:43:20.274 PM","1.614"
"572","2025-08-23 5:43:20.275 PM","1.614"
"573","2025-08-23 5:43:20.276 PM","1.614"
"574","2025-08-23 5:43:20.277 PM","1.614"
"575","2025-08-23 5:43:20.278 PM","1.614"
"576","2025-08-23 5:43:20.279 PM","1.609"
"577","2025-08-23 5:43:20.280 PM","1.609"
"578","2025-08-23 5:43:20.281 PM","1.609"
"579","2025-08-23 5:43:20.282 PM","1.609"
"580","2025-08-23 5:43:20.283 PM","1.609"
"581","2025-08-23 5:43:20.284 PM","1.609"
"582","2025-08-23 5:43:20.285 PM","1.609"
"583","2025-08-23 5:43:20.286 PM","1.609"
"584","2025-08-23 5:43:20.287 PM","1.614"
"585","2025-08-23 5:43:20.288 PM","1.609"
"586","2025-08-23 5:43:20.289 PM","1.678"
"587","2025-08-23 5:43:20.290 PM","1.673"
"588","2025-08-23 5:43:20.291 PM","1.673"
"589","2025-08-23 5:43:20.292 PM","1.678"
"590","2025-08-23 5:43:20.293 PM","1.673"
"591","2025-08-23 5:43:20.294 PM","1.678"
"592","2025-08-23 5:43:20.295 PM","1.678"
"593","2025-08-23 5:43:20.296 PM","1.678"
"594","2025-08-23 5:43:20.297 PM","1.683"
"595","2025-08-23 5:43:20.298 PM","1.673"
"596","2025-08-23 5:43:20.299 PM","1.673"
"597","2025-08-23 5:43:20.300 PM","1.673"
"598","2025-08-23 5:43:20.301 PM","1.673"
"599","2025-08-23 5:43:20.302 PM","1.673"
"600","2025-08-23 5:43:20.303 PM","1.673"
"601","2025-08-23 5:43:20.304 PM","1.673"
"602","2025-08-23 5:43:20.305 PM","1.683"
"603","2025-08-23 5:43:20.306 PM","1.575"
"604","2025-08-23 5:43:20.307 PM","1.580"
"605","2025-08-23 5:43:20.308 PM","1.575"
"606","2025-08-23 5:43:20.309 PM","1.575"
"607","2025-08-23 5:43:20.310 PM","1.580"
"608","2025-08-23 5:43:20.311 PM","1.575"
"609","2025-08-23 5:43:20.312 PM","1.575"
"610","2025-08-23 5:43:20.313 PM","1.575"
"611","2025-08-23 5:43:20.314 PM","1.575"
"612","2025-08-23 5:43:20.315 PM","1.570"
"613","2025-08-23 5:43:20.316 PM","1.575"
"614","2025-08-23 5:43:20.317 PM","1.570"
"615","2025-08-23 5:43:20.318 PM","1.570"
"616","2025-08-23 5:43:20.319 PM","1.575"
"617","2025-08-23 5:43:20.320 PM","1.575"
"618","2025-08-23 5:43:20.321 PM","1.575"
"619","2025-08-23 5:43:20.322 PM","1.541"
"620","2025-08-23 5:43:20.323 PM","1.541"
"621","2025-08-23 5:43:20.324 PM","1.541"
"622","2025-08-23 5:43:20.325 PM","1.541"
"623","2025-08-23 5:43:20.326 PM","1.541"
"624","2025-08-23 5:43:20.327 PM","1.541"
"625","2025-08-23 5:43:20.328 PM","1.546"
"626","2025-08-23 5:43:20.329 PM","1.546"
"627","2025-08-23 5:43:20.330 PM","1.541"
"628","2025-08-23 5:43:20.331 PM","1.541"
"629","2025-08-23 5:43:20.332 PM","1.541"
"630","2025-08-23 5:43:20.333 PM","1.541"
"631","2025-08-23 5:43:20.334 PM","1.536"
"632","2025-08-23 5:43:20.335 PM","1.536"
"633","2025-08-23 5:43:20.336 PM","1.536"
"634","2025-08-23 5:43:20.337 PM","1.536"
"635","2025-08-23 5:43:20.338 PM","1.541"
"636","2025-08-23 5:43:20.339 PM","1.634"
"637","2025-08-23 5:43:20.340 PM","1.634"
"638","2025-08-23 5:43:20.341 PM","1.639"
"639","2025-08-23 5:43:20.342 PM","1.634"
"640","2025-08-23 5:43:20.343 PM","1.639"
"641","2025-08-23 5:43:20.344 PM","1.639"
"642","2025-08-23 5:43:20.345 PM","1.634"
"643","2025-08-23 5:43:20.346 PM","1.634"
"644","2025-08-23 5:43:20.347 PM","1.634"
"645","2025-08-23 5:43:20.348 PM","1.634"
"646","2025-08-23 5:43:20.349 PM","1.634"
"647","2025-08-23 5:43:20.350 PM","1.634"
"648","2025-08-23 5:43:20.351 PM","1.639"
"649","2025-08-23 5:43:20.352 PM","1.629"
"650","2025-08-23 5:43:20.353 PM","1.634"
"651","2025-08-23 5:43:20.354 PM","1.639"
"652","2025-08-23 5:43:20.355 PM","1.658"
"653","2025-08-23 5:43:20.356 PM","1.658"
"654","2025-08-23 5:43:20.357 PM","1.658"
"655","2025-08-23 5:43:20.358 PM","1.658"
"656","2025-08-23 5:43:20.359 PM","1.653"
"657","2025-08-23 5:43:20.360 PM","1.658"
"658","2025-08-23 5:43:20.361 PM","1.663"
"659","2025-08-23 5:43:20.362 PM","1.663"
"660","2025-08-23 5:43:20.363 PM","1.658"
"661","2025-08-23 5:43:20.364 PM","1.658"
"662","2025-08-23 5:43:20.365 PM","1.653"
"663","2025-08-23 5:43:20.366 PM","1.653"
"664","2025-08-23 5:43:20.367 PM","1.658"
"665","2025-08-23 5:43:20.368 PM","1.653"
"666","2025-08-23 5:43:20.369 PM","1.658"
"667","2025-08-23 5:43:20.370 PM","1.653"
"668","2025-08-23 5:43:20.371 PM","1.653"
"669","2025-08-23 5:43:20.372 PM","1.556"
"670","2025-08-23 5:43:20.373 PM","1.560"
"671","2025-08-23 5:43:20.374 PM","1.560"
"672","2025-08-23 5:43:20.375 PM","1.560"
"673","2025-08-23 5:43:20.376 PM","1.556"
"674","2025-08-23 5:43:20.377 PM","1.560"
"675","2025-08-23 5:43:20.378 PM","1.556"
"676","2025-08-23 5:43:20.379 PM","1.556"
"677","2025-08-23 5:43:20.380 PM","1.556"
"678","2025-08-23 5:43:20.381 PM","1.556"
"679","2025-08-23 5:43:20.382 PM","1.556"
"680","2025-08-23 5:43:20.383 PM","1.556"
"681","2025-08-23 5:43:20.384 PM","1.556"
"682","2025-08-23 5:43:20.385 PM","1.556"
"683","2025-08-23 5:43:20.386 PM","1.560"
"684","2025-08-23 5:43:20.387 PM","1.560"
"685","2025-08-23 5:43:20.388 PM","1.536"
"686","2025-08-23 5:43:20.389 PM","1.541"
"687","2025-08-23 5:43:20.390 PM","1.541"
"688","2025-08-23 5:43:20.391 PM","1.541"
"689","2025-08-23 5:43:20.392 PM","1.541"
"690","2025-08-23 5:43:20.393 PM","1.541"
"691","2025-08-23 5:43:20.394 PM","1.546"
"692","2025-08-23 5:43:20.395 PM","1.541"
"693","2025-08-23 5:43:20.396 PM","1.541"
"694","2025-08-23 5:43:20.397 PM","1.536"
"695","2025-08-23 5:43:20.398 PM","1.541"
"696","2025-08-23 5:43:20.399 PM","1.536"
"697","2025-08-23 5:43:20.400 PM","1.541"
"698","2025-08-23 5:43:20.401 PM","1.536"
"699","2025-08-23 5:43:20.402 PM","1.536"
"700","2025-08-23 5:43:20.403 PM","1.541"
"701","2025-08-23 5:43:20.404 PM","1.541"
"702","2025-08-23 5:43:20.405 PM","1.653"
"703","2025-08-23 5:43:20.406 PM","1.658"
"704","2025-08-23 5:43:20.407 PM","1.658"
"705","2025-08-23 5:43:20.408 PM","1.658"
"706","2025-08-23 5:43:20.409 PM","1.658"
"707","2025-08-23 5:43:20.410 PM","1.658"
"708","2025-08-23 5:43:20.411 PM","1.653"
"709","2025-08-23 5:43:20.412 PM","1.653"
"710","2025-08-23 5:43:20.413 PM","1.653"
"711","2025-08-23 5:43:20.414 PM","1.653"
"712","2025-08-23 5:43:20.415 PM","1.653"
"713","2025-08-23 5:43:20.416 PM","1.653"
"714","2025-08-23 5:43:20.417 PM","1.653"
"715","2025-08-23 5:43:20.418 PM","1.653"
"716","2025-08-23 5:43:20.419 PM","1.653"
"717","2025-08-23 5:43:20.420 PM","1.653"
"718","2025-08-23 5:43:20.421 PM","1.653"
"719","2025-08-23 5:43:20.422 PM","1.653"
"720","2025-08-23 5:43:20.423 PM","1.653"
"721","2025-08-23 5:43:20.424 PM","1.653"
"722","2025-08-23 5:43:20.425 PM","1.653"
"723","2025-08-23 5:43:20.426 PM","1.653"
"724","2025-08-23 5:43:20.427 PM","1.663"
"725","2025-08-23 5:43:20.428 PM","1.653"
"726","2025-08-23 5:43:20.429 PM","1.653"
"727","2025-08-23 5:43:20.430 PM","1.653"
"728","2025-08-23 5:43:20.431 PM","1.648"
"729","2025-08-23 5:43:20.432 PM","1.653"
"730","2025-08-23 5:43:20.433 PM","1.653"
"731","2025-08-23 5:43:20.434 PM","1.653"
"732","2025-08-23 5:43:20.435 PM","1.643"
"733","2025-08-23 5:43:20.436 PM","1.653"
"734","2025-08-23 5:43:20.437 PM","1.653"
"735","2025-08-23 5:43:20.438 PM","1.541"
"736","2025-08-23 5:43:20.439 PM","1.541"
"737","2025-08-23 5:43:20.440 PM","1.541"
"738","2025-08-23 5:43:20.441 PM","1.541"
"739","2025-08-23 5:43:20.442 PM","1.541"
"740","2025-08-23 5:43:20.443 PM","1.541"
"741","2025-08-23 5:43:20.444 PM","1.536"
"742","2025-08-23 5:43:20.445 PM","1.536"
"743","2025-08-23 5:43:20.446 PM","1.536"
"744","2025-08-23 5:43:20.447 PM","1.536"
"745","2025-08-23 5:43:20.448 PM","1.536"
"746","2025-08-23 5:43:20.449 PM","1.536"
"747","2025-08-23 5:43:20.450 PM","1.536"
"748","2025-08-23 5:43:20.451 PM","1.536"
"749","2025-08-23 5:43:20.452 PM","1.536"
"750","2025-08-23 5:43:20.453 PM","1.536"
"751","2025-08-23 5:43:20.454 PM","1.580"
"752","2025-08-23 5:43:20.455 PM","1.575"
"753","2025-08-23 5:43:20.456 PM","1.575"
"754","2025-08-23 5:43:20.457 PM","1.580"
"755","2025-08-23 5:43:20.458 PM","1.575"
"756","2025-08-23 5:43:20.459 PM","1.575"
"757","2025-08-23 5:43:20.460 PM","1.575"
"758","2025-08-23 5:43:20.461 PM","1.575"
"759","2025-08-23 5:43:20.462 PM","1.575"
"760","2025-08-23 5:43:20.463 PM","1.575"
"761","2025-08-23 5:43:20.464 PM","1.575"
"762","2025-08-23 5:43:20.465 PM","1.575"
"763","2025-08-23 5:43:20.466 PM","1.575"
"764","2025-08-23 5:43:20.467 PM","1.575"
"765","2025-08-23 5:43:20.468 PM","1.575"
"766","2025-08-23 5:43:20.469 PM","1.575"
"767","2025-08-23 5:43:20.470 PM","1.575"
"768","2025-08-23 5:43:20.471 PM","1.658"
"769","2025-08-23 5:43:20.472 PM","1.658"
"770","2025-08-23 5:43:20.473 PM","1.658"
"771","2025-08-23 5:43:20.474 PM","1.658"
"772","2025-08-23 5:43:20.475 PM","1.658"
"773","2025-08-23 5:43:20.476 PM","1.658"
"774","2025-08-23 5:43:20.477 PM","1.653"
"775","2025-08-23 5:43:20.478 PM","1.653"
"776","2025-08-23 5:43:20.479 PM","1.653"
"777","2025-08-23 5:43:20.480 PM","1.653"
"778","2025-08-23 5:43:20.481 PM","1.653"
"779","2025-08-23 5:43:20.482 PM","1.653"
"780","2025-08-23 5:43:20.483 PM","1.648"
"781","2025-08-23 5:43:20.484 PM","1.648"
"782","2025-08-23 5:43:20.485 PM","1.653"
"783","2025-08-23 5:43:20.486 PM","1.653"
"784","2025-08-23 5:43:20.487 PM","1.634"
"785","2025-08-23 5:43:20.488 PM","1.634"
"786","2025-08-23 5:43:20.489 PM","1.634"
"787","2025-08-23 5:43:20.490 PM","1.639"
"788","2025-08-23 5:43:20.491 PM","1.639"
"789","2025-08-23 5:43:20.492 PM","1.639"
"790","2025-08-23 5:43:20.493 PM","1.634"
"791","2025-08-23 5:43:20.494 PM","1.639"
"792","2025-08-23 5:43:20.495 PM","1.634"
"793","2025-08-23 5:43:20.496 PM","1.634"
"794","2025-08-23 5:43:20.497 PM","1.634"
"795","2025-08-23 5:43:20.498 PM","1.634"
"796","2025-08-23 5:43:20.499 PM","1.634"
"797","2025-08-23 5:43:20.500 PM","1.634"
"798","2025-08-23 5:43:20.501 PM","1.634"
"799","2025-08-23 5:43:20.502 PM","1.634"
"800","2025-08-23 5:43:20.503 PM","1.634"
"801","2025-08-23 5:43:20.504 PM","1.521"
"802","2025-08-23 5:43:20.505 PM","1.526"
"803","2025-08-23 5:43:20.506 PM","1.521"
"804","2025-08-23 5:43:20.507 PM","1.521"
"805","2025-08-23 5:43:20.508 PM","1.521"
"806","2025-08-23 5:43:20.509 PM","1.521"
"807","2025-08-23 5:43:20.510 PM","1.521"
"808","2025-08-23 5:43:20.511 PM","1.521"
"809","2025-08-23 5:43:20.512 PM","1.512"
"810","2025-08-23 5:43:20.513 PM","1.512"
"811","2025-08-23 5:43:20.514 PM","1.512"
"812","2025-08-23 5:43:20.515 PM","1.512"
"813","2025-08-23 5:43:20.516 PM","1.512"
"814","2025-08-23 5:43:20.517 PM","1.512"
"815","2025-08-23 5:43:20.518 PM","1.521"
"816","2025-08-23 5:43:20.519 PM","1.521"
"817","2025-08-23 5:43:20.520 PM","1.595"
"818","2025-08-23 5:43:20.521 PM","1.595"
"819","2025-08-23 5:43:20.522 PM","1.595"
"820","2025-08-23 5:43:20.523 PM","1.595"
"821","2025-08-23 5:43:20.524 PM","1.595"
"822","2025-08-23 5:43:20.525 PM","1.595"
"823","2025-08-23 5:43:20.526 PM","1.595"
"824","2025-08-23 5:43:20.527 PM","1.595"
"825","2025-08-23 5:43:20.528 PM","1.595"
"826","2025-08-23 5:43:20.529 PM","1.595"
"827","2025-08-23 5:43:20.530 PM","1.595"
"828","2025-08-23 5:43:20.531 PM","1.595"
"829","2025-08-23 5:43:20.532 PM","1.590"
"830","2025-08-23 5:43:20.533 PM","1.595"
"831","2025-08-23 5:43:20.534 PM","1.595"
"832","2025-08-23 5:43:20.535 PM","1.595"
"833","2025-08-23 5:43:20.536 PM","1.595"
"834","2025-08-23 5:43:20.537 PM","1.673"
"835","2025-08-23 5:43:20.538 PM","1.673"
"836","2025-08-23 5:43:20.539 PM","1.673"
"837","2025-08-23 5:43:20.540 PM","1.673"
"838","2025-08-23 5:43:20.541 PM","1.673"
"839","2025-08-23 5:43:20.542 PM","1.673"
"840","2025-08-23 5:43:20.543 PM","1.673"
"841","2025-08-23 5:43:20.544 PM","1.668"
"842","2025-08-23 5:43:20.545 PM","1.668"
"843","2025-08-23 5:43:20.546 PM","1.668"
"844","2025-08-23 5:43:20.547 PM","1.668"
"845","2025-08-23 5:43:20.548 PM","1.668"
"846","2025-08-23 5:43:20.549 PM","1.668"
"847","2025-08-23 5:43:20.550 PM","1.663"
"848","2025-08-23 5:43:20.551 PM","1.673"
"849","2025-08-23 5:43:20.552 PM","1.673"
"850","2025-08-23 5:43:20.553 PM","1.595"
"851","2025-08-23 5:43:20.554 PM","1.595"
"852","2025-08-23 5:43:20.555 PM","1.595"
"853","2025-08-23 5:43:20.556 PM","1.595"
"854","2025-08-23 5:43:20.557 PM","1.595"
"855","2025-08-23 5:43:20.558 PM","1.595"
"856","2025-08-23 5:43:20.559 PM","1.595"
"857","2025-08-23 5:43:20.560 PM","1.595"
"858","2025-08-23 5:43:20.561 PM","1.595"
"859","2025-08-23 5:43:20.562 PM","1.595"
"860","2025-08-23 5:43:20.563 PM","1.595"
"861","2025-08-23 5:43:20.564 PM","1.595"
"862","2025-08-23 5:43:20.565 PM","1.595"
"863","2025-08-23 5:43:20.566 PM","1.590"
"864","2025-08-23 5:43:20.567 PM","1.595"
"865","2025-08-23 5:43:20.568 PM","1.595"
"866","2025-08-23 5:43:20.569 PM","1.595"
"867","2025-08-23 5:43:20.570 PM","1.526"
"868","2025-08-23 5:43:20.571 PM","1.521"
"869","2025-08-23 5:43:20.572 PM","1.521"
"870","2025-08-23 5:43:20.573 PM","1.521"
"871","2025-08-23 5:43:20.574 PM","1.521"
"872","2025-08-23 5:43:20.575 PM","1.521"
"873","2025-08-23 5:43:20.576 PM","1.521"
"874","2025-08-23 5:43:20.577 PM","1.521"
"875","2025-08-23 5:43:20.578 PM","1.512"
"876","2025-08-23 5:43:20.579 PM","1.512"
"877","2025-08-23 5:43:20.580 PM","1.512"
"878","2025-08-23 5:43:20.581 PM","1.512"
"879","2025-08-23 5:43:20.582 PM","1.512"
"880","2025-08-23 5:43:20.583 PM","1.507"
"881","2025-08-23 5:43:20.584 PM","1.521"
"882","2025-08-23 5:43:20.585 PM","1.521"
"883","2025-08-23 5:43:20.586 PM","1.614"
"884","2025-08-23 5:43:20.587 PM","1.614"
"885","2025-08-23 5:43:20.588 PM","1.614"
"886","2025-08-23 5:43:20.589 PM","1.614"
"887","2025-08-23 5:43:20.590 PM","1.614"
"888","2025-08-23 5:43:20.591 PM","1.614"
"889","2025-08-23 5:43:20.592 PM","1.609"
"890","2025-08-23 5:43:20.593 PM","1.614"
"891","2025-08-23 5:43:20.594 PM","1.614"
"892","2025-08-23 5:43:20.595 PM","1.614"
"893","2025-08-23 5:43:20.596 PM","1.614"
"894","2025-08-23 5:43:20.597 PM","1.609"
"895","2025-08-23 5:43:20.598 PM","1.609"
"896","2025-08-23 5:43:20.599 PM","1.609"
"897","2025-08-23 5:43:20.600 PM","1.614"
"898","2025-08-23 5:43:20.601 PM","1.609"
"899","2025-08-23 5:43:20.602 PM","1.614"
"900","2025-08-23 5:43:20.603 PM","1.673"
"901","2025-08-23 5:43:20.604 PM","1.673"
"902","2025-08-23 5:43:20.605 PM","1.673"
"903","2025-08-23 5:43:20.606 PM","1.678"
"904","2025-08-23 5:43:20.607 PM","1.673"
"905","2025-08-23 5:43:20.608 PM","1.673"
"906","2025-08-23 5:43:20.609 PM","1.673"
"907","2025-08-23 5:43:20.610 PM","1.673"
"908","2025-08-23 5:43:20.611 PM","1.673"
"909","2025-08-23 5:43:20.612 PM","1.668"
"910","2025-08-23 5:43:20.613 PM","1.668"
"911","2025-08-23 5:43:20.614 PM","1.668"
"912","2025-08-23 5:43:20.615 PM","1.668"
"913","2025-08-23 5:43:20.616 PM","1.668"
"914","2025-08-23 5:43:20.617 PM","1.673"
"915","2025-08-23 5:43:20.618 PM","1.673"
"916","2025-08-23 5:43:20.619 PM","1.575"
"917","2025-08-23 5:43:20.620 PM","1.575"
"918","2025-08-23 5:43:20.621 PM","1.575"
"919","2025-08-23 5:43:20.622 PM","1.575"
"920","2025-08-23 5:43:20.623 PM","1.580"
"921","2025-08-23 5:43:20.624 PM","1.580"
"922","2025-08-23 5:43:20.625 PM","1.575"
"923","2025-08-23 5:43:20.626 PM","1.575"
"924","2025-08-23 5:43:20.627 PM","1.575"
"925","2025-08-23 5:43:20.628 PM","1.575"
"926","2025-08-23 5:43:20.629 PM","1.575"
"927","2025-08-23 5:43:20.630 PM","1.575"
