"Device: USB-205"
"Serial Number: 22B4008"
"Channel Count: 1"
"Sample Count: 10290"
"Start Time: 2025-08-23 7:04:57.462 PM"
"Scan Rate: 1000"
"Sample","Date/Time","AI0 (V)"
"0","2025-08-23 7:04:57.462 PM","1.614"
"1","2025-08-23 7:04:57.463 PM","1.614"
"2","2025-08-23 7:04:57.464 PM","1.614"
"3","2025-08-23 7:04:57.465 PM","1.614"
"4","2025-08-23 7:04:57.466 PM","1.614"
"5","2025-08-23 7:04:57.467 PM","1.624"
"6","2025-08-23 7:04:57.468 PM","1.614"
"7","2025-08-23 7:04:57.469 PM","1.614"
"8","2025-08-23 7:04:57.470 PM","1.609"
"9","2025-08-23 7:04:57.471 PM","1.614"
"10","2025-08-23 7:04:57.472 PM","1.614"
"11","2025-08-23 7:04:57.473 PM","1.609"
"12","2025-08-23 7:04:57.474 PM","1.614"
"13","2025-08-23 7:04:57.475 PM","1.541"
"14","2025-08-23 7:04:57.476 PM","1.541"
"15","2025-08-23 7:04:57.477 PM","1.541"
"16","2025-08-23 7:04:57.478 PM","1.541"
"17","2025-08-23 7:04:57.479 PM","1.541"
"18","2025-08-23 7:04:57.480 PM","1.541"
"19","2025-08-23 7:04:57.481 PM","1.541"
"20","2025-08-23 7:04:57.482 PM","1.536"
"21","2025-08-23 7:04:57.483 PM","1.536"
"22","2025-08-23 7:04:57.484 PM","1.541"
"23","2025-08-23 7:04:57.485 PM","1.536"
"24","2025-08-23 7:04:57.486 PM","1.536"
"25","2025-08-23 7:04:57.487 PM","1.536"
"26","2025-08-23 7:04:57.488 PM","1.536"
"27","2025-08-23 7:04:57.489 PM","1.536"
"28","2025-08-23 7:04:57.490 PM","1.541"
"29","2025-08-23 7:04:57.491 PM","1.541"
"30","2025-08-23 7:04:57.492 PM","1.541"
"31","2025-08-23 7:04:57.493 PM","1.541"
"32","2025-08-23 7:04:57.494 PM","1.541"
"33","2025-08-23 7:04:57.495 PM","1.541"
"34","2025-08-23 7:04:57.496 PM","1.541"
"35","2025-08-23 7:04:57.497 PM","1.546"
"36","2025-08-23 7:04:57.498 PM","1.546"
"37","2025-08-23 7:04:57.499 PM","1.546"
"38","2025-08-23 7:04:57.500 PM","1.546"
"39","2025-08-23 7:04:57.501 PM","1.541"
"40","2025-08-23 7:04:57.502 PM","1.541"
"41","2025-08-23 7:04:57.503 PM","1.541"
"42","2025-08-23 7:04:57.504 PM","1.541"
"43","2025-08-23 7:04:57.505 PM","1.541"
"44","2025-08-23 7:04:57.506 PM","1.536"
"45","2025-08-23 7:04:57.507 PM","1.541"
"46","2025-08-23 7:04:57.508 PM","1.609"
"47","2025-08-23 7:04:57.509 PM","1.614"
"48","2025-08-23 7:04:57.510 PM","1.614"
"49","2025-08-23 7:04:57.511 PM","1.614"
"50","2025-08-23 7:04:57.512 PM","1.614"
"51","2025-08-23 7:04:57.513 PM","1.609"
"52","2025-08-23 7:04:57.514 PM","1.614"
"53","2025-08-23 7:04:57.515 PM","1.609"
"54","2025-08-23 7:04:57.516 PM","1.609"
"55","2025-08-23 7:04:57.517 PM","1.609"
"56","2025-08-23 7:04:57.518 PM","1.609"
"57","2025-08-23 7:04:57.519 PM","1.609"
"58","2025-08-23 7:04:57.520 PM","1.609"
"59","2025-08-23 7:04:57.521 PM","1.609"
"60","2025-08-23 7:04:57.522 PM","1.614"
"61","2025-08-23 7:04:57.523 PM","1.614"
"62","2025-08-23 7:04:57.524 PM","1.673"
"63","2025-08-23 7:04:57.525 PM","1.673"
"64","2025-08-23 7:04:57.526 PM","1.673"
"65","2025-08-23 7:04:57.527 PM","1.678"
"66","2025-08-23 7:04:57.528 PM","1.673"
"67","2025-08-23 7:04:57.529 PM","1.673"
"68","2025-08-23 7:04:57.530 PM","1.678"
"69","2025-08-23 7:04:57.531 PM","1.678"
"70","2025-08-23 7:04:57.532 PM","1.678"
"71","2025-08-23 7:04:57.533 PM","1.673"
"72","2025-08-23 7:04:57.534 PM","1.673"
"73","2025-08-23 7:04:57.535 PM","1.673"
"74","2025-08-23 7:04:57.536 PM","1.673"
"75","2025-08-23 7:04:57.537 PM","1.673"
"76","2025-08-23 7:04:57.538 PM","1.673"
"77","2025-08-23 7:04:57.539 PM","1.673"
"78","2025-08-23 7:04:57.540 PM","1.678"
"79","2025-08-23 7:04:57.541 PM","1.712"
"80","2025-08-23 7:04:57.542 PM","1.707"
"81","2025-08-23 7:04:57.543 PM","1.707"
"82","2025-08-23 7:04:57.544 PM","1.707"
"83","2025-08-23 7:04:57.545 PM","1.712"
"84","2025-08-23 7:04:57.546 PM","1.707"
"85","2025-08-23 7:04:57.547 PM","1.707"
"86","2025-08-23 7:04:57.548 PM","1.707"
"87","2025-08-23 7:04:57.549 PM","1.707"
"88","2025-08-23 7:04:57.550 PM","1.707"
"89","2025-08-23 7:04:57.551 PM","1.707"
"90","2025-08-23 7:04:57.552 PM","1.707"
"91","2025-08-23 7:04:57.553 PM","1.707"
"92","2025-08-23 7:04:57.554 PM","1.702"
"93","2025-08-23 7:04:57.555 PM","1.707"
"94","2025-08-23 7:04:57.556 PM","1.707"
"95","2025-08-23 7:04:57.557 PM","1.673"
"96","2025-08-23 7:04:57.558 PM","1.673"
"97","2025-08-23 7:04:57.559 PM","1.673"
"98","2025-08-23 7:04:57.560 PM","1.673"
"99","2025-08-23 7:04:57.561 PM","1.678"
"100","2025-08-23 7:04:57.562 PM","1.678"
"101","2025-08-23 7:04:57.563 PM","1.678"
"102","2025-08-23 7:04:57.564 PM","1.683"
"103","2025-08-23 7:04:57.565 PM","1.668"
"104","2025-08-23 7:04:57.566 PM","1.673"
"105","2025-08-23 7:04:57.567 PM","1.673"
"106","2025-08-23 7:04:57.568 PM","1.673"
"107","2025-08-23 7:04:57.569 PM","1.673"
"108","2025-08-23 7:04:57.570 PM","1.673"
"109","2025-08-23 7:04:57.571 PM","1.673"
"110","2025-08-23 7:04:57.572 PM","1.673"
"111","2025-08-23 7:04:57.573 PM","1.673"
"112","2025-08-23 7:04:57.574 PM","1.595"
"113","2025-08-23 7:04:57.575 PM","1.595"
"114","2025-08-23 7:04:57.576 PM","1.595"
"115","2025-08-23 7:04:57.577 PM","1.595"
"116","2025-08-23 7:04:57.578 PM","1.595"
"117","2025-08-23 7:04:57.579 PM","1.595"
"118","2025-08-23 7:04:57.580 PM","1.595"
"119","2025-08-23 7:04:57.581 PM","1.595"
"120","2025-08-23 7:04:57.582 PM","1.595"
"121","2025-08-23 7:04:57.583 PM","1.595"
"122","2025-08-23 7:04:57.584 PM","1.595"
"123","2025-08-23 7:04:57.585 PM","1.590"
"124","2025-08-23 7:04:57.586 PM","1.590"
"125","2025-08-23 7:04:57.587 PM","1.590"
"126","2025-08-23 7:04:57.588 PM","1.595"
"127","2025-08-23 7:04:57.589 PM","1.595"
"128","2025-08-23 7:04:57.590 PM","1.541"
"129","2025-08-23 7:04:57.591 PM","1.541"
"130","2025-08-23 7:04:57.592 PM","1.541"
"131","2025-08-23 7:04:57.593 PM","1.541"
"132","2025-08-23 7:04:57.594 PM","1.541"
"133","2025-08-23 7:04:57.595 PM","1.541"
"134","2025-08-23 7:04:57.596 PM","1.546"
"135","2025-08-23 7:04:57.597 PM","1.546"
"136","2025-08-23 7:04:57.598 PM","1.541"
"137","2025-08-23 7:04:57.599 PM","1.541"
"138","2025-08-23 7:04:57.600 PM","1.541"
"139","2025-08-23 7:04:57.601 PM","1.536"
"140","2025-08-23 7:04:57.602 PM","1.536"
"141","2025-08-23 7:04:57.603 PM","1.541"
"142","2025-08-23 7:04:57.604 PM","1.541"
"143","2025-08-23 7:04:57.605 PM","1.541"
"144","2025-08-23 7:04:57.606 PM","1.541"
"145","2025-08-23 7:04:57.607 PM","1.556"
"146","2025-08-23 7:04:57.608 PM","1.556"
"147","2025-08-23 7:04:57.609 PM","1.560"
"148","2025-08-23 7:04:57.610 PM","1.560"
"149","2025-08-23 7:04:57.611 PM","1.560"
"150","2025-08-23 7:04:57.612 PM","1.560"
"151","2025-08-23 7:04:57.613 PM","1.556"
"152","2025-08-23 7:04:57.614 PM","1.556"
"153","2025-08-23 7:04:57.615 PM","1.556"
"154","2025-08-23 7:04:57.616 PM","1.556"
"155","2025-08-23 7:04:57.617 PM","1.556"
"156","2025-08-23 7:04:57.618 PM","1.556"
"157","2025-08-23 7:04:57.619 PM","1.556"
"158","2025-08-23 7:04:57.620 PM","1.556"
"159","2025-08-23 7:04:57.621 PM","1.560"
"160","2025-08-23 7:04:57.622 PM","1.556"
"161","2025-08-23 7:04:57.623 PM","1.639"
"162","2025-08-23 7:04:57.624 PM","1.639"
"163","2025-08-23 7:04:57.625 PM","1.639"
"164","2025-08-23 7:04:57.626 PM","1.639"
"165","2025-08-23 7:04:57.627 PM","1.639"
"166","2025-08-23 7:04:57.628 PM","1.634"
"167","2025-08-23 7:04:57.629 PM","1.643"
"168","2025-08-23 7:04:57.630 PM","1.639"
"169","2025-08-23 7:04:57.631 PM","1.639"
"170","2025-08-23 7:04:57.632 PM","1.634"
"171","2025-08-23 7:04:57.633 PM","1.634"
"172","2025-08-23 7:04:57.634 PM","1.634"
"173","2025-08-23 7:04:57.635 PM","1.639"
"174","2025-08-23 7:04:57.636 PM","1.634"
"175","2025-08-23 7:04:57.637 PM","1.634"
"176","2025-08-23 7:04:57.638 PM","1.639"
"177","2025-08-23 7:04:57.639 PM","1.639"
"178","2025-08-23 7:04:57.640 PM","1.692"
"179","2025-08-23 7:04:57.641 PM","1.692"
"180","2025-08-23 7:04:57.642 PM","1.692"
"181","2025-08-23 7:04:57.643 PM","1.692"
"182","2025-08-23 7:04:57.644 PM","1.692"
"183","2025-08-23 7:04:57.645 PM","1.692"
"184","2025-08-23 7:04:57.646 PM","1.687"
"185","2025-08-23 7:04:57.647 PM","1.687"
"186","2025-08-23 7:04:57.648 PM","1.692"
"187","2025-08-23 7:04:57.649 PM","1.687"
"188","2025-08-23 7:04:57.650 PM","1.687"
"189","2025-08-23 7:04:57.651 PM","1.687"
"190","2025-08-23 7:04:57.652 PM","1.687"
"191","2025-08-23 7:04:57.653 PM","1.687"
"192","2025-08-23 7:04:57.654 PM","1.687"
"193","2025-08-23 7:04:57.655 PM","1.692"
"194","2025-08-23 7:04:57.656 PM","1.707"
"195","2025-08-23 7:04:57.657 PM","1.707"
"196","2025-08-23 7:04:57.658 PM","1.707"
"197","2025-08-23 7:04:57.659 PM","1.712"
"198","2025-08-23 7:04:57.660 PM","1.707"
"199","2025-08-23 7:04:57.661 PM","1.707"
"200","2025-08-23 7:04:57.662 PM","1.717"
"201","2025-08-23 7:04:57.663 PM","1.707"
"202","2025-08-23 7:04:57.664 PM","1.707"
"203","2025-08-23 7:04:57.665 PM","1.707"
"204","2025-08-23 7:04:57.666 PM","1.707"
"205","2025-08-23 7:04:57.667 PM","1.707"
"206","2025-08-23 7:04:57.668 PM","1.707"
"207","2025-08-23 7:04:57.669 PM","1.707"
"208","2025-08-23 7:04:57.670 PM","1.707"
"209","2025-08-23 7:04:57.671 PM","1.707"
"210","2025-08-23 7:04:57.672 PM","1.712"
"211","2025-08-23 7:04:57.673 PM","1.658"
"212","2025-08-23 7:04:57.674 PM","1.658"
"213","2025-08-23 7:04:57.675 PM","1.658"
"214","2025-08-23 7:04:57.676 PM","1.658"
"215","2025-08-23 7:04:57.677 PM","1.658"
"216","2025-08-23 7:04:57.678 PM","1.658"
"217","2025-08-23 7:04:57.679 PM","1.658"
"218","2025-08-23 7:04:57.680 PM","1.653"
"219","2025-08-23 7:04:57.681 PM","1.653"
"220","2025-08-23 7:04:57.682 PM","1.653"
"221","2025-08-23 7:04:57.683 PM","1.653"
"222","2025-08-23 7:04:57.684 PM","1.653"
"223","2025-08-23 7:04:57.685 PM","1.653"
"224","2025-08-23 7:04:57.686 PM","1.653"
"225","2025-08-23 7:04:57.687 PM","1.653"
"226","2025-08-23 7:04:57.688 PM","1.653"
"227","2025-08-23 7:04:57.689 PM","1.575"
"228","2025-08-23 7:04:57.690 PM","1.575"
"229","2025-08-23 7:04:57.691 PM","1.575"
"230","2025-08-23 7:04:57.692 PM","1.575"
"231","2025-08-23 7:04:57.693 PM","1.575"
"232","2025-08-23 7:04:57.694 PM","1.580"
"233","2025-08-23 7:04:57.695 PM","1.575"
"234","2025-08-23 7:04:57.696 PM","1.575"
"235","2025-08-23 7:04:57.697 PM","1.575"
"236","2025-08-23 7:04:57.698 PM","1.575"
"237","2025-08-23 7:04:57.699 PM","1.575"
"238","2025-08-23 7:04:57.700 PM","1.575"
"239","2025-08-23 7:04:57.701 PM","1.575"
"240","2025-08-23 7:04:57.702 PM","1.575"
"241","2025-08-23 7:04:57.703 PM","1.575"
"242","2025-08-23 7:04:57.704 PM","1.575"
"243","2025-08-23 7:04:57.705 PM","1.575"
"244","2025-08-23 7:04:57.706 PM","1.541"
"245","2025-08-23 7:04:57.707 PM","1.541"
"246","2025-08-23 7:04:57.708 PM","1.541"
"247","2025-08-23 7:04:57.709 PM","1.541"
"248","2025-08-23 7:04:57.710 PM","1.541"
"249","2025-08-23 7:04:57.711 PM","1.541"
"250","2025-08-23 7:04:57.712 PM","1.541"
"251","2025-08-23 7:04:57.713 PM","1.536"
"252","2025-08-23 7:04:57.714 PM","1.541"
"253","2025-08-23 7:04:57.715 PM","1.536"
"254","2025-08-23 7:04:57.716 PM","1.536"
"255","2025-08-23 7:04:57.717 PM","1.536"
"256","2025-08-23 7:04:57.718 PM","1.536"
"257","2025-08-23 7:04:57.719 PM","1.536"
"258","2025-08-23 7:04:57.720 PM","1.541"
"259","2025-08-23 7:04:57.721 PM","1.541"
"260","2025-08-23 7:04:57.722 PM","1.575"
"261","2025-08-23 7:04:57.723 PM","1.575"
"262","2025-08-23 7:04:57.724 PM","1.580"
"263","2025-08-23 7:04:57.725 PM","1.575"
"264","2025-08-23 7:04:57.726 PM","1.575"
"265","2025-08-23 7:04:57.727 PM","1.580"
"266","2025-08-23 7:04:57.728 PM","1.575"
"267","2025-08-23 7:04:57.729 PM","1.575"
"268","2025-08-23 7:04:57.730 PM","1.575"
"269","2025-08-23 7:04:57.731 PM","1.575"
"270","2025-08-23 7:04:57.732 PM","1.575"
"271","2025-08-23 7:04:57.733 PM","1.575"
"272","2025-08-23 7:04:57.734 PM","1.575"
"273","2025-08-23 7:04:57.735 PM","1.575"
"274","2025-08-23 7:04:57.736 PM","1.575"
"275","2025-08-23 7:04:57.737 PM","1.575"
"276","2025-08-23 7:04:57.738 PM","1.575"
"277","2025-08-23 7:04:57.739 PM","1.653"
"278","2025-08-23 7:04:57.740 PM","1.658"
"279","2025-08-23 7:04:57.741 PM","1.658"
"280","2025-08-23 7:04:57.742 PM","1.658"
"281","2025-08-23 7:04:57.743 PM","1.658"
"282","2025-08-23 7:04:57.744 PM","1.658"
"283","2025-08-23 7:04:57.745 PM","1.653"
"284","2025-08-23 7:04:57.746 PM","1.653"
"285","2025-08-23 7:04:57.747 PM","1.658"
"286","2025-08-23 7:04:57.748 PM","1.653"
"287","2025-08-23 7:04:57.749 PM","1.653"
"288","2025-08-23 7:04:57.750 PM","1.648"
"289","2025-08-23 7:04:57.751 PM","1.648"
"290","2025-08-23 7:04:57.752 PM","1.648"
"291","2025-08-23 7:04:57.753 PM","1.658"
"292","2025-08-23 7:04:57.754 PM","1.653"
"293","2025-08-23 7:04:57.755 PM","1.658"
"294","2025-08-23 7:04:57.756 PM","1.707"
"295","2025-08-23 7:04:57.757 PM","1.712"
"296","2025-08-23 7:04:57.758 PM","1.707"
"297","2025-08-23 7:04:57.759 PM","1.712"
"298","2025-08-23 7:04:57.760 PM","1.712"
"299","2025-08-23 7:04:57.761 PM","1.712"
"300","2025-08-23 7:04:57.762 PM","1.707"
"301","2025-08-23 7:04:57.763 PM","1.707"
"302","2025-08-23 7:04:57.764 PM","1.707"
"303","2025-08-23 7:04:57.765 PM","1.707"
"304","2025-08-23 7:04:57.766 PM","1.707"
"305","2025-08-23 7:04:57.767 PM","1.707"
"306","2025-08-23 7:04:57.768 PM","1.707"
"307","2025-08-23 7:04:57.769 PM","1.707"
"308","2025-08-23 7:04:57.770 PM","1.707"
"309","2025-08-23 7:04:57.771 PM","1.707"
"310","2025-08-23 7:04:57.772 PM","1.712"
"311","2025-08-23 7:04:57.773 PM","1.707"
"312","2025-08-23 7:04:57.774 PM","1.712"
"313","2025-08-23 7:04:57.775 PM","1.712"
"314","2025-08-23 7:04:57.776 PM","1.712"
"315","2025-08-23 7:04:57.777 PM","1.707"
"316","2025-08-23 7:04:57.778 PM","1.707"
"317","2025-08-23 7:04:57.779 PM","1.707"
"318","2025-08-23 7:04:57.780 PM","1.707"
"319","2025-08-23 7:04:57.781 PM","1.707"
"320","2025-08-23 7:04:57.782 PM","1.702"
"321","2025-08-23 7:04:57.783 PM","1.702"
"322","2025-08-23 7:04:57.784 PM","1.702"
"323","2025-08-23 7:04:57.785 PM","1.702"
"324","2025-08-23 7:04:57.786 PM","1.707"
"325","2025-08-23 7:04:57.787 PM","1.712"
"326","2025-08-23 7:04:57.788 PM","1.634"
"327","2025-08-23 7:04:57.789 PM","1.639"
"328","2025-08-23 7:04:57.790 PM","1.639"
"329","2025-08-23 7:04:57.791 PM","1.639"
"330","2025-08-23 7:04:57.792 PM","1.639"
"331","2025-08-23 7:04:57.793 PM","1.639"
"332","2025-08-23 7:04:57.794 PM","1.639"
"333","2025-08-23 7:04:57.795 PM","1.639"
"334","2025-08-23 7:04:57.796 PM","1.634"
"335","2025-08-23 7:04:57.797 PM","1.634"
"336","2025-08-23 7:04:57.798 PM","1.634"
"337","2025-08-23 7:04:57.799 PM","1.634"
"338","2025-08-23 7:04:57.800 PM","1.634"
"339","2025-08-23 7:04:57.801 PM","1.634"
"340","2025-08-23 7:04:57.802 PM","1.634"
"341","2025-08-23 7:04:57.803 PM","1.639"
"342","2025-08-23 7:04:57.804 PM","1.634"
"343","2025-08-23 7:04:57.805 PM","1.560"
"344","2025-08-23 7:04:57.806 PM","1.560"
"345","2025-08-23 7:04:57.807 PM","1.560"
"346","2025-08-23 7:04:57.808 PM","1.560"
"347","2025-08-23 7:04:57.809 PM","1.556"
"348","2025-08-23 7:04:57.810 PM","1.560"
"349","2025-08-23 7:04:57.811 PM","1.556"
"350","2025-08-23 7:04:57.812 PM","1.556"
"351","2025-08-23 7:04:57.813 PM","1.556"
"352","2025-08-23 7:04:57.814 PM","1.556"
"353","2025-08-23 7:04:57.815 PM","1.556"
"354","2025-08-23 7:04:57.816 PM","1.551"
"355","2025-08-23 7:04:57.817 PM","1.551"
"356","2025-08-23 7:04:57.818 PM","1.551"
"357","2025-08-23 7:04:57.819 PM","1.556"
"358","2025-08-23 7:04:57.820 PM","1.560"
"359","2025-08-23 7:04:57.821 PM","1.541"
"360","2025-08-23 7:04:57.822 PM","1.541"
"361","2025-08-23 7:04:57.823 PM","1.541"
"362","2025-08-23 7:04:57.824 PM","1.541"
"363","2025-08-23 7:04:57.825 PM","1.541"
"364","2025-08-23 7:04:57.826 PM","1.541"
"365","2025-08-23 7:04:57.827 PM","1.541"
"366","2025-08-23 7:04:57.828 PM","1.541"
"367","2025-08-23 7:04:57.829 PM","1.536"
"368","2025-08-23 7:04:57.830 PM","1.541"
"369","2025-08-23 7:04:57.831 PM","1.536"
"370","2025-08-23 7:04:57.832 PM","1.541"
"371","2025-08-23 7:04:57.833 PM","1.541"
"372","2025-08-23 7:04:57.834 PM","1.541"
"373","2025-08-23 7:04:57.835 PM","1.541"
"374","2025-08-23 7:04:57.836 PM","1.541"
"375","2025-08-23 7:04:57.837 PM","1.541"
"376","2025-08-23 7:04:57.838 PM","1.595"
"377","2025-08-23 7:04:57.839 PM","1.595"
"378","2025-08-23 7:04:57.840 PM","1.595"
"379","2025-08-23 7:04:57.841 PM","1.595"
"380","2025-08-23 7:04:57.842 PM","1.595"
"381","2025-08-23 7:04:57.843 PM","1.595"
"382","2025-08-23 7:04:57.844 PM","1.595"
"383","2025-08-23 7:04:57.845 PM","1.595"
"384","2025-08-23 7:04:57.846 PM","1.590"
"385","2025-08-23 7:04:57.847 PM","1.590"
"386","2025-08-23 7:04:57.848 PM","1.590"
"387","2025-08-23 7:04:57.849 PM","1.590"
"388","2025-08-23 7:04:57.850 PM","1.590"
"389","2025-08-23 7:04:57.851 PM","1.590"
"390","2025-08-23 7:04:57.852 PM","1.595"
"391","2025-08-23 7:04:57.853 PM","1.595"
"392","2025-08-23 7:04:57.854 PM","1.595"
"393","2025-08-23 7:04:57.855 PM","1.673"
"394","2025-08-23 7:04:57.856 PM","1.673"
"395","2025-08-23 7:04:57.857 PM","1.673"
"396","2025-08-23 7:04:57.858 PM","1.673"
"397","2025-08-23 7:04:57.859 PM","1.673"
"398","2025-08-23 7:04:57.860 PM","1.673"
"399","2025-08-23 7:04:57.861 PM","1.673"
"400","2025-08-23 7:04:57.862 PM","1.673"
"401","2025-08-23 7:04:57.863 PM","1.673"
"402","2025-08-23 7:04:57.864 PM","1.673"
"403","2025-08-23 7:04:57.865 PM","1.673"
"404","2025-08-23 7:04:57.866 PM","1.668"
"405","2025-08-23 7:04:57.867 PM","1.673"
"406","2025-08-23 7:04:57.868 PM","1.668"
"407","2025-08-23 7:04:57.869 PM","1.673"
"408","2025-08-23 7:04:57.870 PM","1.673"
"409","2025-08-23 7:04:57.871 PM","1.712"
"410","2025-08-23 7:04:57.872 PM","1.707"
"411","2025-08-23 7:04:57.873 PM","1.712"
"412","2025-08-23 7:04:57.874 PM","1.712"
"413","2025-08-23 7:04:57.875 PM","1.712"
"414","2025-08-23 7:04:57.876 PM","1.707"
"415","2025-08-23 7:04:57.877 PM","1.707"
"416","2025-08-23 7:04:57.878 PM","1.707"
"417","2025-08-23 7:04:57.879 PM","1.707"
"418","2025-08-23 7:04:57.880 PM","1.707"
"419","2025-08-23 7:04:57.881 PM","1.702"
"420","2025-08-23 7:04:57.882 PM","1.702"
"421","2025-08-23 7:04:57.883 PM","1.702"
"422","2025-08-23 7:04:57.884 PM","1.702"
"423","2025-08-23 7:04:57.885 PM","1.707"
"424","2025-08-23 7:04:57.886 PM","1.707"
"425","2025-08-23 7:04:57.887 PM","1.707"
"426","2025-08-23 7:04:57.888 PM","1.692"
"427","2025-08-23 7:04:57.889 PM","1.692"
"428","2025-08-23 7:04:57.890 PM","1.692"
"429","2025-08-23 7:04:57.891 PM","1.692"
"430","2025-08-23 7:04:57.892 PM","1.692"
"431","2025-08-23 7:04:57.893 PM","1.692"
"432","2025-08-23 7:04:57.894 PM","1.692"
"433","2025-08-23 7:04:57.895 PM","1.692"
"434","2025-08-23 7:04:57.896 PM","1.692"
"435","2025-08-23 7:04:57.897 PM","1.692"
"436","2025-08-23 7:04:57.898 PM","1.687"
"437","2025-08-23 7:04:57.899 PM","1.687"
"438","2025-08-23 7:04:57.900 PM","1.687"
"439","2025-08-23 7:04:57.901 PM","1.692"
"440","2025-08-23 7:04:57.902 PM","1.692"
"441","2025-08-23 7:04:57.903 PM","1.692"
"442","2025-08-23 7:04:57.904 PM","1.614"
"443","2025-08-23 7:04:57.905 PM","1.614"
"444","2025-08-23 7:04:57.906 PM","1.614"
"445","2025-08-23 7:04:57.907 PM","1.614"
"446","2025-08-23 7:04:57.908 PM","1.614"
"447","2025-08-23 7:04:57.909 PM","1.614"
"448","2025-08-23 7:04:57.910 PM","1.609"
"449","2025-08-23 7:04:57.911 PM","1.609"
"450","2025-08-23 7:04:57.912 PM","1.604"
"451","2025-08-23 7:04:57.913 PM","1.604"
"452","2025-08-23 7:04:57.914 PM","1.609"
"453","2025-08-23 7:04:57.915 PM","1.604"
"454","2025-08-23 7:04:57.916 PM","1.604"
"455","2025-08-23 7:04:57.917 PM","1.604"
"456","2025-08-23 7:04:57.918 PM","1.614"
"457","2025-08-23 7:04:57.919 PM","1.614"
"458","2025-08-23 7:04:57.920 PM","1.541"
"459","2025-08-23 7:04:57.921 PM","1.541"
"460","2025-08-23 7:04:57.922 PM","1.541"
"461","2025-08-23 7:04:57.923 PM","1.541"
"462","2025-08-23 7:04:57.924 PM","1.541"
"463","2025-08-23 7:04:57.925 PM","1.541"
"464","2025-08-23 7:04:57.926 PM","1.541"
"465","2025-08-23 7:04:57.927 PM","1.541"
"466","2025-08-23 7:04:57.928 PM","1.541"
"467","2025-08-23 7:04:57.929 PM","1.536"
"468","2025-08-23 7:04:57.930 PM","1.536"
"469","2025-08-23 7:04:57.931 PM","1.541"
"470","2025-08-23 7:04:57.932 PM","1.536"
"471","2025-08-23 7:04:57.933 PM","1.536"
"472","2025-08-23 7:04:57.934 PM","1.536"
"473","2025-08-23 7:04:57.935 PM","1.541"
"474","2025-08-23 7:04:57.936 PM","1.541"
"475","2025-08-23 7:04:57.937 PM","1.541"
"476","2025-08-23 7:04:57.938 PM","1.536"
"477","2025-08-23 7:04:57.939 PM","1.541"
"478","2025-08-23 7:04:57.940 PM","1.541"
"479","2025-08-23 7:04:57.941 PM","1.541"
"480","2025-08-23 7:04:57.942 PM","1.541"
"481","2025-08-23 7:04:57.943 PM","1.536"
"482","2025-08-23 7:04:57.944 PM","1.536"
"483","2025-08-23 7:04:57.945 PM","1.536"
"484","2025-08-23 7:04:57.946 PM","1.536"
"485","2025-08-23 7:04:57.947 PM","1.531"
"486","2025-08-23 7:04:57.948 PM","1.531"
"487","2025-08-23 7:04:57.949 PM","1.531"
"488","2025-08-23 7:04:57.950 PM","1.541"
"489","2025-08-23 7:04:57.951 PM","1.541"
"490","2025-08-23 7:04:57.952 PM","1.541"
"491","2025-08-23 7:04:57.953 PM","1.541"
"492","2025-08-23 7:04:57.954 PM","1.609"
"493","2025-08-23 7:04:57.955 PM","1.614"
"494","2025-08-23 7:04:57.956 PM","1.614"
"495","2025-08-23 7:04:57.957 PM","1.614"
"496","2025-08-23 7:04:57.958 PM","1.614"
"497","2025-08-23 7:04:57.959 PM","1.614"
"498","2025-08-23 7:04:57.960 PM","1.609"
"499","2025-08-23 7:04:57.961 PM","1.614"
"500","2025-08-23 7:04:57.962 PM","1.614"
"501","2025-08-23 7:04:57.963 PM","1.614"
"502","2025-08-23 7:04:57.964 PM","1.614"
"503","2025-08-23 7:04:57.965 PM","1.614"
"504","2025-08-23 7:04:57.966 PM","1.609"
"505","2025-08-23 7:04:57.967 PM","1.609"
"506","2025-08-23 7:04:57.968 PM","1.614"
"507","2025-08-23 7:04:57.969 PM","1.614"
"508","2025-08-23 7:04:57.970 PM","1.692"
"509","2025-08-23 7:04:57.971 PM","1.692"
"510","2025-08-23 7:04:57.972 PM","1.692"
"511","2025-08-23 7:04:57.973 PM","1.692"
"512","2025-08-23 7:04:57.974 PM","1.692"
"513","2025-08-23 7:04:57.975 PM","1.692"
"514","2025-08-23 7:04:57.976 PM","1.687"
"515","2025-08-23 7:04:57.977 PM","1.687"
"516","2025-08-23 7:04:57.978 PM","1.687"
"517","2025-08-23 7:04:57.979 PM","1.687"
"518","2025-08-23 7:04:57.980 PM","1.683"
"519","2025-08-23 7:04:57.981 PM","1.683"
"520","2025-08-23 7:04:57.982 PM","1.683"
"521","2025-08-23 7:04:57.983 PM","1.692"
"522","2025-08-23 7:04:57.984 PM","1.687"
"523","2025-08-23 7:04:57.985 PM","1.692"
"524","2025-08-23 7:04:57.986 PM","1.692"
"525","2025-08-23 7:04:57.987 PM","1.707"
"526","2025-08-23 7:04:57.988 PM","1.712"
"527","2025-08-23 7:04:57.989 PM","1.707"
"528","2025-08-23 7:04:57.990 PM","1.712"
"529","2025-08-23 7:04:57.991 PM","1.712"
"530","2025-08-23 7:04:57.992 PM","1.712"
"531","2025-08-23 7:04:57.993 PM","1.707"
"532","2025-08-23 7:04:57.994 PM","1.707"
"533","2025-08-23 7:04:57.995 PM","1.707"
"534","2025-08-23 7:04:57.996 PM","1.707"
"535","2025-08-23 7:04:57.997 PM","1.707"
"536","2025-08-23 7:04:57.998 PM","1.707"
"537","2025-08-23 7:04:57.999 PM","1.707"
"538","2025-08-23 7:04:58.000 PM","1.707"
"539","2025-08-23 7:04:58.001 PM","1.707"
"540","2025-08-23 7:04:58.002 PM","1.707"
"541","2025-08-23 7:04:58.003 PM","1.653"
"542","2025-08-23 7:04:58.004 PM","1.653"
"543","2025-08-23 7:04:58.005 PM","1.658"
"544","2025-08-23 7:04:58.006 PM","1.658"
"545","2025-08-23 7:04:58.007 PM","1.653"
"546","2025-08-23 7:04:58.008 PM","1.658"
"547","2025-08-23 7:04:58.009 PM","1.653"
"548","2025-08-23 7:04:58.010 PM","1.653"
"549","2025-08-23 7:04:58.011 PM","1.653"
"550","2025-08-23 7:04:58.012 PM","1.648"
"551","2025-08-23 7:04:58.013 PM","1.648"
"552","2025-08-23 7:04:58.014 PM","1.648"
"553","2025-08-23 7:04:58.015 PM","1.653"
"554","2025-08-23 7:04:58.016 PM","1.658"
"555","2025-08-23 7:04:58.017 PM","1.653"
"556","2025-08-23 7:04:58.018 PM","1.658"
"557","2025-08-23 7:04:58.019 PM","1.658"
"558","2025-08-23 7:04:58.020 PM","1.595"
"559","2025-08-23 7:04:58.021 PM","1.595"
"560","2025-08-23 7:04:58.022 PM","1.595"
"561","2025-08-23 7:04:58.023 PM","1.595"
"562","2025-08-23 7:04:58.024 PM","1.595"
"563","2025-08-23 7:04:58.025 PM","1.595"
"564","2025-08-23 7:04:58.026 PM","1.595"
"565","2025-08-23 7:04:58.027 PM","1.595"
"566","2025-08-23 7:04:58.028 PM","1.595"
"567","2025-08-23 7:04:58.029 PM","1.595"
"568","2025-08-23 7:04:58.030 PM","1.595"
"569","2025-08-23 7:04:58.031 PM","1.595"
"570","2025-08-23 7:04:58.032 PM","1.590"
"571","2025-08-23 7:04:58.033 PM","1.595"
"572","2025-08-23 7:04:58.034 PM","1.595"
"573","2025-08-23 7:04:58.035 PM","1.595"
"574","2025-08-23 7:04:58.036 PM","1.541"
"575","2025-08-23 7:04:58.037 PM","1.541"
"576","2025-08-23 7:04:58.038 PM","1.541"
"577","2025-08-23 7:04:58.039 PM","1.541"
"578","2025-08-23 7:04:58.040 PM","1.541"
"579","2025-08-23 7:04:58.041 PM","1.541"
"580","2025-08-23 7:04:58.042 PM","1.536"
"581","2025-08-23 7:04:58.043 PM","1.536"
"582","2025-08-23 7:04:58.044 PM","1.536"
"583","2025-08-23 7:04:58.045 PM","1.531"
"584","2025-08-23 7:04:58.046 PM","1.531"
"585","2025-08-23 7:04:58.047 PM","1.512"
"586","2025-08-23 7:04:58.048 PM","1.546"
"587","2025-08-23 7:04:58.049 PM","1.546"
"588","2025-08-23 7:04:58.050 PM","1.536"
"589","2025-08-23 7:04:58.051 PM","1.541"
"590","2025-08-23 7:04:58.052 PM","1.541"
"591","2025-08-23 7:04:58.053 PM","1.560"
"592","2025-08-23 7:04:58.054 PM","1.560"
"593","2025-08-23 7:04:58.055 PM","1.560"
"594","2025-08-23 7:04:58.056 PM","1.560"
"595","2025-08-23 7:04:58.057 PM","1.560"
"596","2025-08-23 7:04:58.058 PM","1.560"
"597","2025-08-23 7:04:58.059 PM","1.556"
"598","2025-08-23 7:04:58.060 PM","1.556"
"599","2025-08-23 7:04:58.061 PM","1.560"
"600","2025-08-23 7:04:58.062 PM","1.556"
"601","2025-08-23 7:04:58.063 PM","1.560"
"602","2025-08-23 7:04:58.064 PM","1.556"
"603","2025-08-23 7:04:58.065 PM","1.556"
"604","2025-08-23 7:04:58.066 PM","1.556"
"605","2025-08-23 7:04:58.067 PM","1.556"
"606","2025-08-23 7:04:58.068 PM","1.556"
"607","2025-08-23 7:04:58.069 PM","1.634"
"608","2025-08-23 7:04:58.070 PM","1.639"
"609","2025-08-23 7:04:58.071 PM","1.634"
"610","2025-08-23 7:04:58.072 PM","1.639"
"611","2025-08-23 7:04:58.073 PM","1.634"
"612","2025-08-23 7:04:58.074 PM","1.639"
"613","2025-08-23 7:04:58.075 PM","1.634"
"614","2025-08-23 7:04:58.076 PM","1.634"
"615","2025-08-23 7:04:58.077 PM","1.629"
"616","2025-08-23 7:04:58.078 PM","1.629"
"617","2025-08-23 7:04:58.079 PM","1.629"
"618","2025-08-23 7:04:58.080 PM","1.639"
"619","2025-08-23 7:04:58.081 PM","1.639"
"620","2025-08-23 7:04:58.082 PM","1.643"
"621","2025-08-23 7:04:58.083 PM","1.634"
"622","2025-08-23 7:04:58.084 PM","1.634"
"623","2025-08-23 7:04:58.085 PM","1.634"
"624","2025-08-23 7:04:58.086 PM","1.712"
"625","2025-08-23 7:04:58.087 PM","1.712"
"626","2025-08-23 7:04:58.088 PM","1.712"
"627","2025-08-23 7:04:58.089 PM","1.712"
"628","2025-08-23 7:04:58.090 PM","1.707"
"629","2025-08-23 7:04:58.091 PM","1.707"
"630","2025-08-23 7:04:58.092 PM","1.707"
"631","2025-08-23 7:04:58.093 PM","1.707"
"632","2025-08-23 7:04:58.094 PM","1.712"
"633","2025-08-23 7:04:58.095 PM","1.707"
"634","2025-08-23 7:04:58.096 PM","1.707"
"635","2025-08-23 7:04:58.097 PM","1.707"
"636","2025-08-23 7:04:58.098 PM","1.707"
"637","2025-08-23 7:04:58.099 PM","1.707"
"638","2025-08-23 7:04:58.100 PM","1.707"
"639","2025-08-23 7:04:58.101 PM","1.712"
"640","2025-08-23 7:04:58.102 PM","1.707"
"641","2025-08-23 7:04:58.103 PM","1.707"
"642","2025-08-23 7:04:58.104 PM","1.712"
"643","2025-08-23 7:04:58.105 PM","1.712"
"644","2025-08-23 7:04:58.106 PM","1.707"
"645","2025-08-23 7:04:58.107 PM","1.712"
"646","2025-08-23 7:04:58.108 PM","1.702"
"647","2025-08-23 7:04:58.109 PM","1.697"
"648","2025-08-23 7:04:58.110 PM","1.702"
"649","2025-08-23 7:04:58.111 PM","1.702"
"650","2025-08-23 7:04:58.112 PM","1.712"
"651","2025-08-23 7:04:58.113 PM","1.712"
"652","2025-08-23 7:04:58.114 PM","1.717"
"653","2025-08-23 7:04:58.115 PM","1.712"
"654","2025-08-23 7:04:58.116 PM","1.707"
"655","2025-08-23 7:04:58.117 PM","1.712"
"656","2025-08-23 7:04:58.118 PM","1.712"
"657","2025-08-23 7:04:58.119 PM","1.653"
"658","2025-08-23 7:04:58.120 PM","1.658"
"659","2025-08-23 7:04:58.121 PM","1.653"
"660","2025-08-23 7:04:58.122 PM","1.653"
"661","2025-08-23 7:04:58.123 PM","1.653"
"662","2025-08-23 7:04:58.124 PM","1.653"
"663","2025-08-23 7:04:58.125 PM","1.653"
"664","2025-08-23 7:04:58.126 PM","1.653"
"665","2025-08-23 7:04:58.127 PM","1.653"
"666","2025-08-23 7:04:58.128 PM","1.653"
"667","2025-08-23 7:04:58.129 PM","1.653"
"668","2025-08-23 7:04:58.130 PM","1.648"
"669","2025-08-23 7:04:58.131 PM","1.653"
"670","2025-08-23 7:04:58.132 PM","1.653"
"671","2025-08-23 7:04:58.133 PM","1.653"
"672","2025-08-23 7:04:58.134 PM","1.653"
"673","2025-08-23 7:04:58.135 PM","1.580"
"674","2025-08-23 7:04:58.136 PM","1.580"
"675","2025-08-23 7:04:58.137 PM","1.580"
"676","2025-08-23 7:04:58.138 PM","1.580"
"677","2025-08-23 7:04:58.139 PM","1.580"
"678","2025-08-23 7:04:58.140 PM","1.575"
"679","2025-08-23 7:04:58.141 PM","1.575"
"680","2025-08-23 7:04:58.142 PM","1.570"
"681","2025-08-23 7:04:58.143 PM","1.570"
"682","2025-08-23 7:04:58.144 PM","1.570"
"683","2025-08-23 7:04:58.145 PM","1.580"
"684","2025-08-23 7:04:58.146 PM","1.580"
"685","2025-08-23 7:04:58.147 PM","1.580"
"686","2025-08-23 7:04:58.148 PM","1.580"
"687","2025-08-23 7:04:58.149 PM","1.575"
"688","2025-08-23 7:04:58.150 PM","1.575"
"689","2025-08-23 7:04:58.151 PM","1.575"
"690","2025-08-23 7:04:58.152 PM","1.541"
"691","2025-08-23 7:04:58.153 PM","1.541"
"692","2025-08-23 7:04:58.154 PM","1.541"
"693","2025-08-23 7:04:58.155 PM","1.541"
"694","2025-08-23 7:04:58.156 PM","1.541"
"695","2025-08-23 7:04:58.157 PM","1.541"
"696","2025-08-23 7:04:58.158 PM","1.541"
"697","2025-08-23 7:04:58.159 PM","1.541"
"698","2025-08-23 7:04:58.160 PM","1.541"
"699","2025-08-23 7:04:58.161 PM","1.536"
"700","2025-08-23 7:04:58.162 PM","1.541"
"701","2025-08-23 7:04:58.163 PM","1.536"
"702","2025-08-23 7:04:58.164 PM","1.536"
"703","2025-08-23 7:04:58.165 PM","1.536"
"704","2025-08-23 7:04:58.166 PM","1.541"
"705","2025-08-23 7:04:58.167 PM","1.541"
"706","2025-08-23 7:04:58.168 PM","1.575"
"707","2025-08-23 7:04:58.169 PM","1.575"
"708","2025-08-23 7:04:58.170 PM","1.575"
"709","2025-08-23 7:04:58.171 PM","1.580"
"710","2025-08-23 7:04:58.172 PM","1.575"
"711","2025-08-23 7:04:58.173 PM","1.580"
"712","2025-08-23 7:04:58.174 PM","1.570"
"713","2025-08-23 7:04:58.175 PM","1.570"
"714","2025-08-23 7:04:58.176 PM","1.565"
"715","2025-08-23 7:04:58.177 PM","1.580"
"716","2025-08-23 7:04:58.178 PM","1.580"
"717","2025-08-23 7:04:58.179 PM","1.580"
"718","2025-08-23 7:04:58.180 PM","1.585"
"719","2025-08-23 7:04:58.181 PM","1.575"
"720","2025-08-23 7:04:58.182 PM","1.575"
"721","2025-08-23 7:04:58.183 PM","1.575"
"722","2025-08-23 7:04:58.184 PM","1.575"
"723","2025-08-23 7:04:58.185 PM","1.658"
"724","2025-08-23 7:04:58.186 PM","1.658"
"725","2025-08-23 7:04:58.187 PM","1.658"
"726","2025-08-23 7:04:58.188 PM","1.658"
"727","2025-08-23 7:04:58.189 PM","1.658"
"728","2025-08-23 7:04:58.190 PM","1.653"
"729","2025-08-23 7:04:58.191 PM","1.658"
"730","2025-08-23 7:04:58.192 PM","1.653"
"731","2025-08-23 7:04:58.193 PM","1.653"
"732","2025-08-23 7:04:58.194 PM","1.653"
"733","2025-08-23 7:04:58.195 PM","1.653"
"734","2025-08-23 7:04:58.196 PM","1.653"
"735","2025-08-23 7:04:58.197 PM","1.653"
"736","2025-08-23 7:04:58.198 PM","1.653"
"737","2025-08-23 7:04:58.199 PM","1.658"
"738","2025-08-23 7:04:58.200 PM","1.658"
"739","2025-08-23 7:04:58.201 PM","1.712"
"740","2025-08-23 7:04:58.202 PM","1.712"
"741","2025-08-23 7:04:58.203 PM","1.712"
"742","2025-08-23 7:04:58.204 PM","1.712"
"743","2025-08-23 7:04:58.205 PM","1.707"
"744","2025-08-23 7:04:58.206 PM","1.707"
"745","2025-08-23 7:04:58.207 PM","1.702"
"746","2025-08-23 7:04:58.208 PM","1.697"
"747","2025-08-23 7:04:58.209 PM","1.712"
"748","2025-08-23 7:04:58.210 PM","1.712"
"749","2025-08-23 7:04:58.211 PM","1.712"
"750","2025-08-23 7:04:58.212 PM","1.717"
"751","2025-08-23 7:04:58.213 PM","1.712"
"752","2025-08-23 7:04:58.214 PM","1.707"
"753","2025-08-23 7:04:58.215 PM","1.707"
"754","2025-08-23 7:04:58.216 PM","1.707"
"755","2025-08-23 7:04:58.217 PM","1.712"
"756","2025-08-23 7:04:58.218 PM","1.692"
"757","2025-08-23 7:04:58.219 PM","1.692"
"758","2025-08-23 7:04:58.220 PM","1.692"
"759","2025-08-23 7:04:58.221 PM","1.692"
"760","2025-08-23 7:04:58.222 PM","1.692"
"761","2025-08-23 7:04:58.223 PM","1.687"
"762","2025-08-23 7:04:58.224 PM","1.692"
"763","2025-08-23 7:04:58.225 PM","1.687"
"764","2025-08-23 7:04:58.226 PM","1.687"
"765","2025-08-23 7:04:58.227 PM","1.692"
"766","2025-08-23 7:04:58.228 PM","1.692"
"767","2025-08-23 7:04:58.229 PM","1.687"
"768","2025-08-23 7:04:58.230 PM","1.687"
"769","2025-08-23 7:04:58.231 PM","1.687"
"770","2025-08-23 7:04:58.232 PM","1.692"
"771","2025-08-23 7:04:58.233 PM","1.692"
"772","2025-08-23 7:04:58.234 PM","1.634"
"773","2025-08-23 7:04:58.235 PM","1.634"
"774","2025-08-23 7:04:58.236 PM","1.639"
"775","2025-08-23 7:04:58.237 PM","1.634"
"776","2025-08-23 7:04:58.238 PM","1.639"
"777","2025-08-23 7:04:58.239 PM","1.634"
"778","2025-08-23 7:04:58.240 PM","1.634"
"779","2025-08-23 7:04:58.241 PM","1.629"
"780","2025-08-23 7:04:58.242 PM","1.639"
"781","2025-08-23 7:04:58.243 PM","1.639"
"782","2025-08-23 7:04:58.244 PM","1.639"
"783","2025-08-23 7:04:58.245 PM","1.643"
"784","2025-08-23 7:04:58.246 PM","1.634"
"785","2025-08-23 7:04:58.247 PM","1.634"
"786","2025-08-23 7:04:58.248 PM","1.634"
"787","2025-08-23 7:04:58.249 PM","1.634"
"788","2025-08-23 7:04:58.250 PM","1.634"
"789","2025-08-23 7:04:58.251 PM","1.560"
"790","2025-08-23 7:04:58.252 PM","1.560"
"791","2025-08-23 7:04:58.253 PM","1.560"
"792","2025-08-23 7:04:58.254 PM","1.560"
"793","2025-08-23 7:04:58.255 PM","1.560"
"794","2025-08-23 7:04:58.256 PM","1.560"
"795","2025-08-23 7:04:58.257 PM","1.556"
"796","2025-08-23 7:04:58.258 PM","1.556"
"797","2025-08-23 7:04:58.259 PM","1.560"
"798","2025-08-23 7:04:58.260 PM","1.556"
"799","2025-08-23 7:04:58.261 PM","1.556"
"800","2025-08-23 7:04:58.262 PM","1.556"
"801","2025-08-23 7:04:58.263 PM","1.556"
"802","2025-08-23 7:04:58.264 PM","1.556"
"803","2025-08-23 7:04:58.265 PM","1.556"
"804","2025-08-23 7:04:58.266 PM","1.560"
"805","2025-08-23 7:04:58.267 PM","1.541"
"806","2025-08-23 7:04:58.268 PM","1.541"
"807","2025-08-23 7:04:58.269 PM","1.541"
"808","2025-08-23 7:04:58.270 PM","1.541"
"809","2025-08-23 7:04:58.271 PM","1.541"
"810","2025-08-23 7:04:58.272 PM","1.541"
"811","2025-08-23 7:04:58.273 PM","1.531"
"812","2025-08-23 7:04:58.274 PM","1.541"
"813","2025-08-23 7:04:58.275 PM","1.546"
"814","2025-08-23 7:04:58.276 PM","1.546"
"815","2025-08-23 7:04:58.277 PM","1.546"
"816","2025-08-23 7:04:58.278 PM","1.541"
"817","2025-08-23 7:04:58.279 PM","1.536"
"818","2025-08-23 7:04:58.280 PM","1.536"
"819","2025-08-23 7:04:58.281 PM","1.541"
"820","2025-08-23 7:04:58.282 PM","1.541"
"821","2025-08-23 7:04:58.283 PM","1.541"
"822","2025-08-23 7:04:58.284 PM","1.595"
"823","2025-08-23 7:04:58.285 PM","1.595"
"824","2025-08-23 7:04:58.286 PM","1.595"
"825","2025-08-23 7:04:58.287 PM","1.595"
"826","2025-08-23 7:04:58.288 PM","1.595"
"827","2025-08-23 7:04:58.289 PM","1.595"
"828","2025-08-23 7:04:58.290 PM","1.595"
"829","2025-08-23 7:04:58.291 PM","1.595"
"830","2025-08-23 7:04:58.292 PM","1.590"
"831","2025-08-23 7:04:58.293 PM","1.595"
"832","2025-08-23 7:04:58.294 PM","1.595"
"833","2025-08-23 7:04:58.295 PM","1.595"
"834","2025-08-23 7:04:58.296 PM","1.595"
"835","2025-08-23 7:04:58.297 PM","1.595"
"836","2025-08-23 7:04:58.298 PM","1.595"
"837","2025-08-23 7:04:58.299 PM","1.595"
"838","2025-08-23 7:04:58.300 PM","1.673"
"839","2025-08-23 7:04:58.301 PM","1.673"
"840","2025-08-23 7:04:58.302 PM","1.673"
"841","2025-08-23 7:04:58.303 PM","1.673"
"842","2025-08-23 7:04:58.304 PM","1.673"
"843","2025-08-23 7:04:58.305 PM","1.673"
"844","2025-08-23 7:04:58.306 PM","1.668"
"845","2025-08-23 7:04:58.307 PM","1.678"
"846","2025-08-23 7:04:58.308 PM","1.678"
"847","2025-08-23 7:04:58.309 PM","1.678"
"848","2025-08-23 7:04:58.310 PM","1.678"
"849","2025-08-23 7:04:58.311 PM","1.673"
"850","2025-08-23 7:04:58.312 PM","1.673"
"851","2025-08-23 7:04:58.313 PM","1.673"
"852","2025-08-23 7:04:58.314 PM","1.673"
"853","2025-08-23 7:04:58.315 PM","1.673"
"854","2025-08-23 7:04:58.316 PM","1.673"
"855","2025-08-23 7:04:58.317 PM","1.731"
"856","2025-08-23 7:04:58.318 PM","1.731"
"857","2025-08-23 7:04:58.319 PM","1.736"
"858","2025-08-23 7:04:58.320 PM","1.731"
"859","2025-08-23 7:04:58.321 PM","1.731"
"860","2025-08-23 7:04:58.322 PM","1.731"
"861","2025-08-23 7:04:58.323 PM","1.731"
"862","2025-08-23 7:04:58.324 PM","1.731"
"863","2025-08-23 7:04:58.325 PM","1.731"
"864","2025-08-23 7:04:58.326 PM","1.731"
"865","2025-08-23 7:04:58.327 PM","1.731"
"866","2025-08-23 7:04:58.328 PM","1.731"
"867","2025-08-23 7:04:58.329 PM","1.731"
"868","2025-08-23 7:04:58.330 PM","1.726"
"869","2025-08-23 7:04:58.331 PM","1.731"
"870","2025-08-23 7:04:58.332 PM","1.731"
"871","2025-08-23 7:04:58.333 PM","1.673"
"872","2025-08-23 7:04:58.334 PM","1.673"
"873","2025-08-23 7:04:58.335 PM","1.673"
"874","2025-08-23 7:04:58.336 PM","1.673"
"875","2025-08-23 7:04:58.337 PM","1.673"
"876","2025-08-23 7:04:58.338 PM","1.678"
"877","2025-08-23 7:04:58.339 PM","1.678"
"878","2025-08-23 7:04:58.340 PM","1.678"
"879","2025-08-23 7:04:58.341 PM","1.678"
"880","2025-08-23 7:04:58.342 PM","1.683"
"881","2025-08-23 7:04:58.343 PM","1.673"
"882","2025-08-23 7:04:58.344 PM","1.673"
"883","2025-08-23 7:04:58.345 PM","1.673"
"884","2025-08-23 7:04:58.346 PM","1.673"
"885","2025-08-23 7:04:58.347 PM","1.673"
"886","2025-08-23 7:04:58.348 PM","1.673"
"887","2025-08-23 7:04:58.349 PM","1.673"
"888","2025-08-23 7:04:58.350 PM","1.614"
"889","2025-08-23 7:04:58.351 PM","1.614"
"890","2025-08-23 7:04:58.352 PM","1.614"
"891","2025-08-23 7:04:58.353 PM","1.614"
"892","2025-08-23 7:04:58.354 PM","1.609"
"893","2025-08-23 7:04:58.355 PM","1.614"
"894","2025-08-23 7:04:58.356 PM","1.614"
"895","2025-08-23 7:04:58.357 PM","1.614"
"896","2025-08-23 7:04:58.358 PM","1.609"
"897","2025-08-23 7:04:58.359 PM","1.609"
"898","2025-08-23 7:04:58.360 PM","1.609"
"899","2025-08-23 7:04:58.361 PM","1.609"
"900","2025-08-23 7:04:58.362 PM","1.609"
"901","2025-08-23 7:04:58.363 PM","1.609"
"902","2025-08-23 7:04:58.364 PM","1.614"
"903","2025-08-23 7:04:58.365 PM","1.614"
"904","2025-08-23 7:04:58.366 PM","1.541"
"905","2025-08-23 7:04:58.367 PM","1.541"
"906","2025-08-23 7:04:58.368 PM","1.541"
"907","2025-08-23 7:04:58.369 PM","1.541"
"908","2025-08-23 7:04:58.370 PM","1.541"
"909","2025-08-23 7:04:58.371 PM","1.541"
"910","2025-08-23 7:04:58.372 PM","1.541"
"911","2025-08-23 7:04:58.373 PM","1.546"
"912","2025-08-23 7:04:58.374 PM","1.546"
"913","2025-08-23 7:04:58.375 PM","1.614"
"914","2025-08-23 7:04:58.376 PM","1.541"
"915","2025-08-23 7:04:58.377 PM","1.536"
"916","2025-08-23 7:04:58.378 PM","1.536"
"917","2025-08-23 7:04:58.379 PM","1.541"
"918","2025-08-23 7:04:58.380 PM","1.536"
"919","2025-08-23 7:04:58.381 PM","1.541"
"920","2025-08-23 7:04:58.382 PM","1.541"
"921","2025-08-23 7:04:58.383 PM","1.541"
"922","2025-08-23 7:04:58.384 PM","1.541"
"923","2025-08-23 7:04:58.385 PM","1.541"
"924","2025-08-23 7:04:58.386 PM","1.541"
"925","2025-08-23 7:04:58.387 PM","1.541"
"926","2025-08-23 7:04:58.388 PM","1.541"
"927","2025-08-23 7:04:58.389 PM","1.536"
