"Device: USB-205"
"Serial Number: 22B4008"
"Channel Count: 1"
"Sample Count: 10626"
"Start Time: 2025-08-24 12:13:44.116 PM"
"Scan Rate: 1000"
"Sample","Date/Time","AI0 (V)"
"0","2025-08-24 12:13:44.116 PM","1.536"
"1","2025-08-24 12:13:44.117 PM","1.536"
"2","2025-08-24 12:13:44.118 PM","1.536"
"3","2025-08-24 12:13:44.119 PM","1.536"
"4","2025-08-24 12:13:44.120 PM","1.536"
"5","2025-08-24 12:13:44.121 PM","1.536"
"6","2025-08-24 12:13:44.122 PM","1.536"
"7","2025-08-24 12:13:44.123 PM","1.541"
"8","2025-08-24 12:13:44.124 PM","1.541"
"9","2025-08-24 12:13:44.125 PM","1.482"
"10","2025-08-24 12:13:44.126 PM","1.482"
"11","2025-08-24 12:13:44.127 PM","1.482"
"12","2025-08-24 12:13:44.128 PM","1.482"
"13","2025-08-24 12:13:44.129 PM","1.482"
"14","2025-08-24 12:13:44.130 PM","1.482"
"15","2025-08-24 12:13:44.131 PM","1.477"
"16","2025-08-24 12:13:44.132 PM","1.473"
"17","2025-08-24 12:13:44.133 PM","1.487"
"18","2025-08-24 12:13:44.134 PM","1.487"
"19","2025-08-24 12:13:44.135 PM","1.487"
"20","2025-08-24 12:13:44.136 PM","1.492"
"21","2025-08-24 12:13:44.137 PM","1.482"
"22","2025-08-24 12:13:44.138 PM","1.482"
"23","2025-08-24 12:13:44.139 PM","1.482"
"24","2025-08-24 12:13:44.140 PM","1.482"
"25","2025-08-24 12:13:44.141 PM","1.482"
"26","2025-08-24 12:13:44.142 PM","1.385"
"27","2025-08-24 12:13:44.143 PM","1.385"
"28","2025-08-24 12:13:44.144 PM","1.385"
"29","2025-08-24 12:13:44.145 PM","1.385"
"30","2025-08-24 12:13:44.146 PM","1.385"
"31","2025-08-24 12:13:44.147 PM","1.385"
"32","2025-08-24 12:13:44.148 PM","1.385"
"33","2025-08-24 12:13:44.149 PM","1.385"
"34","2025-08-24 12:13:44.150 PM","1.385"
"35","2025-08-24 12:13:44.151 PM","1.385"
"36","2025-08-24 12:13:44.152 PM","1.385"
"37","2025-08-24 12:13:44.153 PM","1.385"
"38","2025-08-24 12:13:44.154 PM","1.385"
"39","2025-08-24 12:13:44.155 PM","1.380"
"40","2025-08-24 12:13:44.156 PM","1.385"
"41","2025-08-24 12:13:44.157 PM","1.385"
"42","2025-08-24 12:13:44.158 PM","1.331"
"43","2025-08-24 12:13:44.159 PM","1.326"
"44","2025-08-24 12:13:44.160 PM","1.331"
"45","2025-08-24 12:13:44.161 PM","1.331"
"46","2025-08-24 12:13:44.162 PM","1.331"
"47","2025-08-24 12:13:44.163 PM","1.326"
"48","2025-08-24 12:13:44.164 PM","1.321"
"49","2025-08-24 12:13:44.165 PM","1.336"
"50","2025-08-24 12:13:44.166 PM","1.336"
"51","2025-08-24 12:13:44.167 PM","1.336"
"52","2025-08-24 12:13:44.168 PM","1.336"
"53","2025-08-24 12:13:44.169 PM","1.326"
"54","2025-08-24 12:13:44.170 PM","1.326"
"55","2025-08-24 12:13:44.171 PM","1.326"
"56","2025-08-24 12:13:44.172 PM","1.326"
"57","2025-08-24 12:13:44.173 PM","1.331"
"58","2025-08-24 12:13:44.174 PM","1.326"
"59","2025-08-24 12:13:44.175 PM","1.370"
"60","2025-08-24 12:13:44.176 PM","1.365"
"61","2025-08-24 12:13:44.177 PM","1.370"
"62","2025-08-24 12:13:44.178 PM","1.365"
"63","2025-08-24 12:13:44.179 PM","1.365"
"64","2025-08-24 12:13:44.180 PM","1.370"
"65","2025-08-24 12:13:44.181 PM","1.370"
"66","2025-08-24 12:13:44.182 PM","1.365"
"67","2025-08-24 12:13:44.183 PM","1.365"
"68","2025-08-24 12:13:44.184 PM","1.365"
"69","2025-08-24 12:13:44.185 PM","1.365"
"70","2025-08-24 12:13:44.186 PM","1.365"
"71","2025-08-24 12:13:44.187 PM","1.365"
"72","2025-08-24 12:13:44.188 PM","1.365"
"73","2025-08-24 12:13:44.189 PM","1.365"
"74","2025-08-24 12:13:44.190 PM","1.370"
"75","2025-08-24 12:13:44.191 PM","1.448"
"76","2025-08-24 12:13:44.192 PM","1.448"
"77","2025-08-24 12:13:44.193 PM","1.443"
"78","2025-08-24 12:13:44.194 PM","1.443"
"79","2025-08-24 12:13:44.195 PM","1.443"
"80","2025-08-24 12:13:44.196 PM","1.448"
"81","2025-08-24 12:13:44.197 PM","1.453"
"82","2025-08-24 12:13:44.198 PM","1.448"
"83","2025-08-24 12:13:44.199 PM","1.453"
"84","2025-08-24 12:13:44.200 PM","1.458"
"85","2025-08-24 12:13:44.201 PM","1.443"
"86","2025-08-24 12:13:44.202 PM","1.443"
"87","2025-08-24 12:13:44.203 PM","1.443"
"88","2025-08-24 12:13:44.204 PM","1.443"
"89","2025-08-24 12:13:44.205 PM","1.443"
"90","2025-08-24 12:13:44.206 PM","1.443"
"91","2025-08-24 12:13:44.207 PM","1.443"
"92","2025-08-24 12:13:44.208 PM","1.541"
"93","2025-08-24 12:13:44.209 PM","1.541"
"94","2025-08-24 12:13:44.210 PM","1.541"
"95","2025-08-24 12:13:44.211 PM","1.541"
"96","2025-08-24 12:13:44.212 PM","1.541"
"97","2025-08-24 12:13:44.213 PM","1.541"
"98","2025-08-24 12:13:44.214 PM","1.536"
"99","2025-08-24 12:13:44.215 PM","1.541"
"100","2025-08-24 12:13:44.216 PM","1.536"
"101","2025-08-24 12:13:44.217 PM","1.536"
"102","2025-08-24 12:13:44.218 PM","1.536"
"103","2025-08-24 12:13:44.219 PM","1.536"
"104","2025-08-24 12:13:44.220 PM","1.536"
"105","2025-08-24 12:13:44.221 PM","1.536"
"106","2025-08-24 12:13:44.222 PM","1.536"
"107","2025-08-24 12:13:44.223 PM","1.541"
"108","2025-08-24 12:13:44.224 PM","1.541"
"109","2025-08-24 12:13:44.225 PM","1.541"
"110","2025-08-24 12:13:44.226 PM","1.541"
"111","2025-08-24 12:13:44.227 PM","1.541"
"112","2025-08-24 12:13:44.228 PM","1.541"
"113","2025-08-24 12:13:44.229 PM","1.541"
"114","2025-08-24 12:13:44.230 PM","1.546"
"115","2025-08-24 12:13:44.231 PM","1.546"
"116","2025-08-24 12:13:44.232 PM","1.546"
"117","2025-08-24 12:13:44.233 PM","1.541"
"118","2025-08-24 12:13:44.234 PM","1.541"
"119","2025-08-24 12:13:44.235 PM","1.536"
"120","2025-08-24 12:13:44.236 PM","1.541"
"121","2025-08-24 12:13:44.237 PM","1.541"
"122","2025-08-24 12:13:44.238 PM","1.541"
"123","2025-08-24 12:13:44.239 PM","1.541"
"124","2025-08-24 12:13:44.240 PM","1.541"
"125","2025-08-24 12:13:44.241 PM","1.463"
"126","2025-08-24 12:13:44.242 PM","1.463"
"127","2025-08-24 12:13:44.243 PM","1.463"
"128","2025-08-24 12:13:44.244 PM","1.463"
"129","2025-08-24 12:13:44.245 PM","1.463"
"130","2025-08-24 12:13:44.246 PM","1.463"
"131","2025-08-24 12:13:44.247 PM","1.463"
"132","2025-08-24 12:13:44.248 PM","1.463"
"133","2025-08-24 12:13:44.249 PM","1.463"
"134","2025-08-24 12:13:44.250 PM","1.463"
"135","2025-08-24 12:13:44.251 PM","1.458"
"136","2025-08-24 12:13:44.252 PM","1.458"
"137","2025-08-24 12:13:44.253 PM","1.463"
"138","2025-08-24 12:13:44.254 PM","1.458"
"139","2025-08-24 12:13:44.255 PM","1.463"
"140","2025-08-24 12:13:44.256 PM","1.463"
"141","2025-08-24 12:13:44.257 PM","1.365"
"142","2025-08-24 12:13:44.258 PM","1.365"
"143","2025-08-24 12:13:44.259 PM","1.370"
"144","2025-08-24 12:13:44.260 PM","1.370"
"145","2025-08-24 12:13:44.261 PM","1.370"
"146","2025-08-24 12:13:44.262 PM","1.370"
"147","2025-08-24 12:13:44.263 PM","1.375"
"148","2025-08-24 12:13:44.264 PM","1.375"
"149","2025-08-24 12:13:44.265 PM","1.370"
"150","2025-08-24 12:13:44.266 PM","1.365"
"151","2025-08-24 12:13:44.267 PM","1.365"
"152","2025-08-24 12:13:44.268 PM","1.365"
"153","2025-08-24 12:13:44.269 PM","1.365"
"154","2025-08-24 12:13:44.270 PM","1.365"
"155","2025-08-24 12:13:44.271 PM","1.365"
"156","2025-08-24 12:13:44.272 PM","1.365"
"157","2025-08-24 12:13:44.273 PM","1.370"
"158","2025-08-24 12:13:44.274 PM","1.331"
"159","2025-08-24 12:13:44.275 PM","1.326"
"160","2025-08-24 12:13:44.276 PM","1.331"
"161","2025-08-24 12:13:44.277 PM","1.326"
"162","2025-08-24 12:13:44.278 PM","1.331"
"163","2025-08-24 12:13:44.279 PM","1.326"
"164","2025-08-24 12:13:44.280 PM","1.326"
"165","2025-08-24 12:13:44.281 PM","1.326"
"166","2025-08-24 12:13:44.282 PM","1.326"
"167","2025-08-24 12:13:44.283 PM","1.326"
"168","2025-08-24 12:13:44.284 PM","1.326"
"169","2025-08-24 12:13:44.285 PM","1.326"
"170","2025-08-24 12:13:44.286 PM","1.326"
"171","2025-08-24 12:13:44.287 PM","1.326"
"172","2025-08-24 12:13:44.288 PM","1.326"
"173","2025-08-24 12:13:44.289 PM","1.331"
"174","2025-08-24 12:13:44.290 PM","1.370"
"175","2025-08-24 12:13:44.291 PM","1.365"
"176","2025-08-24 12:13:44.292 PM","1.365"
"177","2025-08-24 12:13:44.293 PM","1.370"
"178","2025-08-24 12:13:44.294 PM","1.370"
"179","2025-08-24 12:13:44.295 PM","1.370"
"180","2025-08-24 12:13:44.296 PM","1.380"
"181","2025-08-24 12:13:44.297 PM","1.375"
"182","2025-08-24 12:13:44.298 PM","1.365"
"183","2025-08-24 12:13:44.299 PM","1.365"
"184","2025-08-24 12:13:44.300 PM","1.365"
"185","2025-08-24 12:13:44.301 PM","1.365"
"186","2025-08-24 12:13:44.302 PM","1.365"
"187","2025-08-24 12:13:44.303 PM","1.365"
"188","2025-08-24 12:13:44.304 PM","1.365"
"189","2025-08-24 12:13:44.305 PM","1.365"
"190","2025-08-24 12:13:44.306 PM","1.370"
"191","2025-08-24 12:13:44.307 PM","1.463"
"192","2025-08-24 12:13:44.308 PM","1.463"
"193","2025-08-24 12:13:44.309 PM","1.463"
"194","2025-08-24 12:13:44.310 PM","1.463"
"195","2025-08-24 12:13:44.311 PM","1.463"
"196","2025-08-24 12:13:44.312 PM","1.463"
"197","2025-08-24 12:13:44.313 PM","1.463"
"198","2025-08-24 12:13:44.314 PM","1.463"
"199","2025-08-24 12:13:44.315 PM","1.463"
"200","2025-08-24 12:13:44.316 PM","1.458"
"201","2025-08-24 12:13:44.317 PM","1.458"
"202","2025-08-24 12:13:44.318 PM","1.458"
"203","2025-08-24 12:13:44.319 PM","1.458"
"204","2025-08-24 12:13:44.320 PM","1.458"
"205","2025-08-24 12:13:44.321 PM","1.463"
"206","2025-08-24 12:13:44.322 PM","1.458"
"207","2025-08-24 12:13:44.323 PM","1.541"
"208","2025-08-24 12:13:44.324 PM","1.541"
"209","2025-08-24 12:13:44.325 PM","1.541"
"210","2025-08-24 12:13:44.326 PM","1.546"
"211","2025-08-24 12:13:44.327 PM","1.541"
"212","2025-08-24 12:13:44.328 PM","1.541"
"213","2025-08-24 12:13:44.329 PM","1.551"
"214","2025-08-24 12:13:44.330 PM","1.541"
"215","2025-08-24 12:13:44.331 PM","1.541"
"216","2025-08-24 12:13:44.332 PM","1.541"
"217","2025-08-24 12:13:44.333 PM","1.541"
"218","2025-08-24 12:13:44.334 PM","1.541"
"219","2025-08-24 12:13:44.335 PM","1.536"
"220","2025-08-24 12:13:44.336 PM","1.536"
"221","2025-08-24 12:13:44.337 PM","1.541"
"222","2025-08-24 12:13:44.338 PM","1.541"
"223","2025-08-24 12:13:44.339 PM","1.541"
"224","2025-08-24 12:13:44.340 PM","1.521"
"225","2025-08-24 12:13:44.341 PM","1.521"
"226","2025-08-24 12:13:44.342 PM","1.526"
"227","2025-08-24 12:13:44.343 PM","1.521"
"228","2025-08-24 12:13:44.344 PM","1.521"
"229","2025-08-24 12:13:44.345 PM","1.521"
"230","2025-08-24 12:13:44.346 PM","1.521"
"231","2025-08-24 12:13:44.347 PM","1.521"
"232","2025-08-24 12:13:44.348 PM","1.521"
"233","2025-08-24 12:13:44.349 PM","1.512"
"234","2025-08-24 12:13:44.350 PM","1.521"
"235","2025-08-24 12:13:44.351 PM","1.512"
"236","2025-08-24 12:13:44.352 PM","1.521"
"237","2025-08-24 12:13:44.353 PM","1.512"
"238","2025-08-24 12:13:44.354 PM","1.521"
"239","2025-08-24 12:13:44.355 PM","1.521"
"240","2025-08-24 12:13:44.356 PM","1.429"
"241","2025-08-24 12:13:44.357 PM","1.424"
"242","2025-08-24 12:13:44.358 PM","1.429"
"243","2025-08-24 12:13:44.359 PM","1.424"
"244","2025-08-24 12:13:44.360 PM","1.424"
"245","2025-08-24 12:13:44.361 PM","1.424"
"246","2025-08-24 12:13:44.362 PM","1.429"
"247","2025-08-24 12:13:44.363 PM","1.424"
"248","2025-08-24 12:13:44.364 PM","1.429"
"249","2025-08-24 12:13:44.365 PM","1.424"
"250","2025-08-24 12:13:44.366 PM","1.429"
"251","2025-08-24 12:13:44.367 PM","1.429"
"252","2025-08-24 12:13:44.368 PM","1.424"
"253","2025-08-24 12:13:44.369 PM","1.424"
"254","2025-08-24 12:13:44.370 PM","1.429"
"255","2025-08-24 12:13:44.371 PM","1.424"
"256","2025-08-24 12:13:44.372 PM","1.429"
"257","2025-08-24 12:13:44.373 PM","1.346"
"258","2025-08-24 12:13:44.374 PM","1.346"
"259","2025-08-24 12:13:44.375 PM","1.346"
"260","2025-08-24 12:13:44.376 PM","1.346"
"261","2025-08-24 12:13:44.377 PM","1.346"
"262","2025-08-24 12:13:44.378 PM","1.346"
"263","2025-08-24 12:13:44.379 PM","1.346"
"264","2025-08-24 12:13:44.380 PM","1.346"
"265","2025-08-24 12:13:44.381 PM","1.346"
"266","2025-08-24 12:13:44.382 PM","1.346"
"267","2025-08-24 12:13:44.383 PM","1.341"
"268","2025-08-24 12:13:44.384 PM","1.341"
"269","2025-08-24 12:13:44.385 PM","1.341"
"270","2025-08-24 12:13:44.386 PM","1.341"
"271","2025-08-24 12:13:44.387 PM","1.346"
"272","2025-08-24 12:13:44.388 PM","1.346"
"273","2025-08-24 12:13:44.389 PM","1.346"
"274","2025-08-24 12:13:44.390 PM","1.346"
"275","2025-08-24 12:13:44.391 PM","1.346"
"276","2025-08-24 12:13:44.392 PM","1.346"
"277","2025-08-24 12:13:44.393 PM","1.346"
"278","2025-08-24 12:13:44.394 PM","1.346"
"279","2025-08-24 12:13:44.395 PM","1.346"
"280","2025-08-24 12:13:44.396 PM","1.346"
"281","2025-08-24 12:13:44.397 PM","1.346"
"282","2025-08-24 12:13:44.398 PM","1.346"
"283","2025-08-24 12:13:44.399 PM","1.346"
"284","2025-08-24 12:13:44.400 PM","1.346"
"285","2025-08-24 12:13:44.401 PM","1.346"
"286","2025-08-24 12:13:44.402 PM","1.346"
"287","2025-08-24 12:13:44.403 PM","1.341"
"288","2025-08-24 12:13:44.404 PM","1.346"
"289","2025-08-24 12:13:44.405 PM","1.346"
"290","2025-08-24 12:13:44.406 PM","1.385"
"291","2025-08-24 12:13:44.407 PM","1.385"
"292","2025-08-24 12:13:44.408 PM","1.385"
"293","2025-08-24 12:13:44.409 PM","1.385"
"294","2025-08-24 12:13:44.410 PM","1.389"
"295","2025-08-24 12:13:44.411 PM","1.389"
"296","2025-08-24 12:13:44.412 PM","1.385"
"297","2025-08-24 12:13:44.413 PM","1.380"
"298","2025-08-24 12:13:44.414 PM","1.385"
"299","2025-08-24 12:13:44.415 PM","1.380"
"300","2025-08-24 12:13:44.416 PM","1.380"
"301","2025-08-24 12:13:44.417 PM","1.380"
"302","2025-08-24 12:13:44.418 PM","1.380"
"303","2025-08-24 12:13:44.419 PM","1.380"
"304","2025-08-24 12:13:44.420 PM","1.385"
"305","2025-08-24 12:13:44.421 PM","1.385"
"306","2025-08-24 12:13:44.422 PM","1.482"
"307","2025-08-24 12:13:44.423 PM","1.482"
"308","2025-08-24 12:13:44.424 PM","1.482"
"309","2025-08-24 12:13:44.425 PM","1.482"
"310","2025-08-24 12:13:44.426 PM","1.482"
"311","2025-08-24 12:13:44.427 PM","1.482"
"312","2025-08-24 12:13:44.428 PM","1.482"
"313","2025-08-24 12:13:44.429 PM","1.482"
"314","2025-08-24 12:13:44.430 PM","1.482"
"315","2025-08-24 12:13:44.431 PM","1.482"
"316","2025-08-24 12:13:44.432 PM","1.477"
"317","2025-08-24 12:13:44.433 PM","1.477"
"318","2025-08-24 12:13:44.434 PM","1.482"
"319","2025-08-24 12:13:44.435 PM","1.477"
"320","2025-08-24 12:13:44.436 PM","1.477"
"321","2025-08-24 12:13:44.437 PM","1.482"
"322","2025-08-24 12:13:44.438 PM","1.482"
"323","2025-08-24 12:13:44.439 PM","1.541"
"324","2025-08-24 12:13:44.440 PM","1.541"
"325","2025-08-24 12:13:44.441 PM","1.541"
"326","2025-08-24 12:13:44.442 PM","1.541"
"327","2025-08-24 12:13:44.443 PM","1.541"
"328","2025-08-24 12:13:44.444 PM","1.541"
"329","2025-08-24 12:13:44.445 PM","1.536"
"330","2025-08-24 12:13:44.446 PM","1.536"
"331","2025-08-24 12:13:44.447 PM","1.536"
"332","2025-08-24 12:13:44.448 PM","1.536"
"333","2025-08-24 12:13:44.449 PM","1.536"
"334","2025-08-24 12:13:44.450 PM","1.536"
"335","2025-08-24 12:13:44.451 PM","1.536"
"336","2025-08-24 12:13:44.452 PM","1.536"
"337","2025-08-24 12:13:44.453 PM","1.536"
"338","2025-08-24 12:13:44.454 PM","1.541"
"339","2025-08-24 12:13:44.455 PM","1.502"
"340","2025-08-24 12:13:44.456 PM","1.502"
"341","2025-08-24 12:13:44.457 PM","1.502"
"342","2025-08-24 12:13:44.458 PM","1.497"
"343","2025-08-24 12:13:44.459 PM","1.502"
"344","2025-08-24 12:13:44.460 PM","1.502"
"345","2025-08-24 12:13:44.461 PM","1.502"
"346","2025-08-24 12:13:44.462 PM","1.502"
"347","2025-08-24 12:13:44.463 PM","1.497"
"348","2025-08-24 12:13:44.464 PM","1.497"
"349","2025-08-24 12:13:44.465 PM","1.497"
"350","2025-08-24 12:13:44.466 PM","1.497"
"351","2025-08-24 12:13:44.467 PM","1.497"
"352","2025-08-24 12:13:44.468 PM","1.497"
"353","2025-08-24 12:13:44.469 PM","1.497"
"354","2025-08-24 12:13:44.470 PM","1.497"
"355","2025-08-24 12:13:44.471 PM","1.497"
"356","2025-08-24 12:13:44.472 PM","1.404"
"357","2025-08-24 12:13:44.473 PM","1.404"
"358","2025-08-24 12:13:44.474 PM","1.404"
"359","2025-08-24 12:13:44.475 PM","1.404"
"360","2025-08-24 12:13:44.476 PM","1.404"
"361","2025-08-24 12:13:44.477 PM","1.404"
"362","2025-08-24 12:13:44.478 PM","1.399"
"363","2025-08-24 12:13:44.479 PM","1.399"
"364","2025-08-24 12:13:44.480 PM","1.404"
"365","2025-08-24 12:13:44.481 PM","1.399"
"366","2025-08-24 12:13:44.482 PM","1.404"
"367","2025-08-24 12:13:44.483 PM","1.399"
"368","2025-08-24 12:13:44.484 PM","1.399"
"369","2025-08-24 12:13:44.485 PM","1.394"
"370","2025-08-24 12:13:44.486 PM","1.404"
"371","2025-08-24 12:13:44.487 PM","1.404"
"372","2025-08-24 12:13:44.488 PM","1.326"
"373","2025-08-24 12:13:44.489 PM","1.326"
"374","2025-08-24 12:13:44.490 PM","1.326"
"375","2025-08-24 12:13:44.491 PM","1.326"
"376","2025-08-24 12:13:44.492 PM","1.331"
"377","2025-08-24 12:13:44.493 PM","1.326"
"378","2025-08-24 12:13:44.494 PM","1.331"
"379","2025-08-24 12:13:44.495 PM","1.331"
"380","2025-08-24 12:13:44.496 PM","1.326"
"381","2025-08-24 12:13:44.497 PM","1.326"
"382","2025-08-24 12:13:44.498 PM","1.326"
"383","2025-08-24 12:13:44.499 PM","1.321"
"384","2025-08-24 12:13:44.500 PM","1.326"
"385","2025-08-24 12:13:44.501 PM","1.326"
"386","2025-08-24 12:13:44.502 PM","1.326"
"387","2025-08-24 12:13:44.503 PM","1.326"
"388","2025-08-24 12:13:44.504 PM","1.326"
"389","2025-08-24 12:13:44.505 PM","1.346"
"390","2025-08-24 12:13:44.506 PM","1.350"
"391","2025-08-24 12:13:44.507 PM","1.346"
"392","2025-08-24 12:13:44.508 PM","1.346"
"393","2025-08-24 12:13:44.509 PM","1.350"
"394","2025-08-24 12:13:44.510 PM","1.346"
"395","2025-08-24 12:13:44.511 PM","1.346"
"396","2025-08-24 12:13:44.512 PM","1.346"
"397","2025-08-24 12:13:44.513 PM","1.341"
"398","2025-08-24 12:13:44.514 PM","1.341"
"399","2025-08-24 12:13:44.515 PM","1.341"
"400","2025-08-24 12:13:44.516 PM","1.341"
"401","2025-08-24 12:13:44.517 PM","1.336"
"402","2025-08-24 12:13:44.518 PM","1.341"
"403","2025-08-24 12:13:44.519 PM","1.346"
"404","2025-08-24 12:13:44.520 PM","1.346"
"405","2025-08-24 12:13:44.521 PM","1.404"
"406","2025-08-24 12:13:44.522 PM","1.404"
"407","2025-08-24 12:13:44.523 PM","1.404"
"408","2025-08-24 12:13:44.524 PM","1.404"
"409","2025-08-24 12:13:44.525 PM","1.404"
"410","2025-08-24 12:13:44.526 PM","1.404"
"411","2025-08-24 12:13:44.527 PM","1.404"
"412","2025-08-24 12:13:44.528 PM","1.404"
"413","2025-08-24 12:13:44.529 PM","1.404"
"414","2025-08-24 12:13:44.530 PM","1.404"
"415","2025-08-24 12:13:44.531 PM","1.404"
"416","2025-08-24 12:13:44.532 PM","1.404"
"417","2025-08-24 12:13:44.533 PM","1.399"
"418","2025-08-24 12:13:44.534 PM","1.404"
"419","2025-08-24 12:13:44.535 PM","1.399"
"420","2025-08-24 12:13:44.536 PM","1.404"
"421","2025-08-24 12:13:44.537 PM","1.399"
"422","2025-08-24 12:13:44.538 PM","1.521"
"423","2025-08-24 12:13:44.539 PM","1.521"
"424","2025-08-24 12:13:44.540 PM","1.521"
"425","2025-08-24 12:13:44.541 PM","1.521"
"426","2025-08-24 12:13:44.542 PM","1.521"
"427","2025-08-24 12:13:44.543 PM","1.521"
"428","2025-08-24 12:13:44.544 PM","1.512"
"429","2025-08-24 12:13:44.545 PM","1.521"
"430","2025-08-24 12:13:44.546 PM","1.512"
"431","2025-08-24 12:13:44.547 PM","1.512"
"432","2025-08-24 12:13:44.548 PM","1.512"
"433","2025-08-24 12:13:44.549 PM","1.507"
"434","2025-08-24 12:13:44.550 PM","1.512"
"435","2025-08-24 12:13:44.551 PM","1.526"
"436","2025-08-24 12:13:44.552 PM","1.521"
"437","2025-08-24 12:13:44.553 PM","1.521"
"438","2025-08-24 12:13:44.554 PM","1.521"
"439","2025-08-24 12:13:44.555 PM","1.541"
"440","2025-08-24 12:13:44.556 PM","1.541"
"441","2025-08-24 12:13:44.557 PM","1.541"
"442","2025-08-24 12:13:44.558 PM","1.551"
"443","2025-08-24 12:13:44.559 PM","1.541"
"444","2025-08-24 12:13:44.560 PM","1.541"
"445","2025-08-24 12:13:44.561 PM","1.541"
"446","2025-08-24 12:13:44.562 PM","1.541"
"447","2025-08-24 12:13:44.563 PM","1.536"
"448","2025-08-24 12:13:44.564 PM","1.541"
"449","2025-08-24 12:13:44.565 PM","1.541"
"450","2025-08-24 12:13:44.566 PM","1.536"
"451","2025-08-24 12:13:44.567 PM","1.541"
"452","2025-08-24 12:13:44.568 PM","1.541"
"453","2025-08-24 12:13:44.569 PM","1.541"
"454","2025-08-24 12:13:44.570 PM","1.541"
"455","2025-08-24 12:13:44.571 PM","1.487"
"456","2025-08-24 12:13:44.572 PM","1.482"
"457","2025-08-24 12:13:44.573 PM","1.482"
"458","2025-08-24 12:13:44.574 PM","1.482"
"459","2025-08-24 12:13:44.575 PM","1.482"
"460","2025-08-24 12:13:44.576 PM","1.482"
"461","2025-08-24 12:13:44.577 PM","1.477"
"462","2025-08-24 12:13:44.578 PM","1.477"
"463","2025-08-24 12:13:44.579 PM","1.477"
"464","2025-08-24 12:13:44.580 PM","1.477"
"465","2025-08-24 12:13:44.581 PM","1.473"
"466","2025-08-24 12:13:44.582 PM","1.473"
"467","2025-08-24 12:13:44.583 PM","1.487"
"468","2025-08-24 12:13:44.584 PM","1.487"
"469","2025-08-24 12:13:44.585 PM","1.482"
"470","2025-08-24 12:13:44.586 PM","1.482"
"471","2025-08-24 12:13:44.587 PM","1.370"
"472","2025-08-24 12:13:44.588 PM","1.370"
"473","2025-08-24 12:13:44.589 PM","1.365"
"474","2025-08-24 12:13:44.590 PM","1.370"
"475","2025-08-24 12:13:44.591 PM","1.370"
"476","2025-08-24 12:13:44.592 PM","1.370"
"477","2025-08-24 12:13:44.593 PM","1.365"
"478","2025-08-24 12:13:44.594 PM","1.365"
"479","2025-08-24 12:13:44.595 PM","1.365"
"480","2025-08-24 12:13:44.596 PM","1.365"
"481","2025-08-24 12:13:44.597 PM","1.365"
"482","2025-08-24 12:13:44.598 PM","1.365"
"483","2025-08-24 12:13:44.599 PM","1.365"
"484","2025-08-24 12:13:44.600 PM","1.365"
"485","2025-08-24 12:13:44.601 PM","1.365"
"486","2025-08-24 12:13:44.602 PM","1.365"
"487","2025-08-24 12:13:44.603 PM","1.365"
"488","2025-08-24 12:13:44.604 PM","1.326"
"489","2025-08-24 12:13:44.605 PM","1.331"
"490","2025-08-24 12:13:44.606 PM","1.326"
"491","2025-08-24 12:13:44.607 PM","1.326"
"492","2025-08-24 12:13:44.608 PM","1.331"
"493","2025-08-24 12:13:44.609 PM","1.326"
"494","2025-08-24 12:13:44.610 PM","1.326"
"495","2025-08-24 12:13:44.611 PM","1.321"
"496","2025-08-24 12:13:44.612 PM","1.321"
"497","2025-08-24 12:13:44.613 PM","1.321"
"498","2025-08-24 12:13:44.614 PM","1.321"
"499","2025-08-24 12:13:44.615 PM","1.331"
"500","2025-08-24 12:13:44.616 PM","1.336"
"501","2025-08-24 12:13:44.617 PM","1.336"
"502","2025-08-24 12:13:44.618 PM","1.326"
"503","2025-08-24 12:13:44.619 PM","1.326"
"504","2025-08-24 12:13:44.620 PM","1.370"
"505","2025-08-24 12:13:44.621 PM","1.370"
"506","2025-08-24 12:13:44.622 PM","1.365"
"507","2025-08-24 12:13:44.623 PM","1.370"
"508","2025-08-24 12:13:44.624 PM","1.370"
"509","2025-08-24 12:13:44.625 PM","1.365"
"510","2025-08-24 12:13:44.626 PM","1.370"
"511","2025-08-24 12:13:44.627 PM","1.365"
"512","2025-08-24 12:13:44.628 PM","1.365"
"513","2025-08-24 12:13:44.629 PM","1.370"
"514","2025-08-24 12:13:44.630 PM","1.365"
"515","2025-08-24 12:13:44.631 PM","1.365"
"516","2025-08-24 12:13:44.632 PM","1.365"
"517","2025-08-24 12:13:44.633 PM","1.365"
"518","2025-08-24 12:13:44.634 PM","1.365"
"519","2025-08-24 12:13:44.635 PM","1.370"
"520","2025-08-24 12:13:44.636 PM","1.370"
"521","2025-08-24 12:13:44.637 PM","1.448"
"522","2025-08-24 12:13:44.638 PM","1.443"
"523","2025-08-24 12:13:44.639 PM","1.448"
"524","2025-08-24 12:13:44.640 PM","1.443"
"525","2025-08-24 12:13:44.641 PM","1.448"
"526","2025-08-24 12:13:44.642 PM","1.448"
"527","2025-08-24 12:13:44.643 PM","1.443"
"528","2025-08-24 12:13:44.644 PM","1.438"
"529","2025-08-24 12:13:44.645 PM","1.438"
"530","2025-08-24 12:13:44.646 PM","1.438"
"531","2025-08-24 12:13:44.647 PM","1.448"
"532","2025-08-24 12:13:44.648 PM","1.448"
"533","2025-08-24 12:13:44.649 PM","1.453"
"534","2025-08-24 12:13:44.650 PM","1.453"
"535","2025-08-24 12:13:44.651 PM","1.443"
"536","2025-08-24 12:13:44.652 PM","1.443"
"537","2025-08-24 12:13:44.653 PM","1.448"
"538","2025-08-24 12:13:44.654 PM","1.541"
"539","2025-08-24 12:13:44.655 PM","1.541"
"540","2025-08-24 12:13:44.656 PM","1.541"
"541","2025-08-24 12:13:44.657 PM","1.541"
"542","2025-08-24 12:13:44.658 PM","1.541"
"543","2025-08-24 12:13:44.659 PM","1.541"
"544","2025-08-24 12:13:44.660 PM","1.541"
"545","2025-08-24 12:13:44.661 PM","1.541"
"546","2025-08-24 12:13:44.662 PM","1.541"
"547","2025-08-24 12:13:44.663 PM","1.541"
"548","2025-08-24 12:13:44.664 PM","1.536"
"549","2025-08-24 12:13:44.665 PM","1.541"
"550","2025-08-24 12:13:44.666 PM","1.536"
"551","2025-08-24 12:13:44.667 PM","1.541"
"552","2025-08-24 12:13:44.668 PM","1.541"
"553","2025-08-24 12:13:44.669 PM","1.541"
"554","2025-08-24 12:13:44.670 PM","1.521"
"555","2025-08-24 12:13:44.671 PM","1.526"
"556","2025-08-24 12:13:44.672 PM","1.521"
"557","2025-08-24 12:13:44.673 PM","1.521"
"558","2025-08-24 12:13:44.674 PM","1.526"
"559","2025-08-24 12:13:44.675 PM","1.521"
"560","2025-08-24 12:13:44.676 PM","1.512"
"561","2025-08-24 12:13:44.677 PM","1.512"
"562","2025-08-24 12:13:44.678 PM","1.512"
"563","2025-08-24 12:13:44.679 PM","1.526"
"564","2025-08-24 12:13:44.680 PM","1.526"
"565","2025-08-24 12:13:44.681 PM","1.526"
"566","2025-08-24 12:13:44.682 PM","1.531"
"567","2025-08-24 12:13:44.683 PM","1.521"
"568","2025-08-24 12:13:44.684 PM","1.521"
"569","2025-08-24 12:13:44.685 PM","1.521"
"570","2025-08-24 12:13:44.686 PM","1.521"
"571","2025-08-24 12:13:44.687 PM","1.443"
"572","2025-08-24 12:13:44.688 PM","1.443"
"573","2025-08-24 12:13:44.689 PM","1.443"
"574","2025-08-24 12:13:44.690 PM","1.443"
"575","2025-08-24 12:13:44.691 PM","1.443"
"576","2025-08-24 12:13:44.692 PM","1.448"
"577","2025-08-24 12:13:44.693 PM","1.443"
"578","2025-08-24 12:13:44.694 PM","1.443"
"579","2025-08-24 12:13:44.695 PM","1.443"
"580","2025-08-24 12:13:44.696 PM","1.443"
"581","2025-08-24 12:13:44.697 PM","1.443"
"582","2025-08-24 12:13:44.698 PM","1.443"
"583","2025-08-24 12:13:44.699 PM","1.443"
"584","2025-08-24 12:13:44.700 PM","1.443"
"585","2025-08-24 12:13:44.701 PM","1.443"
"586","2025-08-24 12:13:44.702 PM","1.448"
"587","2025-08-24 12:13:44.703 PM","1.346"
"588","2025-08-24 12:13:44.704 PM","1.346"
"589","2025-08-24 12:13:44.705 PM","1.350"
"590","2025-08-24 12:13:44.706 PM","1.346"
"591","2025-08-24 12:13:44.707 PM","1.350"
"592","2025-08-24 12:13:44.708 PM","1.346"
"593","2025-08-24 12:13:44.709 PM","1.341"
"594","2025-08-24 12:13:44.710 PM","1.341"
"595","2025-08-24 12:13:44.711 PM","1.350"
"596","2025-08-24 12:13:44.712 PM","1.350"
"597","2025-08-24 12:13:44.713 PM","1.355"
"598","2025-08-24 12:13:44.714 PM","1.355"
"599","2025-08-24 12:13:44.715 PM","1.346"
"600","2025-08-24 12:13:44.716 PM","1.346"
"601","2025-08-24 12:13:44.717 PM","1.346"
"602","2025-08-24 12:13:44.718 PM","1.346"
"603","2025-08-24 12:13:44.719 PM","1.326"
"604","2025-08-24 12:13:44.720 PM","1.326"
"605","2025-08-24 12:13:44.721 PM","1.326"
"606","2025-08-24 12:13:44.722 PM","1.326"
"607","2025-08-24 12:13:44.723 PM","1.331"
"608","2025-08-24 12:13:44.724 PM","1.331"
"609","2025-08-24 12:13:44.725 PM","1.331"
"610","2025-08-24 12:13:44.726 PM","1.326"
"611","2025-08-24 12:13:44.727 PM","1.326"
"612","2025-08-24 12:13:44.728 PM","1.326"
"613","2025-08-24 12:13:44.729 PM","1.326"
"614","2025-08-24 12:13:44.730 PM","1.326"
"615","2025-08-24 12:13:44.731 PM","1.326"
"616","2025-08-24 12:13:44.732 PM","1.326"
"617","2025-08-24 12:13:44.733 PM","1.326"
"618","2025-08-24 12:13:44.734 PM","1.326"
"619","2025-08-24 12:13:44.735 PM","1.326"
"620","2025-08-24 12:13:44.736 PM","1.389"
"621","2025-08-24 12:13:44.737 PM","1.385"
"622","2025-08-24 12:13:44.738 PM","1.385"
"623","2025-08-24 12:13:44.739 PM","1.385"
"624","2025-08-24 12:13:44.740 PM","1.385"
"625","2025-08-24 12:13:44.741 PM","1.385"
"626","2025-08-24 12:13:44.742 PM","1.380"
"627","2025-08-24 12:13:44.743 PM","1.389"
"628","2025-08-24 12:13:44.744 PM","1.389"
"629","2025-08-24 12:13:44.745 PM","1.394"
"630","2025-08-24 12:13:44.746 PM","1.394"
"631","2025-08-24 12:13:44.747 PM","1.385"
"632","2025-08-24 12:13:44.748 PM","1.385"
"633","2025-08-24 12:13:44.749 PM","1.385"
"634","2025-08-24 12:13:44.750 PM","1.385"
"635","2025-08-24 12:13:44.751 PM","1.385"
"636","2025-08-24 12:13:44.752 PM","1.385"
"637","2025-08-24 12:13:44.753 PM","1.463"
"638","2025-08-24 12:13:44.754 PM","1.463"
"639","2025-08-24 12:13:44.755 PM","1.463"
"640","2025-08-24 12:13:44.756 PM","1.463"
"641","2025-08-24 12:13:44.757 PM","1.463"
"642","2025-08-24 12:13:44.758 PM","1.463"
"643","2025-08-24 12:13:44.759 PM","1.463"
"644","2025-08-24 12:13:44.760 PM","1.463"
"645","2025-08-24 12:13:44.761 PM","1.458"
"646","2025-08-24 12:13:44.762 PM","1.463"
"647","2025-08-24 12:13:44.763 PM","1.458"
"648","2025-08-24 12:13:44.764 PM","1.463"
"649","2025-08-24 12:13:44.765 PM","1.458"
"650","2025-08-24 12:13:44.766 PM","1.458"
"651","2025-08-24 12:13:44.767 PM","1.463"
"652","2025-08-24 12:13:44.768 PM","1.463"
"653","2025-08-24 12:13:44.769 PM","1.541"
"654","2025-08-24 12:13:44.770 PM","1.541"
"655","2025-08-24 12:13:44.771 PM","1.541"
"656","2025-08-24 12:13:44.772 PM","1.541"
"657","2025-08-24 12:13:44.773 PM","1.541"
"658","2025-08-24 12:13:44.774 PM","1.541"
"659","2025-08-24 12:13:44.775 PM","1.546"
"660","2025-08-24 12:13:44.776 PM","1.546"
"661","2025-08-24 12:13:44.777 PM","1.546"
"662","2025-08-24 12:13:44.778 PM","1.551"
"663","2025-08-24 12:13:44.779 PM","1.536"
"664","2025-08-24 12:13:44.780 PM","1.541"
"665","2025-08-24 12:13:44.781 PM","1.541"
"666","2025-08-24 12:13:44.782 PM","1.536"
"667","2025-08-24 12:13:44.783 PM","1.536"
"668","2025-08-24 12:13:44.784 PM","1.541"
"669","2025-08-24 12:13:44.785 PM","1.541"
"670","2025-08-24 12:13:44.786 PM","1.521"
"671","2025-08-24 12:13:44.787 PM","1.521"
"672","2025-08-24 12:13:44.788 PM","1.526"
"673","2025-08-24 12:13:44.789 PM","1.521"
"674","2025-08-24 12:13:44.790 PM","1.521"
"675","2025-08-24 12:13:44.791 PM","1.521"
"676","2025-08-24 12:13:44.792 PM","1.521"
"677","2025-08-24 12:13:44.793 PM","1.521"
"678","2025-08-24 12:13:44.794 PM","1.521"
"679","2025-08-24 12:13:44.795 PM","1.521"
"680","2025-08-24 12:13:44.796 PM","1.512"
"681","2025-08-24 12:13:44.797 PM","1.512"
"682","2025-08-24 12:13:44.798 PM","1.521"
"683","2025-08-24 12:13:44.799 PM","1.521"
"684","2025-08-24 12:13:44.800 PM","1.521"
"685","2025-08-24 12:13:44.801 PM","1.521"
"686","2025-08-24 12:13:44.802 PM","1.429"
"687","2025-08-24 12:13:44.803 PM","1.429"
"688","2025-08-24 12:13:44.804 PM","1.429"
"689","2025-08-24 12:13:44.805 PM","1.424"
"690","2025-08-24 12:13:44.806 PM","1.429"
"691","2025-08-24 12:13:44.807 PM","1.424"
"692","2025-08-24 12:13:44.808 PM","1.433"
"693","2025-08-24 12:13:44.809 PM","1.433"
"694","2025-08-24 12:13:44.810 PM","1.433"
"695","2025-08-24 12:13:44.811 PM","1.424"
"696","2025-08-24 12:13:44.812 PM","1.424"
"697","2025-08-24 12:13:44.813 PM","1.424"
"698","2025-08-24 12:13:44.814 PM","1.424"
"699","2025-08-24 12:13:44.815 PM","1.424"
"700","2025-08-24 12:13:44.816 PM","1.424"
"701","2025-08-24 12:13:44.817 PM","1.424"
"702","2025-08-24 12:13:44.818 PM","1.429"
"703","2025-08-24 12:13:44.819 PM","1.350"
"704","2025-08-24 12:13:44.820 PM","1.346"
"705","2025-08-24 12:13:44.821 PM","1.346"
"706","2025-08-24 12:13:44.822 PM","1.350"
"707","2025-08-24 12:13:44.823 PM","1.346"
"708","2025-08-24 12:13:44.824 PM","1.346"
"709","2025-08-24 12:13:44.825 PM","1.346"
"710","2025-08-24 12:13:44.826 PM","1.346"
"711","2025-08-24 12:13:44.827 PM","1.346"
"712","2025-08-24 12:13:44.828 PM","1.346"
"713","2025-08-24 12:13:44.829 PM","1.341"
"714","2025-08-24 12:13:44.830 PM","1.346"
"715","2025-08-24 12:13:44.831 PM","1.346"
"716","2025-08-24 12:13:44.832 PM","1.341"
"717","2025-08-24 12:13:44.833 PM","1.346"
"718","2025-08-24 12:13:44.834 PM","1.346"
"719","2025-08-24 12:13:44.835 PM","1.346"
"720","2025-08-24 12:13:44.836 PM","1.346"
"721","2025-08-24 12:13:44.837 PM","1.346"
"722","2025-08-24 12:13:44.838 PM","1.346"
"723","2025-08-24 12:13:44.839 PM","1.346"
"724","2025-08-24 12:13:44.840 PM","1.350"
"725","2025-08-24 12:13:44.841 PM","1.355"
"726","2025-08-24 12:13:44.842 PM","1.355"
"727","2025-08-24 12:13:44.843 PM","1.350"
"728","2025-08-24 12:13:44.844 PM","1.346"
"729","2025-08-24 12:13:44.845 PM","1.346"
"730","2025-08-24 12:13:44.846 PM","1.346"
"731","2025-08-24 12:13:44.847 PM","1.346"
"732","2025-08-24 12:13:44.848 PM","1.346"
"733","2025-08-24 12:13:44.849 PM","1.346"
"734","2025-08-24 12:13:44.850 PM","1.346"
"735","2025-08-24 12:13:44.851 PM","1.346"
"736","2025-08-24 12:13:44.852 PM","1.404"
"737","2025-08-24 12:13:44.853 PM","1.404"
"738","2025-08-24 12:13:44.854 PM","1.404"
"739","2025-08-24 12:13:44.855 PM","1.404"
"740","2025-08-24 12:13:44.856 PM","1.404"
"741","2025-08-24 12:13:44.857 PM","1.404"
"742","2025-08-24 12:13:44.858 PM","1.404"
"743","2025-08-24 12:13:44.859 PM","1.399"
"744","2025-08-24 12:13:44.860 PM","1.404"
"745","2025-08-24 12:13:44.861 PM","1.399"
"746","2025-08-24 12:13:44.862 PM","1.399"
"747","2025-08-24 12:13:44.863 PM","1.404"
"748","2025-08-24 12:13:44.864 PM","1.399"
"749","2025-08-24 12:13:44.865 PM","1.399"
"750","2025-08-24 12:13:44.866 PM","1.404"
"751","2025-08-24 12:13:44.867 PM","1.404"
"752","2025-08-24 12:13:44.868 PM","1.502"
"753","2025-08-24 12:13:44.869 PM","1.502"
"754","2025-08-24 12:13:44.870 PM","1.502"
"755","2025-08-24 12:13:44.871 PM","1.502"
"756","2025-08-24 12:13:44.872 PM","1.502"
"757","2025-08-24 12:13:44.873 PM","1.502"
"758","2025-08-24 12:13:44.874 PM","1.507"
"759","2025-08-24 12:13:44.875 PM","1.507"
"760","2025-08-24 12:13:44.876 PM","1.497"
"761","2025-08-24 12:13:44.877 PM","1.502"
"762","2025-08-24 12:13:44.878 PM","1.502"
"763","2025-08-24 12:13:44.879 PM","1.497"
"764","2025-08-24 12:13:44.880 PM","1.497"
"765","2025-08-24 12:13:44.881 PM","1.497"
"766","2025-08-24 12:13:44.882 PM","1.497"
"767","2025-08-24 12:13:44.883 PM","1.497"
"768","2025-08-24 12:13:44.884 PM","1.497"
"769","2025-08-24 12:13:44.885 PM","1.541"
"770","2025-08-24 12:13:44.886 PM","1.541"
"771","2025-08-24 12:13:44.887 PM","1.541"
"772","2025-08-24 12:13:44.888 PM","1.541"
"773","2025-08-24 12:13:44.889 PM","1.541"
"774","2025-08-24 12:13:44.890 PM","1.541"
"775","2025-08-24 12:13:44.891 PM","1.541"
"776","2025-08-24 12:13:44.892 PM","1.536"
"777","2025-08-24 12:13:44.893 PM","1.536"
"778","2025-08-24 12:13:44.894 PM","1.536"
"779","2025-08-24 12:13:44.895 PM","1.536"
"780","2025-08-24 12:13:44.896 PM","1.536"
"781","2025-08-24 12:13:44.897 PM","1.536"
"782","2025-08-24 12:13:44.898 PM","1.536"
"783","2025-08-24 12:13:44.899 PM","1.541"
"784","2025-08-24 12:13:44.900 PM","1.541"
"785","2025-08-24 12:13:44.901 PM","1.482"
"786","2025-08-24 12:13:44.902 PM","1.482"
"787","2025-08-24 12:13:44.903 PM","1.482"
"788","2025-08-24 12:13:44.904 PM","1.482"
"789","2025-08-24 12:13:44.905 PM","1.482"
"790","2025-08-24 12:13:44.906 PM","1.482"
"791","2025-08-24 12:13:44.907 PM","1.492"
"792","2025-08-24 12:13:44.908 PM","1.482"
"793","2025-08-24 12:13:44.909 PM","1.482"
"794","2025-08-24 12:13:44.910 PM","1.482"
"795","2025-08-24 12:13:44.911 PM","1.477"
"796","2025-08-24 12:13:44.912 PM","1.482"
"797","2025-08-24 12:13:44.913 PM","1.477"
"798","2025-08-24 12:13:44.914 PM","1.477"
"799","2025-08-24 12:13:44.915 PM","1.477"
"800","2025-08-24 12:13:44.916 PM","1.482"
"801","2025-08-24 12:13:44.917 PM","1.482"
"802","2025-08-24 12:13:44.918 PM","1.385"
"803","2025-08-24 12:13:44.919 PM","1.385"
"804","2025-08-24 12:13:44.920 PM","1.385"
"805","2025-08-24 12:13:44.921 PM","1.385"
"806","2025-08-24 12:13:44.922 PM","1.385"
"807","2025-08-24 12:13:44.923 PM","1.385"
"808","2025-08-24 12:13:44.924 PM","1.380"
"809","2025-08-24 12:13:44.925 PM","1.380"
"810","2025-08-24 12:13:44.926 PM","1.385"
"811","2025-08-24 12:13:44.927 PM","1.385"
"812","2025-08-24 12:13:44.928 PM","1.380"
"813","2025-08-24 12:13:44.929 PM","1.380"
"814","2025-08-24 12:13:44.930 PM","1.380"
"815","2025-08-24 12:13:44.931 PM","1.380"
"816","2025-08-24 12:13:44.932 PM","1.385"
"817","2025-08-24 12:13:44.933 PM","1.385"
"818","2025-08-24 12:13:44.934 PM","1.326"
"819","2025-08-24 12:13:44.935 PM","1.326"
"820","2025-08-24 12:13:44.936 PM","1.331"
"821","2025-08-24 12:13:44.937 PM","1.331"
"822","2025-08-24 12:13:44.938 PM","1.331"
"823","2025-08-24 12:13:44.939 PM","1.326"
"824","2025-08-24 12:13:44.940 PM","1.331"
"825","2025-08-24 12:13:44.941 PM","1.326"
"826","2025-08-24 12:13:44.942 PM","1.326"
"827","2025-08-24 12:13:44.943 PM","1.331"
"828","2025-08-24 12:13:44.944 PM","1.326"
"829","2025-08-24 12:13:44.945 PM","1.326"
"830","2025-08-24 12:13:44.946 PM","1.326"
"831","2025-08-24 12:13:44.947 PM","1.326"
"832","2025-08-24 12:13:44.948 PM","1.326"
"833","2025-08-24 12:13:44.949 PM","1.326"
"834","2025-08-24 12:13:44.950 PM","1.331"
"835","2025-08-24 12:13:44.951 PM","1.346"
"836","2025-08-24 12:13:44.952 PM","1.346"
"837","2025-08-24 12:13:44.953 PM","1.346"
"838","2025-08-24 12:13:44.954 PM","1.346"
"839","2025-08-24 12:13:44.955 PM","1.346"
"840","2025-08-24 12:13:44.956 PM","1.346"
"841","2025-08-24 12:13:44.957 PM","1.346"
"842","2025-08-24 12:13:44.958 PM","1.346"
"843","2025-08-24 12:13:44.959 PM","1.346"
"844","2025-08-24 12:13:44.960 PM","1.341"
"845","2025-08-24 12:13:44.961 PM","1.341"
"846","2025-08-24 12:13:44.962 PM","1.346"
"847","2025-08-24 12:13:44.963 PM","1.341"
"848","2025-08-24 12:13:44.964 PM","1.341"
"849","2025-08-24 12:13:44.965 PM","1.346"
"850","2025-08-24 12:13:44.966 PM","1.346"
"851","2025-08-24 12:13:44.967 PM","1.429"
"852","2025-08-24 12:13:44.968 PM","1.429"
"853","2025-08-24 12:13:44.969 PM","1.429"
"854","2025-08-24 12:13:44.970 PM","1.429"
"855","2025-08-24 12:13:44.971 PM","1.424"
"856","2025-08-24 12:13:44.972 PM","1.429"
"857","2025-08-24 12:13:44.973 PM","1.424"
"858","2025-08-24 12:13:44.974 PM","1.424"
"859","2025-08-24 12:13:44.975 PM","1.424"
"860","2025-08-24 12:13:44.976 PM","1.429"
"861","2025-08-24 12:13:44.977 PM","1.424"
"862","2025-08-24 12:13:44.978 PM","1.424"
"863","2025-08-24 12:13:44.979 PM","1.424"
"864","2025-08-24 12:13:44.980 PM","1.424"
"865","2025-08-24 12:13:44.981 PM","1.424"
"866","2025-08-24 12:13:44.982 PM","1.424"
"867","2025-08-24 12:13:44.983 PM","1.429"
"868","2025-08-24 12:13:44.984 PM","1.526"
"869","2025-08-24 12:13:44.985 PM","1.521"
"870","2025-08-24 12:13:44.986 PM","1.521"
"871","2025-08-24 12:13:44.987 PM","1.521"
"872","2025-08-24 12:13:44.988 PM","1.521"
"873","2025-08-24 12:13:44.989 PM","1.521"
"874","2025-08-24 12:13:44.990 PM","1.521"
"875","2025-08-24 12:13:44.991 PM","1.521"
"876","2025-08-24 12:13:44.992 PM","1.521"
"877","2025-08-24 12:13:44.993 PM","1.512"
"878","2025-08-24 12:13:44.994 PM","1.512"
"879","2025-08-24 12:13:44.995 PM","1.512"
"880","2025-08-24 12:13:44.996 PM","1.512"
"881","2025-08-24 12:13:44.997 PM","1.512"
"882","2025-08-24 12:13:44.998 PM","1.521"
"883","2025-08-24 12:13:44.999 PM","1.521"
"884","2025-08-24 12:13:45.000 PM","1.541"
"885","2025-08-24 12:13:45.001 PM","1.541"
"886","2025-08-24 12:13:45.002 PM","1.541"
"887","2025-08-24 12:13:45.003 PM","1.541"
"888","2025-08-24 12:13:45.004 PM","1.541"
"889","2025-08-24 12:13:45.005 PM","1.541"
"890","2025-08-24 12:13:45.006 PM","1.541"
"891","2025-08-24 12:13:45.007 PM","1.541"
"892","2025-08-24 12:13:45.008 PM","1.541"
"893","2025-08-24 12:13:45.009 PM","1.536"
"894","2025-08-24 12:13:45.010 PM","1.541"
"895","2025-08-24 12:13:45.011 PM","1.536"
"896","2025-08-24 12:13:45.012 PM","1.536"
"897","2025-08-24 12:13:45.013 PM","1.541"
"898","2025-08-24 12:13:45.014 PM","1.541"
"899","2025-08-24 12:13:45.015 PM","1.541"
"900","2025-08-24 12:13:45.016 PM","1.541"
"901","2025-08-24 12:13:45.017 PM","1.463"
"902","2025-08-24 12:13:45.018 PM","1.468"
"903","2025-08-24 12:13:45.019 PM","1.463"
"904","2025-08-24 12:13:45.020 PM","1.463"
"905","2025-08-24 12:13:45.021 PM","1.463"
"906","2025-08-24 12:13:45.022 PM","1.463"
