"Device: USB-205"
"Serial Number: 22B4008"
"Channel Count: 1"
"Sample Count: 11298"
"Start Time: 2025-08-23 1:39:36.270 PM"
"Scan Rate: 1000"
"Sample","Date/Time","AI0 (V)"
"0","2025-08-23 1:39:36.270 PM","1.712"
"1","2025-08-23 1:39:36.271 PM","1.692"
"2","2025-08-23 1:39:36.272 PM","1.692"
"3","2025-08-23 1:39:36.273 PM","1.692"
"4","2025-08-23 1:39:36.274 PM","1.692"
"5","2025-08-23 1:39:36.275 PM","1.692"
"6","2025-08-23 1:39:36.276 PM","1.692"
"7","2025-08-23 1:39:36.277 PM","1.687"
"8","2025-08-23 1:39:36.278 PM","1.687"
"9","2025-08-23 1:39:36.279 PM","1.687"
"10","2025-08-23 1:39:36.280 PM","1.683"
"11","2025-08-23 1:39:36.281 PM","1.683"
"12","2025-08-23 1:39:36.282 PM","1.683"
"13","2025-08-23 1:39:36.283 PM","1.692"
"14","2025-08-23 1:39:36.284 PM","1.697"
"15","2025-08-23 1:39:36.285 PM","1.692"
"16","2025-08-23 1:39:36.286 PM","1.692"
"17","2025-08-23 1:39:36.287 PM","1.692"
"18","2025-08-23 1:39:36.288 PM","1.658"
"19","2025-08-23 1:39:36.289 PM","1.658"
"20","2025-08-23 1:39:36.290 PM","1.658"
"21","2025-08-23 1:39:36.291 PM","1.658"
"22","2025-08-23 1:39:36.292 PM","1.658"
"23","2025-08-23 1:39:36.293 PM","1.653"
"24","2025-08-23 1:39:36.294 PM","1.658"
"25","2025-08-23 1:39:36.295 PM","1.653"
"26","2025-08-23 1:39:36.296 PM","1.658"
"27","2025-08-23 1:39:36.297 PM","1.653"
"28","2025-08-23 1:39:36.298 PM","1.653"
"29","2025-08-23 1:39:36.299 PM","1.653"
"30","2025-08-23 1:39:36.300 PM","1.653"
"31","2025-08-23 1:39:36.301 PM","1.653"
"32","2025-08-23 1:39:36.302 PM","1.653"
"33","2025-08-23 1:39:36.303 PM","1.658"
"34","2025-08-23 1:39:36.304 PM","1.707"
"35","2025-08-23 1:39:36.305 PM","1.707"
"36","2025-08-23 1:39:36.306 PM","1.707"
"37","2025-08-23 1:39:36.307 PM","1.707"
"38","2025-08-23 1:39:36.308 PM","1.712"
"39","2025-08-23 1:39:36.309 PM","1.712"
"40","2025-08-23 1:39:36.310 PM","1.707"
"41","2025-08-23 1:39:36.311 PM","1.702"
"42","2025-08-23 1:39:36.312 PM","1.702"
"43","2025-08-23 1:39:36.313 PM","1.702"
"44","2025-08-23 1:39:36.314 PM","1.702"
"45","2025-08-23 1:39:36.315 PM","1.702"
"46","2025-08-23 1:39:36.316 PM","1.712"
"47","2025-08-23 1:39:36.317 PM","1.717"
"48","2025-08-23 1:39:36.318 PM","1.707"
"49","2025-08-23 1:39:36.319 PM","1.707"
"50","2025-08-23 1:39:36.320 PM","1.707"
"51","2025-08-23 1:39:36.321 PM","1.692"
"52","2025-08-23 1:39:36.322 PM","1.692"
"53","2025-08-23 1:39:36.323 PM","1.692"
"54","2025-08-23 1:39:36.324 PM","1.692"
"55","2025-08-23 1:39:36.325 PM","1.692"
"56","2025-08-23 1:39:36.326 PM","1.692"
"57","2025-08-23 1:39:36.327 PM","1.692"
"58","2025-08-23 1:39:36.328 PM","1.687"
"59","2025-08-23 1:39:36.329 PM","1.687"
"60","2025-08-23 1:39:36.330 PM","1.692"
"61","2025-08-23 1:39:36.331 PM","1.692"
"62","2025-08-23 1:39:36.332 PM","1.687"
"63","2025-08-23 1:39:36.333 PM","1.692"
"64","2025-08-23 1:39:36.334 PM","1.687"
"65","2025-08-23 1:39:36.335 PM","1.687"
"66","2025-08-23 1:39:36.336 PM","1.692"
"67","2025-08-23 1:39:36.337 PM","1.653"
"68","2025-08-23 1:39:36.338 PM","1.653"
"69","2025-08-23 1:39:36.339 PM","1.658"
"70","2025-08-23 1:39:36.340 PM","1.653"
"71","2025-08-23 1:39:36.341 PM","1.658"
"72","2025-08-23 1:39:36.342 PM","1.653"
"73","2025-08-23 1:39:36.343 PM","1.648"
"74","2025-08-23 1:39:36.344 PM","1.648"
"75","2025-08-23 1:39:36.345 PM","1.648"
"76","2025-08-23 1:39:36.346 PM","1.648"
"77","2025-08-23 1:39:36.347 PM","1.643"
"78","2025-08-23 1:39:36.348 PM","1.658"
"79","2025-08-23 1:39:36.349 PM","1.658"
"80","2025-08-23 1:39:36.350 PM","1.663"
"81","2025-08-23 1:39:36.351 PM","1.653"
"82","2025-08-23 1:39:36.352 PM","1.653"
"83","2025-08-23 1:39:36.353 PM","1.653"
"84","2025-08-23 1:39:36.354 PM","1.712"
"85","2025-08-23 1:39:36.355 PM","1.712"
"86","2025-08-23 1:39:36.356 PM","1.712"
"87","2025-08-23 1:39:36.357 PM","1.712"
"88","2025-08-23 1:39:36.358 PM","1.707"
"89","2025-08-23 1:39:36.359 PM","1.712"
"90","2025-08-23 1:39:36.360 PM","1.712"
"91","2025-08-23 1:39:36.361 PM","1.707"
"92","2025-08-23 1:39:36.362 PM","1.707"
"93","2025-08-23 1:39:36.363 PM","1.707"
"94","2025-08-23 1:39:36.364 PM","1.707"
"95","2025-08-23 1:39:36.365 PM","1.707"
"96","2025-08-23 1:39:36.366 PM","1.707"
"97","2025-08-23 1:39:36.367 PM","1.707"
"98","2025-08-23 1:39:36.368 PM","1.707"
"99","2025-08-23 1:39:36.369 PM","1.707"
"100","2025-08-23 1:39:36.370 PM","1.692"
"101","2025-08-23 1:39:36.371 PM","1.692"
"102","2025-08-23 1:39:36.372 PM","1.692"
"103","2025-08-23 1:39:36.373 PM","1.692"
"104","2025-08-23 1:39:36.374 PM","1.692"
"105","2025-08-23 1:39:36.375 PM","1.692"
"106","2025-08-23 1:39:36.376 PM","1.687"
"107","2025-08-23 1:39:36.377 PM","1.683"
"108","2025-08-23 1:39:36.378 PM","1.683"
"109","2025-08-23 1:39:36.379 PM","1.678"
"110","2025-08-23 1:39:36.380 PM","1.697"
"111","2025-08-23 1:39:36.381 PM","1.697"
"112","2025-08-23 1:39:36.382 PM","1.702"
"113","2025-08-23 1:39:36.383 PM","1.702"
"114","2025-08-23 1:39:36.384 PM","1.687"
"115","2025-08-23 1:39:36.385 PM","1.692"
"116","2025-08-23 1:39:36.386 PM","1.692"
"117","2025-08-23 1:39:36.387 PM","1.658"
"118","2025-08-23 1:39:36.388 PM","1.658"
"119","2025-08-23 1:39:36.389 PM","1.658"
"120","2025-08-23 1:39:36.390 PM","1.658"
"121","2025-08-23 1:39:36.391 PM","1.658"
"122","2025-08-23 1:39:36.392 PM","1.658"
"123","2025-08-23 1:39:36.393 PM","1.653"
"124","2025-08-23 1:39:36.394 PM","1.653"
"125","2025-08-23 1:39:36.395 PM","1.658"
"126","2025-08-23 1:39:36.396 PM","1.653"
"127","2025-08-23 1:39:36.397 PM","1.653"
"128","2025-08-23 1:39:36.398 PM","1.653"
"129","2025-08-23 1:39:36.399 PM","1.653"
"130","2025-08-23 1:39:36.400 PM","1.653"
"131","2025-08-23 1:39:36.401 PM","1.653"
"132","2025-08-23 1:39:36.402 PM","1.658"
"133","2025-08-23 1:39:36.403 PM","1.712"
"134","2025-08-23 1:39:36.404 PM","1.712"
"135","2025-08-23 1:39:36.405 PM","1.712"
"136","2025-08-23 1:39:36.406 PM","1.707"
"137","2025-08-23 1:39:36.407 PM","1.707"
"138","2025-08-23 1:39:36.408 PM","1.707"
"139","2025-08-23 1:39:36.409 PM","1.702"
"140","2025-08-23 1:39:36.410 PM","1.702"
"141","2025-08-23 1:39:36.411 PM","1.697"
"142","2025-08-23 1:39:36.412 PM","1.702"
"143","2025-08-23 1:39:36.413 PM","1.717"
"144","2025-08-23 1:39:36.414 PM","1.717"
"145","2025-08-23 1:39:36.415 PM","1.717"
"146","2025-08-23 1:39:36.416 PM","1.717"
"147","2025-08-23 1:39:36.417 PM","1.707"
"148","2025-08-23 1:39:36.418 PM","1.707"
"149","2025-08-23 1:39:36.419 PM","1.707"
"150","2025-08-23 1:39:36.420 PM","1.707"
"151","2025-08-23 1:39:36.421 PM","1.707"
"152","2025-08-23 1:39:36.422 PM","1.712"
"153","2025-08-23 1:39:36.423 PM","1.712"
"154","2025-08-23 1:39:36.424 PM","1.707"
"155","2025-08-23 1:39:36.425 PM","1.712"
"156","2025-08-23 1:39:36.426 PM","1.712"
"157","2025-08-23 1:39:36.427 PM","1.707"
"158","2025-08-23 1:39:36.428 PM","1.707"
"159","2025-08-23 1:39:36.429 PM","1.707"
"160","2025-08-23 1:39:36.430 PM","1.707"
"161","2025-08-23 1:39:36.431 PM","1.707"
"162","2025-08-23 1:39:36.432 PM","1.707"
"163","2025-08-23 1:39:36.433 PM","1.707"
"164","2025-08-23 1:39:36.434 PM","1.707"
"165","2025-08-23 1:39:36.435 PM","1.707"
"166","2025-08-23 1:39:36.436 PM","1.658"
"167","2025-08-23 1:39:36.437 PM","1.653"
"168","2025-08-23 1:39:36.438 PM","1.653"
"169","2025-08-23 1:39:36.439 PM","1.658"
"170","2025-08-23 1:39:36.440 PM","1.653"
"171","2025-08-23 1:39:36.441 PM","1.653"
"172","2025-08-23 1:39:36.442 PM","1.648"
"173","2025-08-23 1:39:36.443 PM","1.648"
"174","2025-08-23 1:39:36.444 PM","1.648"
"175","2025-08-23 1:39:36.445 PM","1.658"
"176","2025-08-23 1:39:36.446 PM","1.658"
"177","2025-08-23 1:39:36.447 PM","1.663"
"178","2025-08-23 1:39:36.448 PM","1.663"
"179","2025-08-23 1:39:36.449 PM","1.653"
"180","2025-08-23 1:39:36.450 PM","1.653"
"181","2025-08-23 1:39:36.451 PM","1.653"
"182","2025-08-23 1:39:36.452 PM","1.653"
"183","2025-08-23 1:39:36.453 PM","1.707"
"184","2025-08-23 1:39:36.454 PM","1.707"
"185","2025-08-23 1:39:36.455 PM","1.712"
"186","2025-08-23 1:39:36.456 PM","1.712"
"187","2025-08-23 1:39:36.457 PM","1.712"
"188","2025-08-23 1:39:36.458 PM","1.712"
"189","2025-08-23 1:39:36.459 PM","1.707"
"190","2025-08-23 1:39:36.460 PM","1.707"
"191","2025-08-23 1:39:36.461 PM","1.717"
"192","2025-08-23 1:39:36.462 PM","1.707"
"193","2025-08-23 1:39:36.463 PM","1.707"
"194","2025-08-23 1:39:36.464 PM","1.707"
"195","2025-08-23 1:39:36.465 PM","1.707"
"196","2025-08-23 1:39:36.466 PM","1.707"
"197","2025-08-23 1:39:36.467 PM","1.707"
"198","2025-08-23 1:39:36.468 PM","1.712"
"199","2025-08-23 1:39:36.469 PM","1.692"
"200","2025-08-23 1:39:36.470 PM","1.692"
"201","2025-08-23 1:39:36.471 PM","1.692"
"202","2025-08-23 1:39:36.472 PM","1.692"
"203","2025-08-23 1:39:36.473 PM","1.692"
"204","2025-08-23 1:39:36.474 PM","1.692"
"205","2025-08-23 1:39:36.475 PM","1.687"
"206","2025-08-23 1:39:36.476 PM","1.683"
"207","2025-08-23 1:39:36.477 PM","1.697"
"208","2025-08-23 1:39:36.478 PM","1.697"
"209","2025-08-23 1:39:36.479 PM","1.697"
"210","2025-08-23 1:39:36.480 PM","1.702"
"211","2025-08-23 1:39:36.481 PM","1.819"
"212","2025-08-23 1:39:36.482 PM","1.692"
"213","2025-08-23 1:39:36.483 PM","1.687"
"214","2025-08-23 1:39:36.484 PM","1.687"
"215","2025-08-23 1:39:36.485 PM","1.692"
"216","2025-08-23 1:39:36.486 PM","1.658"
"217","2025-08-23 1:39:36.487 PM","1.653"
"218","2025-08-23 1:39:36.488 PM","1.658"
"219","2025-08-23 1:39:36.489 PM","1.658"
"220","2025-08-23 1:39:36.490 PM","1.658"
"221","2025-08-23 1:39:36.491 PM","1.658"
"222","2025-08-23 1:39:36.492 PM","1.653"
"223","2025-08-23 1:39:36.493 PM","1.658"
"224","2025-08-23 1:39:36.494 PM","1.653"
"225","2025-08-23 1:39:36.495 PM","1.653"
"226","2025-08-23 1:39:36.496 PM","1.653"
"227","2025-08-23 1:39:36.497 PM","1.653"
"228","2025-08-23 1:39:36.498 PM","1.653"
"229","2025-08-23 1:39:36.499 PM","1.653"
"230","2025-08-23 1:39:36.500 PM","1.658"
"231","2025-08-23 1:39:36.501 PM","1.658"
"232","2025-08-23 1:39:36.502 PM","1.707"
"233","2025-08-23 1:39:36.503 PM","1.707"
"234","2025-08-23 1:39:36.504 PM","1.707"
"235","2025-08-23 1:39:36.505 PM","1.707"
"236","2025-08-23 1:39:36.506 PM","1.707"
"237","2025-08-23 1:39:36.507 PM","1.712"
"238","2025-08-23 1:39:36.508 PM","1.702"
"239","2025-08-23 1:39:36.509 PM","1.702"
"240","2025-08-23 1:39:36.510 PM","1.712"
"241","2025-08-23 1:39:36.511 PM","1.717"
"242","2025-08-23 1:39:36.512 PM","1.717"
"243","2025-08-23 1:39:36.513 PM","1.717"
"244","2025-08-23 1:39:36.514 PM","1.707"
"245","2025-08-23 1:39:36.515 PM","1.707"
"246","2025-08-23 1:39:36.516 PM","1.707"
"247","2025-08-23 1:39:36.517 PM","1.707"
"248","2025-08-23 1:39:36.518 PM","1.712"
"249","2025-08-23 1:39:36.519 PM","1.707"
"250","2025-08-23 1:39:36.520 PM","1.707"
"251","2025-08-23 1:39:36.521 PM","1.712"
"252","2025-08-23 1:39:36.522 PM","1.712"
"253","2025-08-23 1:39:36.523 PM","1.707"
"254","2025-08-23 1:39:36.524 PM","1.712"
"255","2025-08-23 1:39:36.525 PM","1.707"
"256","2025-08-23 1:39:36.526 PM","1.707"
"257","2025-08-23 1:39:36.527 PM","1.707"
"258","2025-08-23 1:39:36.528 PM","1.707"
"259","2025-08-23 1:39:36.529 PM","1.707"
"260","2025-08-23 1:39:36.530 PM","1.707"
"261","2025-08-23 1:39:36.531 PM","1.707"
"262","2025-08-23 1:39:36.532 PM","1.702"
"263","2025-08-23 1:39:36.533 PM","1.712"
"264","2025-08-23 1:39:36.534 PM","1.707"
"265","2025-08-23 1:39:36.535 PM","1.653"
"266","2025-08-23 1:39:36.536 PM","1.653"
"267","2025-08-23 1:39:36.537 PM","1.653"
"268","2025-08-23 1:39:36.538 PM","1.653"
"269","2025-08-23 1:39:36.539 PM","1.653"
"270","2025-08-23 1:39:36.540 PM","1.658"
"271","2025-08-23 1:39:36.541 PM","1.643"
"272","2025-08-23 1:39:36.542 PM","1.663"
"273","2025-08-23 1:39:36.543 PM","1.663"
"274","2025-08-23 1:39:36.544 PM","1.663"
"275","2025-08-23 1:39:36.545 PM","1.663"
"276","2025-08-23 1:39:36.546 PM","1.653"
"277","2025-08-23 1:39:36.547 PM","1.653"
"278","2025-08-23 1:39:36.548 PM","1.653"
"279","2025-08-23 1:39:36.549 PM","1.653"
"280","2025-08-23 1:39:36.550 PM","1.653"
"281","2025-08-23 1:39:36.551 PM","1.653"
"282","2025-08-23 1:39:36.552 PM","1.712"
"283","2025-08-23 1:39:36.553 PM","1.712"
"284","2025-08-23 1:39:36.554 PM","1.712"
"285","2025-08-23 1:39:36.555 PM","1.712"
"286","2025-08-23 1:39:36.556 PM","1.712"
"287","2025-08-23 1:39:36.557 PM","1.712"
"288","2025-08-23 1:39:36.558 PM","1.707"
"289","2025-08-23 1:39:36.559 PM","1.707"
"290","2025-08-23 1:39:36.560 PM","1.707"
"291","2025-08-23 1:39:36.561 PM","1.707"
"292","2025-08-23 1:39:36.562 PM","1.707"
"293","2025-08-23 1:39:36.563 PM","1.707"
"294","2025-08-23 1:39:36.564 PM","1.707"
"295","2025-08-23 1:39:36.565 PM","1.702"
"296","2025-08-23 1:39:36.566 PM","1.707"
"297","2025-08-23 1:39:36.567 PM","1.707"
"298","2025-08-23 1:39:36.568 PM","1.707"
"299","2025-08-23 1:39:36.569 PM","1.712"
"300","2025-08-23 1:39:36.570 PM","1.707"
"301","2025-08-23 1:39:36.571 PM","1.707"
"302","2025-08-23 1:39:36.572 PM","1.712"
"303","2025-08-23 1:39:36.573 PM","1.707"
"304","2025-08-23 1:39:36.574 PM","1.712"
"305","2025-08-23 1:39:36.575 PM","1.717"
"306","2025-08-23 1:39:36.576 PM","1.717"
"307","2025-08-23 1:39:36.577 PM","1.717"
"308","2025-08-23 1:39:36.578 PM","1.707"
"309","2025-08-23 1:39:36.579 PM","1.707"
"310","2025-08-23 1:39:36.580 PM","1.712"
"311","2025-08-23 1:39:36.581 PM","1.707"
"312","2025-08-23 1:39:36.582 PM","1.707"
"313","2025-08-23 1:39:36.583 PM","1.707"
"314","2025-08-23 1:39:36.584 PM","1.707"
"315","2025-08-23 1:39:36.585 PM","1.653"
"316","2025-08-23 1:39:36.586 PM","1.658"
"317","2025-08-23 1:39:36.587 PM","1.658"
"318","2025-08-23 1:39:36.588 PM","1.658"
"319","2025-08-23 1:39:36.589 PM","1.658"
"320","2025-08-23 1:39:36.590 PM","1.658"
"321","2025-08-23 1:39:36.591 PM","1.658"
"322","2025-08-23 1:39:36.592 PM","1.653"
"323","2025-08-23 1:39:36.593 PM","1.653"
"324","2025-08-23 1:39:36.594 PM","1.653"
"325","2025-08-23 1:39:36.595 PM","1.653"
"326","2025-08-23 1:39:36.596 PM","1.653"
"327","2025-08-23 1:39:36.597 PM","1.648"
"328","2025-08-23 1:39:36.598 PM","1.653"
"329","2025-08-23 1:39:36.599 PM","1.653"
"330","2025-08-23 1:39:36.600 PM","1.658"
"331","2025-08-23 1:39:36.601 PM","1.712"
"332","2025-08-23 1:39:36.602 PM","1.712"
"333","2025-08-23 1:39:36.603 PM","1.707"
"334","2025-08-23 1:39:36.604 PM","1.712"
"335","2025-08-23 1:39:36.605 PM","1.712"
"336","2025-08-23 1:39:36.606 PM","1.712"
"337","2025-08-23 1:39:36.607 PM","1.717"
"338","2025-08-23 1:39:36.608 PM","1.717"
"339","2025-08-23 1:39:36.609 PM","1.717"
"340","2025-08-23 1:39:36.610 PM","1.717"
"341","2025-08-23 1:39:36.611 PM","1.707"
"342","2025-08-23 1:39:36.612 PM","1.707"
"343","2025-08-23 1:39:36.613 PM","1.707"
"344","2025-08-23 1:39:36.614 PM","1.707"
"345","2025-08-23 1:39:36.615 PM","1.712"
"346","2025-08-23 1:39:36.616 PM","1.712"
"347","2025-08-23 1:39:36.617 PM","1.712"
"348","2025-08-23 1:39:36.618 PM","1.712"
"349","2025-08-23 1:39:36.619 PM","1.712"
"350","2025-08-23 1:39:36.620 PM","1.707"
"351","2025-08-23 1:39:36.621 PM","1.712"
"352","2025-08-23 1:39:36.622 PM","1.712"
"353","2025-08-23 1:39:36.623 PM","1.712"
"354","2025-08-23 1:39:36.624 PM","1.707"
"355","2025-08-23 1:39:36.625 PM","1.707"
"356","2025-08-23 1:39:36.626 PM","1.707"
"357","2025-08-23 1:39:36.627 PM","1.707"
"358","2025-08-23 1:39:36.628 PM","1.707"
"359","2025-08-23 1:39:36.629 PM","1.707"
"360","2025-08-23 1:39:36.630 PM","1.707"
"361","2025-08-23 1:39:36.631 PM","1.702"
"362","2025-08-23 1:39:36.632 PM","1.707"
"363","2025-08-23 1:39:36.633 PM","1.707"
"364","2025-08-23 1:39:36.634 PM","1.653"
"365","2025-08-23 1:39:36.635 PM","1.653"
"366","2025-08-23 1:39:36.636 PM","1.658"
"367","2025-08-23 1:39:36.637 PM","1.653"
"368","2025-08-23 1:39:36.638 PM","1.653"
"369","2025-08-23 1:39:36.639 PM","1.658"
"370","2025-08-23 1:39:36.640 PM","1.663"
"371","2025-08-23 1:39:36.641 PM","1.663"
"372","2025-08-23 1:39:36.642 PM","1.663"
"373","2025-08-23 1:39:36.643 PM","1.653"
"374","2025-08-23 1:39:36.644 PM","1.653"
"375","2025-08-23 1:39:36.645 PM","1.653"
"376","2025-08-23 1:39:36.646 PM","1.653"
"377","2025-08-23 1:39:36.647 PM","1.653"
"378","2025-08-23 1:39:36.648 PM","1.653"
"379","2025-08-23 1:39:36.649 PM","1.653"
"380","2025-08-23 1:39:36.650 PM","1.653"
"381","2025-08-23 1:39:36.651 PM","1.692"
"382","2025-08-23 1:39:36.652 PM","1.692"
"383","2025-08-23 1:39:36.653 PM","1.692"
"384","2025-08-23 1:39:36.654 PM","1.687"
"385","2025-08-23 1:39:36.655 PM","1.692"
"386","2025-08-23 1:39:36.656 PM","1.692"
"387","2025-08-23 1:39:36.657 PM","1.687"
"388","2025-08-23 1:39:36.658 PM","1.687"
"389","2025-08-23 1:39:36.659 PM","1.687"
"390","2025-08-23 1:39:36.660 PM","1.687"
"391","2025-08-23 1:39:36.661 PM","1.687"
"392","2025-08-23 1:39:36.662 PM","1.683"
"393","2025-08-23 1:39:36.663 PM","1.687"
"394","2025-08-23 1:39:36.664 PM","1.687"
"395","2025-08-23 1:39:36.665 PM","1.692"
"396","2025-08-23 1:39:36.666 PM","1.692"
"397","2025-08-23 1:39:36.667 PM","1.712"
"398","2025-08-23 1:39:36.668 PM","1.707"
"399","2025-08-23 1:39:36.669 PM","1.712"
"400","2025-08-23 1:39:36.670 PM","1.712"
"401","2025-08-23 1:39:36.671 PM","1.712"
"402","2025-08-23 1:39:36.672 PM","1.707"
"403","2025-08-23 1:39:36.673 PM","1.726"
"404","2025-08-23 1:39:36.674 PM","1.717"
"405","2025-08-23 1:39:36.675 PM","1.707"
"406","2025-08-23 1:39:36.676 PM","1.707"
"407","2025-08-23 1:39:36.677 PM","1.707"
"408","2025-08-23 1:39:36.678 PM","1.707"
"409","2025-08-23 1:39:36.679 PM","1.707"
"410","2025-08-23 1:39:36.680 PM","1.707"
"411","2025-08-23 1:39:36.681 PM","1.707"
"412","2025-08-23 1:39:36.682 PM","1.707"
"413","2025-08-23 1:39:36.683 PM","1.712"
"414","2025-08-23 1:39:36.684 PM","1.653"
"415","2025-08-23 1:39:36.685 PM","1.658"
"416","2025-08-23 1:39:36.686 PM","1.658"
"417","2025-08-23 1:39:36.687 PM","1.658"
"418","2025-08-23 1:39:36.688 PM","1.658"
"419","2025-08-23 1:39:36.689 PM","1.658"
"420","2025-08-23 1:39:36.690 PM","1.653"
"421","2025-08-23 1:39:36.691 PM","1.653"
"422","2025-08-23 1:39:36.692 PM","1.653"
"423","2025-08-23 1:39:36.693 PM","1.653"
"424","2025-08-23 1:39:36.694 PM","1.653"
"425","2025-08-23 1:39:36.695 PM","1.653"
"426","2025-08-23 1:39:36.696 PM","1.653"
"427","2025-08-23 1:39:36.697 PM","1.653"
"428","2025-08-23 1:39:36.698 PM","1.658"
"429","2025-08-23 1:39:36.699 PM","1.653"
"430","2025-08-23 1:39:36.700 PM","1.692"
"431","2025-08-23 1:39:36.701 PM","1.692"
"432","2025-08-23 1:39:36.702 PM","1.692"
"433","2025-08-23 1:39:36.703 PM","1.687"
"434","2025-08-23 1:39:36.704 PM","1.692"
"435","2025-08-23 1:39:36.705 PM","1.692"
"436","2025-08-23 1:39:36.706 PM","1.702"
"437","2025-08-23 1:39:36.707 PM","1.702"
"438","2025-08-23 1:39:36.708 PM","1.687"
"439","2025-08-23 1:39:36.709 PM","1.692"
"440","2025-08-23 1:39:36.710 PM","1.687"
"441","2025-08-23 1:39:36.711 PM","1.692"
"442","2025-08-23 1:39:36.712 PM","1.692"
"443","2025-08-23 1:39:36.713 PM","1.687"
"444","2025-08-23 1:39:36.714 PM","1.687"
"445","2025-08-23 1:39:36.715 PM","1.692"
"446","2025-08-23 1:39:36.716 PM","1.692"
"447","2025-08-23 1:39:36.717 PM","1.712"
"448","2025-08-23 1:39:36.718 PM","1.712"
"449","2025-08-23 1:39:36.719 PM","1.712"
"450","2025-08-23 1:39:36.720 PM","1.712"
"451","2025-08-23 1:39:36.721 PM","1.712"
"452","2025-08-23 1:39:36.722 PM","1.712"
"453","2025-08-23 1:39:36.723 PM","1.707"
"454","2025-08-23 1:39:36.724 PM","1.707"
"455","2025-08-23 1:39:36.725 PM","1.707"
"456","2025-08-23 1:39:36.726 PM","1.707"
"457","2025-08-23 1:39:36.727 PM","1.707"
"458","2025-08-23 1:39:36.728 PM","1.707"
"459","2025-08-23 1:39:36.729 PM","1.707"
"460","2025-08-23 1:39:36.730 PM","1.702"
"461","2025-08-23 1:39:36.731 PM","1.707"
"462","2025-08-23 1:39:36.732 PM","1.712"
"463","2025-08-23 1:39:36.733 PM","1.653"
"464","2025-08-23 1:39:36.734 PM","1.653"
"465","2025-08-23 1:39:36.735 PM","1.653"
"466","2025-08-23 1:39:36.736 PM","1.653"
"467","2025-08-23 1:39:36.737 PM","1.653"
"468","2025-08-23 1:39:36.738 PM","1.658"
"469","2025-08-23 1:39:36.739 PM","1.668"
"470","2025-08-23 1:39:36.740 PM","1.653"
"471","2025-08-23 1:39:36.741 PM","1.653"
"472","2025-08-23 1:39:36.742 PM","1.653"
"473","2025-08-23 1:39:36.743 PM","1.653"
"474","2025-08-23 1:39:36.744 PM","1.653"
"475","2025-08-23 1:39:36.745 PM","1.653"
"476","2025-08-23 1:39:36.746 PM","1.653"
"477","2025-08-23 1:39:36.747 PM","1.653"
"478","2025-08-23 1:39:36.748 PM","1.653"
"479","2025-08-23 1:39:36.749 PM","1.653"
"480","2025-08-23 1:39:36.750 PM","1.692"
"481","2025-08-23 1:39:36.751 PM","1.692"
"482","2025-08-23 1:39:36.752 PM","1.692"
"483","2025-08-23 1:39:36.753 PM","1.692"
"484","2025-08-23 1:39:36.754 PM","1.692"
"485","2025-08-23 1:39:36.755 PM","1.692"
"486","2025-08-23 1:39:36.756 PM","1.687"
"487","2025-08-23 1:39:36.757 PM","1.687"
"488","2025-08-23 1:39:36.758 PM","1.687"
"489","2025-08-23 1:39:36.759 PM","1.687"
"490","2025-08-23 1:39:36.760 PM","1.687"
"491","2025-08-23 1:39:36.761 PM","1.687"
"492","2025-08-23 1:39:36.762 PM","1.687"
"493","2025-08-23 1:39:36.763 PM","1.687"
"494","2025-08-23 1:39:36.764 PM","1.687"
"495","2025-08-23 1:39:36.765 PM","1.692"
"496","2025-08-23 1:39:36.766 PM","1.712"
"497","2025-08-23 1:39:36.767 PM","1.707"
"498","2025-08-23 1:39:36.768 PM","1.712"
"499","2025-08-23 1:39:36.769 PM","1.712"
"500","2025-08-23 1:39:36.770 PM","1.712"
"501","2025-08-23 1:39:36.771 PM","1.712"
"502","2025-08-23 1:39:36.772 PM","1.712"
"503","2025-08-23 1:39:36.773 PM","1.707"
"504","2025-08-23 1:39:36.774 PM","1.707"
"505","2025-08-23 1:39:36.775 PM","1.707"
"506","2025-08-23 1:39:36.776 PM","1.707"
"507","2025-08-23 1:39:36.777 PM","1.707"
"508","2025-08-23 1:39:36.778 PM","1.707"
"509","2025-08-23 1:39:36.779 PM","1.707"
"510","2025-08-23 1:39:36.780 PM","1.707"
"511","2025-08-23 1:39:36.781 PM","1.712"
"512","2025-08-23 1:39:36.782 PM","1.712"
"513","2025-08-23 1:39:36.783 PM","1.658"
"514","2025-08-23 1:39:36.784 PM","1.653"
"515","2025-08-23 1:39:36.785 PM","1.658"
"516","2025-08-23 1:39:36.786 PM","1.658"
"517","2025-08-23 1:39:36.787 PM","1.658"
"518","2025-08-23 1:39:36.788 PM","1.658"
"519","2025-08-23 1:39:36.789 PM","1.653"
"520","2025-08-23 1:39:36.790 PM","1.653"
"521","2025-08-23 1:39:36.791 PM","1.653"
"522","2025-08-23 1:39:36.792 PM","1.653"
"523","2025-08-23 1:39:36.793 PM","1.653"
"524","2025-08-23 1:39:36.794 PM","1.648"
"525","2025-08-23 1:39:36.795 PM","1.653"
"526","2025-08-23 1:39:36.796 PM","1.648"
"527","2025-08-23 1:39:36.797 PM","1.658"
"528","2025-08-23 1:39:36.798 PM","1.658"
"529","2025-08-23 1:39:36.799 PM","1.692"
"530","2025-08-23 1:39:36.800 PM","1.692"
"531","2025-08-23 1:39:36.801 PM","1.692"
"532","2025-08-23 1:39:36.802 PM","1.692"
"533","2025-08-23 1:39:36.803 PM","1.692"
"534","2025-08-23 1:39:36.804 PM","1.692"
"535","2025-08-23 1:39:36.805 PM","1.692"
"536","2025-08-23 1:39:36.806 PM","1.687"
"537","2025-08-23 1:39:36.807 PM","1.692"
"538","2025-08-23 1:39:36.808 PM","1.692"
"539","2025-08-23 1:39:36.809 PM","1.687"
"540","2025-08-23 1:39:36.810 PM","1.687"
"541","2025-08-23 1:39:36.811 PM","1.692"
"542","2025-08-23 1:39:36.812 PM","1.687"
"543","2025-08-23 1:39:36.813 PM","1.692"
"544","2025-08-23 1:39:36.814 PM","1.692"
"545","2025-08-23 1:39:36.815 PM","1.692"
"546","2025-08-23 1:39:36.816 PM","1.707"
"547","2025-08-23 1:39:36.817 PM","1.712"
"548","2025-08-23 1:39:36.818 PM","1.707"
"549","2025-08-23 1:39:36.819 PM","1.712"
"550","2025-08-23 1:39:36.820 PM","1.707"
"551","2025-08-23 1:39:36.821 PM","1.707"
"552","2025-08-23 1:39:36.822 PM","1.707"
"553","2025-08-23 1:39:36.823 PM","1.702"
"554","2025-08-23 1:39:36.824 PM","1.702"
"555","2025-08-23 1:39:36.825 PM","1.707"
"556","2025-08-23 1:39:36.826 PM","1.707"
"557","2025-08-23 1:39:36.827 PM","1.707"
"558","2025-08-23 1:39:36.828 PM","1.702"
"559","2025-08-23 1:39:36.829 PM","1.702"
"560","2025-08-23 1:39:36.830 PM","1.707"
"561","2025-08-23 1:39:36.831 PM","1.712"
"562","2025-08-23 1:39:36.832 PM","1.653"
"563","2025-08-23 1:39:36.833 PM","1.653"
"564","2025-08-23 1:39:36.834 PM","1.653"
"565","2025-08-23 1:39:36.835 PM","1.653"
"566","2025-08-23 1:39:36.836 PM","1.653"
"567","2025-08-23 1:39:36.837 PM","1.653"
"568","2025-08-23 1:39:36.838 PM","1.653"
"569","2025-08-23 1:39:36.839 PM","1.653"
"570","2025-08-23 1:39:36.840 PM","1.653"
"571","2025-08-23 1:39:36.841 PM","1.653"
"572","2025-08-23 1:39:36.842 PM","1.653"
"573","2025-08-23 1:39:36.843 PM","1.653"
"574","2025-08-23 1:39:36.844 PM","1.653"
"575","2025-08-23 1:39:36.845 PM","1.653"
"576","2025-08-23 1:39:36.846 PM","1.653"
"577","2025-08-23 1:39:36.847 PM","1.653"
"578","2025-08-23 1:39:36.848 PM","1.653"
"579","2025-08-23 1:39:36.849 PM","1.692"
"580","2025-08-23 1:39:36.850 PM","1.692"
"581","2025-08-23 1:39:36.851 PM","1.692"
"582","2025-08-23 1:39:36.852 PM","1.692"
"583","2025-08-23 1:39:36.853 PM","1.692"
"584","2025-08-23 1:39:36.854 PM","1.692"
"585","2025-08-23 1:39:36.855 PM","1.692"
"586","2025-08-23 1:39:36.856 PM","1.692"
"587","2025-08-23 1:39:36.857 PM","1.687"
"588","2025-08-23 1:39:36.858 PM","1.687"
"589","2025-08-23 1:39:36.859 PM","1.683"
"590","2025-08-23 1:39:36.860 PM","1.687"
"591","2025-08-23 1:39:36.861 PM","1.687"
"592","2025-08-23 1:39:36.862 PM","1.687"
"593","2025-08-23 1:39:36.863 PM","1.692"
"594","2025-08-23 1:39:36.864 PM","1.692"
"595","2025-08-23 1:39:36.865 PM","1.692"
"596","2025-08-23 1:39:36.866 PM","1.707"
"597","2025-08-23 1:39:36.867 PM","1.712"
"598","2025-08-23 1:39:36.868 PM","1.712"
"599","2025-08-23 1:39:36.869 PM","1.712"
"600","2025-08-23 1:39:36.870 PM","1.707"
"601","2025-08-23 1:39:36.871 PM","1.707"
"602","2025-08-23 1:39:36.872 PM","1.712"
"603","2025-08-23 1:39:36.873 PM","1.707"
"604","2025-08-23 1:39:36.874 PM","1.707"
"605","2025-08-23 1:39:36.875 PM","1.712"
"606","2025-08-23 1:39:36.876 PM","1.707"
"607","2025-08-23 1:39:36.877 PM","1.707"
"608","2025-08-23 1:39:36.878 PM","1.707"
"609","2025-08-23 1:39:36.879 PM","1.707"
"610","2025-08-23 1:39:36.880 PM","1.707"
"611","2025-08-23 1:39:36.881 PM","1.707"
"612","2025-08-23 1:39:36.882 PM","1.658"
"613","2025-08-23 1:39:36.883 PM","1.658"
"614","2025-08-23 1:39:36.884 PM","1.658"
"615","2025-08-23 1:39:36.885 PM","1.658"
"616","2025-08-23 1:39:36.886 PM","1.658"
"617","2025-08-23 1:39:36.887 PM","1.658"
"618","2025-08-23 1:39:36.888 PM","1.653"
"619","2025-08-23 1:39:36.889 PM","1.653"
"620","2025-08-23 1:39:36.890 PM","1.653"
"621","2025-08-23 1:39:36.891 PM","1.653"
"622","2025-08-23 1:39:36.892 PM","1.653"
"623","2025-08-23 1:39:36.893 PM","1.648"
"624","2025-08-23 1:39:36.894 PM","1.648"
"625","2025-08-23 1:39:36.895 PM","1.648"
"626","2025-08-23 1:39:36.896 PM","1.653"
"627","2025-08-23 1:39:36.897 PM","1.658"
"628","2025-08-23 1:39:36.898 PM","1.658"
"629","2025-08-23 1:39:36.899 PM","1.692"
"630","2025-08-23 1:39:36.900 PM","1.692"
"631","2025-08-23 1:39:36.901 PM","1.692"
"632","2025-08-23 1:39:36.902 PM","1.692"
"633","2025-08-23 1:39:36.903 PM","1.692"
"634","2025-08-23 1:39:36.904 PM","1.692"
"635","2025-08-23 1:39:36.905 PM","1.692"
"636","2025-08-23 1:39:36.906 PM","1.692"
"637","2025-08-23 1:39:36.907 PM","1.687"
"638","2025-08-23 1:39:36.908 PM","1.687"
"639","2025-08-23 1:39:36.909 PM","1.692"
"640","2025-08-23 1:39:36.910 PM","1.692"
"641","2025-08-23 1:39:36.911 PM","1.687"
"642","2025-08-23 1:39:36.912 PM","1.692"
"643","2025-08-23 1:39:36.913 PM","1.692"
"644","2025-08-23 1:39:36.914 PM","1.692"
"645","2025-08-23 1:39:36.915 PM","1.731"
"646","2025-08-23 1:39:36.916 PM","1.731"
"647","2025-08-23 1:39:36.917 PM","1.731"
"648","2025-08-23 1:39:36.918 PM","1.731"
"649","2025-08-23 1:39:36.919 PM","1.731"
"650","2025-08-23 1:39:36.920 PM","1.736"
"651","2025-08-23 1:39:36.921 PM","1.731"
"652","2025-08-23 1:39:36.922 PM","1.726"
"653","2025-08-23 1:39:36.923 PM","1.726"
"654","2025-08-23 1:39:36.924 PM","1.726"
"655","2025-08-23 1:39:36.925 PM","1.726"
"656","2025-08-23 1:39:36.926 PM","1.726"
"657","2025-08-23 1:39:36.927 PM","1.717"
"658","2025-08-23 1:39:36.928 PM","1.726"
"659","2025-08-23 1:39:36.929 PM","1.726"
"660","2025-08-23 1:39:36.930 PM","1.731"
"661","2025-08-23 1:39:36.931 PM","1.731"
"662","2025-08-23 1:39:36.932 PM","1.653"
"663","2025-08-23 1:39:36.933 PM","1.653"
"664","2025-08-23 1:39:36.934 PM","1.653"
"665","2025-08-23 1:39:36.935 PM","1.658"
"666","2025-08-23 1:39:36.936 PM","1.653"
"667","2025-08-23 1:39:36.937 PM","1.653"
"668","2025-08-23 1:39:36.938 PM","1.653"
"669","2025-08-23 1:39:36.939 PM","1.653"
"670","2025-08-23 1:39:36.940 PM","1.653"
"671","2025-08-23 1:39:36.941 PM","1.653"
"672","2025-08-23 1:39:36.942 PM","1.653"
"673","2025-08-23 1:39:36.943 PM","1.653"
"674","2025-08-23 1:39:36.944 PM","1.653"
"675","2025-08-23 1:39:36.945 PM","1.653"
"676","2025-08-23 1:39:36.946 PM","1.653"
"677","2025-08-23 1:39:36.947 PM","1.653"
"678","2025-08-23 1:39:36.948 PM","1.692"
"679","2025-08-23 1:39:36.949 PM","1.692"
"680","2025-08-23 1:39:36.950 PM","1.692"
"681","2025-08-23 1:39:36.951 PM","1.692"
"682","2025-08-23 1:39:36.952 PM","1.692"
"683","2025-08-23 1:39:36.953 PM","1.692"
"684","2025-08-23 1:39:36.954 PM","1.687"
"685","2025-08-23 1:39:36.955 PM","1.687"
"686","2025-08-23 1:39:36.956 PM","1.687"
"687","2025-08-23 1:39:36.957 PM","1.687"
"688","2025-08-23 1:39:36.958 PM","1.687"
"689","2025-08-23 1:39:36.959 PM","1.683"
"690","2025-08-23 1:39:36.960 PM","1.683"
"691","2025-08-23 1:39:36.961 PM","1.683"
"692","2025-08-23 1:39:36.962 PM","1.687"
"693","2025-08-23 1:39:36.963 PM","1.692"
"694","2025-08-23 1:39:36.964 PM","1.692"
"695","2025-08-23 1:39:36.965 PM","1.712"
"696","2025-08-23 1:39:36.966 PM","1.712"
"697","2025-08-23 1:39:36.967 PM","1.707"
"698","2025-08-23 1:39:36.968 PM","1.707"
"699","2025-08-23 1:39:36.969 PM","1.707"
"700","2025-08-23 1:39:36.970 PM","1.712"
"701","2025-08-23 1:39:36.971 PM","1.707"
"702","2025-08-23 1:39:36.972 PM","1.707"
"703","2025-08-23 1:39:36.973 PM","1.707"
"704","2025-08-23 1:39:36.974 PM","1.702"
"705","2025-08-23 1:39:36.975 PM","1.707"
"706","2025-08-23 1:39:36.976 PM","1.707"
"707","2025-08-23 1:39:36.977 PM","1.707"
"708","2025-08-23 1:39:36.978 PM","1.707"
"709","2025-08-23 1:39:36.979 PM","1.707"
"710","2025-08-23 1:39:36.980 PM","1.707"
"711","2025-08-23 1:39:36.981 PM","1.658"
"712","2025-08-23 1:39:36.982 PM","1.653"
"713","2025-08-23 1:39:36.983 PM","1.658"
"714","2025-08-23 1:39:36.984 PM","1.658"
"715","2025-08-23 1:39:36.985 PM","1.658"
"716","2025-08-23 1:39:36.986 PM","1.658"
"717","2025-08-23 1:39:36.987 PM","1.653"
"718","2025-08-23 1:39:36.988 PM","1.653"
"719","2025-08-23 1:39:36.989 PM","1.653"
"720","2025-08-23 1:39:36.990 PM","1.658"
"721","2025-08-23 1:39:36.991 PM","1.648"
"722","2025-08-23 1:39:36.992 PM","1.648"
"723","2025-08-23 1:39:36.993 PM","1.648"
"724","2025-08-23 1:39:36.994 PM","1.648"
"725","2025-08-23 1:39:36.995 PM","1.653"
"726","2025-08-23 1:39:36.996 PM","1.653"
"727","2025-08-23 1:39:36.997 PM","1.658"
"728","2025-08-23 1:39:36.998 PM","1.692"
"729","2025-08-23 1:39:36.999 PM","1.692"
"730","2025-08-23 1:39:37.000 PM","1.692"
"731","2025-08-23 1:39:37.001 PM","1.692"
"732","2025-08-23 1:39:37.002 PM","1.687"
"733","2025-08-23 1:39:37.003 PM","1.692"
"734","2025-08-23 1:39:37.004 PM","1.687"
"735","2025-08-23 1:39:37.005 PM","1.692"
"736","2025-08-23 1:39:37.006 PM","1.687"
"737","2025-08-23 1:39:37.007 PM","1.692"
"738","2025-08-23 1:39:37.008 PM","1.687"
"739","2025-08-23 1:39:37.009 PM","1.687"
"740","2025-08-23 1:39:37.010 PM","1.687"
"741","2025-08-23 1:39:37.011 PM","1.687"
"742","2025-08-23 1:39:37.012 PM","1.687"
"743","2025-08-23 1:39:37.013 PM","1.692"
"744","2025-08-23 1:39:37.014 PM","1.731"
"745","2025-08-23 1:39:37.015 PM","1.731"
"746","2025-08-23 1:39:37.016 PM","1.731"
"747","2025-08-23 1:39:37.017 PM","1.731"
"748","2025-08-23 1:39:37.018 PM","1.731"
"749","2025-08-23 1:39:37.019 PM","1.731"
"750","2025-08-23 1:39:37.020 PM","1.726"
"751","2025-08-23 1:39:37.021 PM","1.731"
"752","2025-08-23 1:39:37.022 PM","1.726"
"753","2025-08-23 1:39:37.023 PM","1.726"
"754","2025-08-23 1:39:37.024 PM","1.717"
"755","2025-08-23 1:39:37.025 PM","1.726"
"756","2025-08-23 1:39:37.026 PM","1.717"
"757","2025-08-23 1:39:37.027 PM","1.736"
"758","2025-08-23 1:39:37.028 PM","1.731"
"759","2025-08-23 1:39:37.029 PM","1.731"
"760","2025-08-23 1:39:37.030 PM","1.731"
"761","2025-08-23 1:39:37.031 PM","1.658"
"762","2025-08-23 1:39:37.032 PM","1.658"
"763","2025-08-23 1:39:37.033 PM","1.658"
"764","2025-08-23 1:39:37.034 PM","1.658"
"765","2025-08-23 1:39:37.035 PM","1.658"
"766","2025-08-23 1:39:37.036 PM","1.658"
"767","2025-08-23 1:39:37.037 PM","1.653"
"768","2025-08-23 1:39:37.038 PM","1.658"
"769","2025-08-23 1:39:37.039 PM","1.653"
"770","2025-08-23 1:39:37.040 PM","1.658"
"771","2025-08-23 1:39:37.041 PM","1.653"
"772","2025-08-23 1:39:37.042 PM","1.653"
"773","2025-08-23 1:39:37.043 PM","1.653"
"774","2025-08-23 1:39:37.044 PM","1.653"
"775","2025-08-23 1:39:37.045 PM","1.653"
"776","2025-08-23 1:39:37.046 PM","1.653"
"777","2025-08-23 1:39:37.047 PM","1.673"
"778","2025-08-23 1:39:37.048 PM","1.673"
"779","2025-08-23 1:39:37.049 PM","1.673"
"780","2025-08-23 1:39:37.050 PM","1.673"
"781","2025-08-23 1:39:37.051 PM","1.673"
"782","2025-08-23 1:39:37.052 PM","1.673"
"783","2025-08-23 1:39:37.053 PM","1.668"
"784","2025-08-23 1:39:37.054 PM","1.668"
"785","2025-08-23 1:39:37.055 PM","1.668"
"786","2025-08-23 1:39:37.056 PM","1.668"
"787","2025-08-23 1:39:37.057 PM","1.668"
"788","2025-08-23 1:39:37.058 PM","1.663"
"789","2025-08-23 1:39:37.059 PM","1.678"
"790","2025-08-23 1:39:37.060 PM","1.678"
"791","2025-08-23 1:39:37.061 PM","1.673"
"792","2025-08-23 1:39:37.062 PM","1.673"
"793","2025-08-23 1:39:37.063 PM","1.673"
"794","2025-08-23 1:39:37.064 PM","1.712"
"795","2025-08-23 1:39:37.065 PM","1.712"
"796","2025-08-23 1:39:37.066 PM","1.707"
"797","2025-08-23 1:39:37.067 PM","1.707"
"798","2025-08-23 1:39:37.068 PM","1.707"
"799","2025-08-23 1:39:37.069 PM","1.712"
"800","2025-08-23 1:39:37.070 PM","1.712"
"801","2025-08-23 1:39:37.071 PM","1.707"
"802","2025-08-23 1:39:37.072 PM","1.707"
"803","2025-08-23 1:39:37.073 PM","1.707"
"804","2025-08-23 1:39:37.074 PM","1.707"
"805","2025-08-23 1:39:37.075 PM","1.707"
"806","2025-08-23 1:39:37.076 PM","1.707"
"807","2025-08-23 1:39:37.077 PM","1.707"
"808","2025-08-23 1:39:37.078 PM","1.707"
"809","2025-08-23 1:39:37.079 PM","1.707"
"810","2025-08-23 1:39:37.080 PM","1.658"
"811","2025-08-23 1:39:37.081 PM","1.658"
"812","2025-08-23 1:39:37.082 PM","1.658"
"813","2025-08-23 1:39:37.083 PM","1.658"
"814","2025-08-23 1:39:37.084 PM","1.658"
"815","2025-08-23 1:39:37.085 PM","1.653"
"816","2025-08-23 1:39:37.086 PM","1.653"
"817","2025-08-23 1:39:37.087 PM","1.648"
"818","2025-08-23 1:39:37.088 PM","1.648"
"819","2025-08-23 1:39:37.089 PM","1.648"
"820","2025-08-23 1:39:37.090 PM","1.648"
"821","2025-08-23 1:39:37.091 PM","1.653"
"822","2025-08-23 1:39:37.092 PM","1.658"
"823","2025-08-23 1:39:37.093 PM","1.663"
"824","2025-08-23 1:39:37.094 PM","1.653"
"825","2025-08-23 1:39:37.095 PM","1.653"
"826","2025-08-23 1:39:37.096 PM","1.653"
"827","2025-08-23 1:39:37.097 PM","1.673"
"828","2025-08-23 1:39:37.098 PM","1.673"
"829","2025-08-23 1:39:37.099 PM","1.673"
"830","2025-08-23 1:39:37.100 PM","1.673"
"831","2025-08-23 1:39:37.101 PM","1.673"
"832","2025-08-23 1:39:37.102 PM","1.673"
"833","2025-08-23 1:39:37.103 PM","1.673"
"834","2025-08-23 1:39:37.104 PM","1.673"
"835","2025-08-23 1:39:37.105 PM","1.673"
"836","2025-08-23 1:39:37.106 PM","1.668"
"837","2025-08-23 1:39:37.107 PM","1.673"
"838","2025-08-23 1:39:37.108 PM","1.668"
"839","2025-08-23 1:39:37.109 PM","1.673"
"840","2025-08-23 1:39:37.110 PM","1.668"
"841","2025-08-23 1:39:37.111 PM","1.673"
"842","2025-08-23 1:39:37.112 PM","1.673"
"843","2025-08-23 1:39:37.113 PM","1.731"
"844","2025-08-23 1:39:37.114 PM","1.731"
"845","2025-08-23 1:39:37.115 PM","1.736"
"846","2025-08-23 1:39:37.116 PM","1.736"
"847","2025-08-23 1:39:37.117 PM","1.731"
"848","2025-08-23 1:39:37.118 PM","1.731"
"849","2025-08-23 1:39:37.119 PM","1.726"
"850","2025-08-23 1:39:37.120 PM","1.726"
"851","2025-08-23 1:39:37.121 PM","1.726"
"852","2025-08-23 1:39:37.122 PM","1.726"
"853","2025-08-23 1:39:37.123 PM","1.717"
"854","2025-08-23 1:39:37.124 PM","1.736"
"855","2025-08-23 1:39:37.125 PM","1.736"
"856","2025-08-23 1:39:37.126 PM","1.741"
"857","2025-08-23 1:39:37.127 PM","1.731"
"858","2025-08-23 1:39:37.128 PM","1.731"
"859","2025-08-23 1:39:37.129 PM","1.731"
"860","2025-08-23 1:39:37.130 PM","1.658"
"861","2025-08-23 1:39:37.131 PM","1.658"
"862","2025-08-23 1:39:37.132 PM","1.658"
"863","2025-08-23 1:39:37.133 PM","1.658"
"864","2025-08-23 1:39:37.134 PM","1.658"
"865","2025-08-23 1:39:37.135 PM","1.658"
"866","2025-08-23 1:39:37.136 PM","1.653"
"867","2025-08-23 1:39:37.137 PM","1.653"
"868","2025-08-23 1:39:37.138 PM","1.658"
"869","2025-08-23 1:39:37.139 PM","1.653"
"870","2025-08-23 1:39:37.140 PM","1.653"
"871","2025-08-23 1:39:37.141 PM","1.653"
"872","2025-08-23 1:39:37.142 PM","1.653"
"873","2025-08-23 1:39:37.143 PM","1.653"
"874","2025-08-23 1:39:37.144 PM","1.653"
"875","2025-08-23 1:39:37.145 PM","1.653"
"876","2025-08-23 1:39:37.146 PM","1.673"
"877","2025-08-23 1:39:37.147 PM","1.673"
"878","2025-08-23 1:39:37.148 PM","1.673"
"879","2025-08-23 1:39:37.149 PM","1.673"
"880","2025-08-23 1:39:37.150 PM","1.678"
"881","2025-08-23 1:39:37.151 PM","1.673"
"882","2025-08-23 1:39:37.152 PM","1.673"
"883","2025-08-23 1:39:37.153 PM","1.668"
"884","2025-08-23 1:39:37.154 PM","1.668"
"885","2025-08-23 1:39:37.155 PM","1.663"
"886","2025-08-23 1:39:37.156 PM","1.678"
"887","2025-08-23 1:39:37.157 PM","1.678"
"888","2025-08-23 1:39:37.158 PM","1.683"
"889","2025-08-23 1:39:37.159 PM","1.683"
"890","2025-08-23 1:39:37.160 PM","1.673"
"891","2025-08-23 1:39:37.161 PM","1.673"
"892","2025-08-23 1:39:37.162 PM","1.673"
"893","2025-08-23 1:39:37.163 PM","1.712"
"894","2025-08-23 1:39:37.164 PM","1.707"
"895","2025-08-23 1:39:37.165 PM","1.712"
"896","2025-08-23 1:39:37.166 PM","1.712"
"897","2025-08-23 1:39:37.167 PM","1.707"
"898","2025-08-23 1:39:37.168 PM","1.712"
"899","2025-08-23 1:39:37.169 PM","1.707"
"900","2025-08-23 1:39:37.170 PM","1.707"
"901","2025-08-23 1:39:37.171 PM","1.707"
"902","2025-08-23 1:39:37.172 PM","1.707"
"903","2025-08-23 1:39:37.173 PM","1.707"
"904","2025-08-23 1:39:37.174 PM","1.707"
"905","2025-08-23 1:39:37.175 PM","1.707"
"906","2025-08-23 1:39:37.176 PM","1.707"
"907","2025-08-23 1:39:37.177 PM","1.707"
"908","2025-08-23 1:39:37.178 PM","1.712"
"909","2025-08-23 1:39:37.179 PM","1.658"
"910","2025-08-23 1:39:37.180 PM","1.658"
"911","2025-08-23 1:39:37.181 PM","1.658"
"912","2025-08-23 1:39:37.182 PM","1.658"
"913","2025-08-23 1:39:37.183 PM","1.653"
"914","2025-08-23 1:39:37.184 PM","1.658"
"915","2025-08-23 1:39:37.185 PM","1.648"
"916","2025-08-23 1:39:37.186 PM","1.648"
"917","2025-08-23 1:39:37.187 PM","1.648"
"918","2025-08-23 1:39:37.188 PM","1.663"
"919","2025-08-23 1:39:37.189 PM","1.663"
"920","2025-08-23 1:39:37.190 PM","1.663"
"921","2025-08-23 1:39:37.191 PM","1.668"
"922","2025-08-23 1:39:37.192 PM","1.663"
"923","2025-08-23 1:39:37.193 PM","1.643"
"924","2025-08-23 1:39:37.194 PM","1.653"
"925","2025-08-23 1:39:37.195 PM","1.658"
"926","2025-08-23 1:39:37.196 PM","1.673"
"927","2025-08-23 1:39:37.197 PM","1.673"
